# 0
1 0 10 interactive
Stage_0 1 1.0 0.0 0.0 0.0 0.0 0.0 200
0
# 1
1 1 20 interactive
Stage_0 1 1.0 0.0 0.0 0.0 0.0 0.0 200
0
# 2
1 2 30 interactive
Stage_0 1 1.0 0.0 0.0 0.0 0.0 0.0 200
0
# 3
1 3 40 interactive
Stage_0 1 1.0 0.0 0.0 0.0 0.0 0.0 200
0
# 4
1 4 50 interactive
Stage_0 1 1.0 0.0 0.0 0.0 0.0 0.0 200
0
# 5
1 5 60 interactive
Stage_0 1 1.0 0.0 0.0 0.0 0.0 0.0 200
0
# 6
1 6 70 interactive
Stage_0 1 1.0 0.0 0.0 0.0 0.0 0.0 200
0
# 7
1 7 80 interactive
Stage_0 1 1.0 0.0 0.0 0.0 0.0 0.0 200
0
# 8
1 8 90 interactive
Stage_0 1 1.0 0.0 0.0 0.0 0.0 0.0 200
0
# 9
1 9 100 interactive
Stage_0 1 1.0 0.0 0.0 0.0 0.0 0.0 200
0
# 10
1 10 0 batch01
Stage_0 1 1.0 0.0 0.0 0.0 0.0 0.0 2000
0
# 11
1 11 10 batch01
Stage_0 1 1.0 0.0 0.0 0.0 0.0 0.0 2000
0
# 12
1 12 20 batch01
Stage_0 1 1.0 0.0 0.0 0.0 0.0 0.0 2000
0
# 13
1 13 30 batch01
Stage_0 1 1.0 0.0 0.0 0.0 0.0 0.0 2000
0
# 14
1 14 40 batch01
Stage_0 1 1.0 0.0 0.0 0.0 0.0 0.0 2000
0
# 15
1 15 5 batch01
Stage_0 1 1.0 0.0 0.0 0.0 0.0 0.0 2000
0
# 16
1 16 15 batch01
Stage_0 1 1.0 0.0 0.0 0.0 0.0 0.0 2000
0
# 17
1 17 25 batch01
Stage_0 1 1.0 0.0 0.0 0.0 0.0 0.0 2000
0
# 18
1 18 35 batch01
Stage_0 1 1.0 0.0 0.0 0.0 0.0 0.0 2000
0
# 19
1 19 45 batch01
Stage_0 1 1.0 0.0 0.0 0.0 0.0 0.0 2000
0
# 20
1 20 0 batch02
Stage_0 1 1.0 0.0 0.0 0.0 0.0 0.0 2000
0
# 21
1 21 10 batch02
Stage_0 1 1.0 0.0 0.0 0.0 0.0 0.0 2000
0
# 22
1 22 20 batch02
Stage_0 1 1.0 0.0 0.0 0.0 0.0 0.0 2000
0
# 23
1 23 30 batch02
Stage_0 1 1.0 0.0 0.0 0.0 0.0 0.0 2000
0
# 24
1 24 40 batch02
Stage_0 1 1.0 0.0 0.0 0.0 0.0 0.0 2000
0
# 25
1 25 5 batch02
Stage_0 1 1.0 0.0 0.0 0.0 0.0 0.0 2000
0
# 26
1 26 15 batch02
Stage_0 1 1.0 0.0 0.0 0.0 0.0 0.0 2000
0
# 27
1 27 25 batch02
Stage_0 1 1.0 0.0 0.0 0.0 0.0 0.0 2000
0
# 28
1 28 35 batch02
Stage_0 1 1.0 0.0 0.0 0.0 0.0 0.0 2000
0
# 29
1 29 45 batch02
Stage_0 1 1.0 0.0 0.0 0.0 0.0 0.0 2000
0
# 30
1 30 0 batch03
Stage_0 1 1.0 0.0 0.0 0.0 0.0 0.0 2000
0
# 31
1 31 10 batch03
Stage_0 1 1.0 0.0 0.0 0.0 0.0 0.0 2000
0
# 32
1 32 20 batch03
Stage_0 1 1.0 0.0 0.0 0.0 0.0 0.0 2000
0
# 33
1 33 30 batch03
Stage_0 1 1.0 0.0 0.0 0.0 0.0 0.0 2000
0
# 34
1 34 40 batch03
Stage_0 1 1.0 0.0 0.0 0.0 0.0 0.0 2000
0
# 35
1 36 5 batch03
Stage_0 1 1.0 0.0 0.0 0.0 0.0 0.0 2000
0
# 36
1 36 15 batch03
Stage_0 1 1.0 0.0 0.0 0.0 0.0 0.0 2000
0
# 37
1 37 25 batch03
Stage_0 1 1.0 0.0 0.0 0.0 0.0 0.0 2000
0
# 38
1 38 35 batch03
Stage_0 1 1.0 0.0 0.0 0.0 0.0 0.0 2000
0
# 39
1 39 45 batch03
Stage_0 1 1.0 0.0 0.0 0.0 0.0 0.0 2000
0
# 40
1 40 0 batch04
Stage_0 1 1.0 0.0 0.0 0.0 0.0 0.0 2000
0
# 41
1 41 10 batch04
Stage_0 1 1.0 0.0 0.0 0.0 0.0 0.0 2000
0
# 42
1 32 20 batch04
Stage_0 1 1.0 0.0 0.0 0.0 0.0 0.0 2000
0
# 43
1 43 30 batch04
Stage_0 1 1.0 0.0 0.0 0.0 0.0 0.0 2000
0
# 44
1 44 40 batch04
Stage_0 1 1.0 0.0 0.0 0.0 0.0 0.0 2000
0
# 45
1 45 5 batch04
Stage_0 1 1.0 0.0 0.0 0.0 0.0 0.0 2000
0
# 46
1 46 15 batch04
Stage_0 1 1.0 0.0 0.0 0.0 0.0 0.0 2000
0
# 47
1 37 25 batch04
Stage_0 1 1.0 0.0 0.0 0.0 0.0 0.0 2000
0
# 48
1 48 35 batch04
Stage_0 1 1.0 0.0 0.0 0.0 0.0 0.0 2000
0
# 49
1 49 45 batch04
Stage_0 1 1.0 0.0 0.0 0.0 0.0 0.0 2000
0