# 0
1 0 0 batch
Stage_0 8 1.0 0.0 0.0 0.0 0.0 0.0 90
0
2
10 10.0
999999 20.0
# 1
1 1 0 interactive
Stage_0 1 1.0 0.0 0.0 0.0 0.0 0.0 90
0
2
10 45.0
999999 1.0
# 2
1 2 0 interactive
Stage_0 1 1.0 0.0 0.0 0.0 0.0 0.0 90
0
2
10 45.0
999999 1.0
# 3
1 3 0 interactive
Stage_0 1 1.0 0.0 0.0 0.0 0.0 0.0 90
0
2
10 45.0
999999 1.0
# 4
1 4 0 interactive
Stage_0 1 1.0 0.0 0.0 0.0 0.0 0.0 90
0
2
10 45.0
999999 1.0
# 5
1 5 0 interactive
Stage_0 1 1.0 0.0 0.0 0.0 0.0 0.0 90
0
2
10 45.0
999999 1.0
# 6
1 6 0 interactive
Stage_0 1 1.0 0.0 0.0 0.0 0.0 0.0 90
0
2
10 45.0
999999 1.0
# 7
1 7 0 interactive
Stage_0 1 1.0 0.0 0.0 0.0 0.0 0.0 90
0
2
10 45.0
999999 1.0