# 0
1 0 0 interactive
Stage_0 1 1.0 0.0 0.0 0.0 0.0 0.0 4000
0
# 1
1 1 10 interactive
Stage_0 1 1.0 0.0 0.0 0.0 0.0 0.0 4000
0
# 2
1 2 20 interactive
Stage_0 1 1.0 0.0 0.0 0.0 0.0 0.0 4000
0
# 3
1 3 30 interactive
Stage_0 1 1.0 0.0 0.0 0.0 0.0 0.0 4000
0
# 4
1 4 40 interactive
Stage_0 1 1.0 0.0 0.0 0.0 0.0 0.0 4000
0
# 5
1 5 50 interactive
Stage_0 1 1.0 0.0 0.0 0.0 0.0 0.0 4000
0
# 6
1 6 60 interactive
Stage_0 1 1.0 0.0 0.0 0.0 0.0 0.0 4000
0
# 7
1 7 70 interactive
Stage_0 1 1.0 0.0 0.0 0.0 0.0 0.0 4000
0
# 8
1 8 80 interactive
Stage_0 1 1.0 0.0 0.0 0.0 0.0 0.0 4000
0
# 9
1 9 90 interactive
Stage_0 1 1.0 0.0 0.0 0.0 0.0 0.0 4000
0
# 10
1 10 0 batch01
Stage_0 1 1.0 0.0 0.0 0.0 0.0 0.0 2000
0
# 11
1 11 1 batch01
Stage_0 1 1.0 0.0 0.0 0.0 0.0 0.0 2000
0
# 12
1 12 2 batch01
Stage_0 1 1.0 0.0 0.0 0.0 0.0 0.0 2000
0
# 13
1 13 3 batch01
Stage_0 1 1.0 0.0 0.0 0.0 0.0 0.0 2000
0
# 14
1 14 4 batch01
Stage_0 1 1.0 0.0 0.0 0.0 0.0 0.0 2000
0
# 15
1 15 5 batch01
Stage_0 1 1.0 0.0 0.0 0.0 0.0 0.0 2000
0
# 16
1 16 6 batch01
Stage_0 1 1.0 0.0 0.0 0.0 0.0 0.0 2000
0
# 17
1 17 7 batch01
Stage_0 1 1.0 0.0 0.0 0.0 0.0 0.0 2000
0
# 18
1 18 8 batch01
Stage_0 1 1.0 0.0 0.0 0.0 0.0 0.0 2000
0
# 19
1 19 9 batch01
Stage_0 1 1.0 0.0 0.0 0.0 0.0 0.0 2000
0
# 20
1 20 0 batch02
Stage_0 1 1.0 0.0 0.0 0.0 0.0 0.0 2000
0
# 21
1 21 1 batch02
Stage_0 1 1.0 0.0 0.0 0.0 0.0 0.0 2000
0
# 22
1 22 2 batch02
Stage_0 1 1.0 0.0 0.0 0.0 0.0 0.0 2000
0
# 23
1 23 3 batch02
Stage_0 1 1.0 0.0 0.0 0.0 0.0 0.0 2000
0
# 24
1 24 4 batch02
Stage_0 1 1.0 0.0 0.0 0.0 0.0 0.0 2000
0
# 25
1 25 5 batch02
Stage_0 1 1.0 0.0 0.0 0.0 0.0 0.0 2000
0
# 26
1 26 6 batch02
Stage_0 1 1.0 0.0 0.0 0.0 0.0 0.0 2000
0
# 27
1 27 7 batch02
Stage_0 1 1.0 0.0 0.0 0.0 0.0 0.0 2000
0
# 28
1 28 8 batch02
Stage_0 1 1.0 0.0 0.0 0.0 0.0 0.0 2000
0
# 29
1 29 9 batch02
Stage_0 1 1.0 0.0 0.0 0.0 0.0 0.0 2000
0
# 30
1 30 0 batch03
Stage_0 1 1.0 0.0 0.0 0.0 0.0 0.0 2000
0
# 31
1 31 1 batch03
Stage_0 1 1.0 0.0 0.0 0.0 0.0 0.0 2000
0
# 32
1 32 2 batch03
Stage_0 1 1.0 0.0 0.0 0.0 0.0 0.0 2000
0
# 33
1 33 3 batch03
Stage_0 1 1.0 0.0 0.0 0.0 0.0 0.0 2000
0
# 34
1 34 4 batch03
Stage_0 1 1.0 0.0 0.0 0.0 0.0 0.0 2000
0
# 35
1 36 5 batch03
Stage_0 1 1.0 0.0 0.0 0.0 0.0 0.0 2000
0
# 36
1 36 6 batch03
Stage_0 1 1.0 0.0 0.0 0.0 0.0 0.0 2000
0
# 37
1 37 7 batch03
Stage_0 1 1.0 0.0 0.0 0.0 0.0 0.0 2000
0
# 38
1 38 8 batch03
Stage_0 1 1.0 0.0 0.0 0.0 0.0 0.0 2000
0
# 39
1 39 9 batch03
Stage_0 1 1.0 0.0 0.0 0.0 0.0 0.0 2000
0
# 40
1 40 0 batch04
Stage_0 1 1.0 0.0 0.0 0.0 0.0 0.0 2000
0
# 41
1 41 1 batch04
Stage_0 1 1.0 0.0 0.0 0.0 0.0 0.0 2000
0
# 42
1 32 2 batch04
Stage_0 1 1.0 0.0 0.0 0.0 0.0 0.0 2000
0
# 43
1 43 3 batch04
Stage_0 1 1.0 0.0 0.0 0.0 0.0 0.0 2000
0
# 44
1 44 4 batch04
Stage_0 1 1.0 0.0 0.0 0.0 0.0 0.0 2000
0
# 45
1 45 5 batch04
Stage_0 1 1.0 0.0 0.0 0.0 0.0 0.0 2000
0
# 46
1 46 6 batch04
Stage_0 1 1.0 0.0 0.0 0.0 0.0 0.0 2000
0
# 47
1 37 7 batch04
Stage_0 1 1.0 0.0 0.0 0.0 0.0 0.0 2000
0
# 48
1 48 8 batch04
Stage_0 1 1.0 0.0 0.0 0.0 0.0 0.0 2000
0
# 49
1 49 9 batch04
Stage_0 1 1.0 0.0 0.0 0.0 0.0 0.0 2000
0