# 0 user1-6 0.9 536.4368751049042,1343.8368322849274
1 0 1 0 queue0 
stage -1.0 20.0 4 536 1 2 1343 1
0
# 1 user1-6 0.4 1053.8720319271088,628.315648317337
1 1 1 0 queue1
stage -1.0 20.0 4 1053 1 2 628 1
0
# 2 user2-7 3 4316.7904686927795,1431.2099680900574
1 2 1 0 queue2
stage -1.0 20.0 6 4316 1 2 1431 1
0
# 3 user3-13 2 3701.2632076740265,601.3059234619141
1 3 1 0 queue3
stage -1.0 20.0 6 3701 1 2 601 1
0
# 4 user1-6 0.9 517.3183822631836,1465.8925535678864
1 4 1 0 queue0 
stage -1.0 20.0 4 517 1 2 1465 1
0
# 5 user3-14 2 5731.094521522522,785.5949397087098
1 5 1 0 queue1
stage -1.0 20.0 4 5731 1 2 785 1
0
# 6 user2-8 1.4 4872.814284801483,849.5373675823212
1 6 1 0 queue2
stage -1.0 20.0 6 4872 1 2 849 1
0
# 7 user3-13 2 3786.4237582683563,583.902485370636
1 7 1 0 queue3
stage -1.0 20.0 7 3786 1 2 583 1
0
# 8 user1-6 0.9 614.0721702575684,1440.9778571128845
1 8 1 0 queue0 
stage -1.0 20.0 4 614 1 2 1440 1
0
# 9 user3-12 3 4089.112067461014,702.9631848335266
1 9 1 0 queue1
stage -1.0 20.0 4 4089 1 2 702 1
0
# 10 user2-9 1 6350.621600627899,887.4717140197753
1 10 1 0 queue2
stage -1.0 20.0 4 6350 1 2 887 1
0
# 11 user3-13 2 3695.838016271591,462.11362528800964
1 11 1 0 queue3
stage -1.0 20.0 7 3695 1 2 462 1
0
# 12 user1-6 0.9 661.0217392444611,1469.4782886505127
1 12 1 0 queue0 
stage -1.0 20.0 4 661 1 2 1469 1
0
# 13 user2-7 2 3263.6696052551274,942.0417993068695
1 13 1 0 queue1 
stage -1.0 20.0 6 3263 1 2 942 1
0
# 14 user2-7 2 3209.7086153030396,992.9103627204896
1 14 1 0 queue2
stage -1.0 20.0 7 3209 1 2 992 1
0
# 15 user3-15 1.6 7531.747610807419,791.1779720783234
1 15 1 0 queue3
stage -1.0 20.0 4 7531 1 2 791 1
0
# 16 user1-6 0.9 222.31497740745544,1452.2652835845947
1 16 1 0 queue0 
stage -1.0 20.0 4 222 1 2 1452 1
0
# 17 user2-7 2 3330.506265878678,860.6951591968536
1 17 1 0 queue1
stage -1.0 20.0 6 3330 1 2 860 1
0
# 18 user1-4 2 1284.7785391807556,529.3203692436218
1 18 1 0 queue2
stage -1.0 20.0 6 1284 1 2 529 1
0
# 19 user3-15 1.6 6454.683971643448,814.0678720474243
1 19 1 0 queue3
stage -1.0 20.0 4 6454 1 2 814 1
0
# 20 user1-6 0.9 2640.3785705566406,1410.4088687896729
1 20 1 0 queue0 
stage -1.0 20.0 4 2640 1 2 1410 1
0
# 21 user2-7 2 3309.27987408638,868.6516335010529
1 21 1 0 queue1
stage -1.0 20.0 6 3309 1 2 868 1
0
# 22 user1-3 3 2375.55792593956,945.867803812027
1 22 1 0 queue2
stage -1.0 20.0 6 2375 1 2 945 1
0
# 23 user2-9 1 5406.2040758132935,924.2968471050262
1 23 1 0 queue3
stage -1.0 20.0 6 5406 1 2 924 1
0
# 24 user1-6 0.9  2679.897170305252,1403.55202460289
1 24 1 0 queue0
stage -1.0 20.0 4 2679 1 2 1403 1
0
# 25 user1-5 1 2495.9413528442383,789.6891095638274
1 25 1 0 queue1
stage -1.0 20.0 4 2495 1 2 789 1
0
# 26 user1-5 2 5097.9866065979,1410.1708085536957
1 26 1 0 queue2
stage -1.0 20.0 6 5097 1 2 1410 1
0
# 27 user2-9 1 5379.639116764069,871.5248780250549
1 27 1 0 queue3
stage -1.0 20.0 7 5379 1 2 871 1
0
# 28 user1-6 0.9 2726.2029292583466,1408.075724363327
1 28 1 0 queue0
stage -1.0 20.0 4 2726 1 2 1408 1
0
# 29 user1-5 1 2631.312819480896,795.4029986858368
1 29 1 0 queue1 
stage -1.0 20.0 4 2631 1 2 795 1
0
# 30 user1-5 2 4981.92769908905,1528.3741827011108
1 30 1 0 queue2
stage -1.0 20.0 4 4981 1 2 1528 1
0
# 31 user2-8 2 5553.977596282959,1255.9287331104279
1 31 1 0 queue3
stage -1.0 20.0 7 5553 1 2 1255 1
0
# 32 user1-6 0.9  2620.398989677429,1526.1557383537292
1 32 1 0 queue0
stage -1.0 20.0 4 2620 1 2 1526 1
0
# 33 user1-5 1 2506.83326792717,773.6800854206085
1 33 1 0 queue1
stage -1.0 20.0 6 2506 1 2 773 1
0
# 34 user2-7 2 3255.00492310524,1024.7329738140106
1 34 1 0 queue2
stage -1.0 20.0 7 3255 1 2 1024 1
0
# 35 user1-3 1.3 743.1075782775879,317.54218077659607
1 35 1 0 queue3
stage -1.0 20.0 7 743 1 2 317 1
0
# 36 user1-4 1 597.2401170730591,247.2638328075409
1 36 1 0 queue0
stage -1.0 20.0 4 597 1 2 247 1
0
# 37 user1-5 2 5156.2737510204315,1750.9140808582306
1 37 1 0 queue1
stage -1.0 20.0 4 5156 1 2 1750 1
0
# 38 user1-4 1.2 507.6241571903229,390.1764430999756
1 38 1 0 queue2
stage -1.0 20.0 6 507 1 2 390 1
0
# 39 user2-11 0.25 5020.023341655731,730.6251327991486
1 39 1 0 queue3
stage -1.0 20.0 4 5020 1 2 730 1
0