# 0 user3-30 1 159.7864268620809,515.3344617684681
1 0 1 0 queue0
stage -1.0 20.0 3 159 1 2 515 1
0
# 1 user4-34 1 473.8240377108256,326.18199666341144
1 1 1 0 queue1
stage -1.0 20.0 16 473 1 2 326 1
0
# 2 user3-30 3 237.2645467122397,1102.6104420820873
1 2 1 0 queue2
stage -1.0 20.0 9 2108 1 2 1102 1
0
# 3 user4-34 1 7476.30248093605,698.4935805797577
1 3 1 0 queue3
stage -1.0 20.0 7 7476 1 2 282 1
0
# 4 user1-10 1  37.46692252159119,282.45838793118793
1 4 1 0 queue0
stage -1.0 20.0 4 37 1 2 282 1
0
# 5 user4-35 1 7508.083253781001,864.7839140892029
1 5 1 0 queue1
stage -1.0 20.0 16 7308 1 2 864 1
0
# 6 user3-30 3 2108.898614088694,1025.1057811578116
1 6 1 0 queue2
stage -1.0 20.0 8 1522 1 2 1170 1
0
# 7 user4-35 1 6554.0443823337555,698.7184955279032
1 7 1 0 queue3
stage -1.0 20.0 7 6454 1 2 698 1
0
# 8 user4-39 1 200.67930436134338,320.82962560653687,
1 8 1 0 queue0
stage -1.0 20.0 7 200 1 2 320 1
0
# 9 user3-23 1 5495.0257999897,870.5584190686543
1 9 1 0 queue1
stage -1.0 20.0 16 6350 1 2 887 1
0
# 10 user3-30 3 2086.6181058088937,1104.030908425649
1 10 1 0 queue2
stage -1.0 20.0 8 1522 1 2 1170 1
0
# 11 user3-23 1 5548.874968290329,854.5587663650513
1 11 1 0 queue3
stage -1.0 20.0 7 5584 1 2 875 1
0
# 12 user2-11 1 651.060617049535,616.8898499806722
1 12 1 0 queue0
stage -1.0 20.0 24 651 1 2 616 1
0
# 13 user2-12 1 5614.053811470668,633.7288099129995
1 13 1 0 queue1
stage -1.0 20.0 16 5614 1 2 633 1
0
# 14 user3-30 3 2315.0650958220162,1256.0355260372162
1 14 1 0 queue2
stage -1.0 20.0 8 2315 1 2 1256 1
0
# 15 user2-12 1 5596.372639338176,710.2400965690613
1 15 1 0 queue3
stage -1.0 20.0 7 5596 1 2 710 1
0
# 16 user3-30 1 786.5151076316833,312.7621512413025
1 16 1 0 queue0
stage -1.0 20.0 41 786 1 2 312 1
0
# 17 user4-33 1 3653.2805504798894,559.8414305051168
1 17 1 0 queue1
stage -1.0 20.0 16 3653 1 2 5591 1
0
# 18 user3-30 3 2160.069667339325,1174.0120678742726
1 18 1 0 queue2
stage -1.0 20.0 8 2160 1 2 1174 1
0
# 19 user4-33 1 3740.016462643941,555.2186484336853
1 19 1 0 queue3
stage -1.0 20.0 7 3740 1 2 555 1
0
# 20 user3-30 1 714.8508973916372,398.24436203638714
1 20 1 0 queue0
stage -1.0 20.0 6 714 1 2 398 1
0
# 21 user4-33 1 3743.06333955129,555.9843015670776
1 21 1 0 queue1
stage -1.0 20.0 16 3743 1 2 555 1
0
# 22 user3-30 3 2262.51482796669,1103.8738586107888
1 22 1 0 queue2
stage -1.0 20.0 8 1522 1 2 1170 1
0
# 23 user4-33 1 3735.9917244911194,624.9815891583761
1 23 1 0 queue3
stage -1.0 20.0 7 3735 1 2 624 1
0
# 24 user4-39 1 784.9402435620625,481.8428535461426
1 24 1 0 queue0
stage -1.0 20.0 3 784 1 2 481 1
0
# 25 user4-33 1 3714.6010621388755,546.4369537830353
1 25 1 0 queue1
stage -1.0 20.0 16 3714 1 2 546 1
0
# 26 user3-30 3 2107.1474504470825,1182.5763675371807
1 26 1 0 queue2
stage -1.0 20.0 8 2107 1 2 1182 1
0
# 27 user4-35 1  7543.284046888351,771.5187220573425
1 27 1 0 queue3
stage -1.0 20.0 7 7543 1 2 771 1
0
# 28 user2-11 1 1204.1364233493805,625.8393000761668
1 28 1 0 queue0
stage -1.0 20.0 7 1204 1 2 628 1
0
# 29 user4-33 1 3735.5751978556314,541.0640748341879
1 29 1 0 queue1
stage -1.0 20.0 16 3735 1 2 541 1
0
# 30 user3-30 3 2188.6634318828583,1021.2259946664174
1 30 1 0 queue2
stage -1.0 20.0 8 2188 1 2 1021 1
0
# 31 user3-23 1 5415.24479262034,1020.8230357170105
1 31 1 0 queue3
stage -1.0 20.0 7 5415 1 2 1020 1
0
# 32 user3-30 1  770.5180261135101,397.96933166186017
1 32 1 0 queue0
stage -1.0 20.0 24 770 1 2 397 1
0
# 33 user4-33 1 3740.2863643964133,556.0839344660441
1 33 1 0 queue1 
stage -1.0 20.0 16 3740 1 2 556 1
0
# 34 user3-30 3 2189.9441459973655,1167.6235218842826
1 34 1 0 queue2
stage -1.0 20.0 8 2189 1 2 1167 1
0
# 35 user2-12 1 5710.757257382074,790.4279087384541
1 35 1 0 queue3
stage -1.0 20.0 7 5710 1 2 790 1
0
# 36 user1-10 1 473.8240377108256,326.18199666341144
1 36 1 0 queue0
stage -1.0 20.0 41 473 1 2 326 1
0
# 37 user4-33 1 3727.2673490047455,464.5710349877675
1 37 1 0 queue1
stage -1.0 20.0 16 3727 1 2 464 1
0
# 38 user3-30 3 2181.8730832735696,1102.4279785950978
1 38 1 0 queue2
stage -1.0 20.0 41 2181 1 2 1102 1
0
# 39 user4-33 1 3736.1552488803864,550.8396159807842
1 39 1 0 queue3
stage -1.0 20.0 7 3736 1 2 550 1
0
