# 0
1 0 1 2 queue0
stage -1.0 32.0 5 90 1 2 293 1
0
# 1
1 1 1 3 queue1
stage -1.0 32.0 6 60 1 2 192 1
0
# 2
1 2 1 3 queue2
stage -1.0 32.0 6 134 1 2 381 1
0
# 3
1 3 1 3 queue3
stage -1.0 32.0 3 42 1 2 80 1
0
# 4
1 4 1 3 queue4
stage -1.0 32.0 6 63 1 2 196 1
0
# 5
1 5 1 3 queue5
stage -1.0 32.0 15 55 1 2 152 1
0
# 6
1 6 1 3 queue6
stage -1.0 32.0 15 167 1 2 396 1
0
# 7
1 7 1 3 queue7
stage -1.0 32.0 1 104 1 2 285 1
0
# 8
1 8 1 4 queue8
stage -1.0 32.0 1 61 1 2 151 1
0
# 9
1 9 1 4 queue9
stage -1.0 32.0 12 180 1 2 359 1
0
# 10
1 10 1 4 queue10
stage -1.0 32.0 7 196 1 2 400 1
0
# 11
1 11 1 4 queue11
stage -1.0 32.0 4 221 1 2 400 1
0
# 12
1 12 1 4 queue12
stage -1.0 32.0 15 184 1 2 400 1
0
# 13
1 13 1 4 queue13
stage -1.0 32.0 5 181 1 2 400 1
0
# 14
1 14 1 4 queue14
stage -1.0 32.0 3 193 1 2 400 1
0
# 15
1 15 1 5 queue15
stage -1.0 32.0 9 180 1 2 400 1
0
# 16
1 16 1 5 queue16
stage -1.0 32.0 3 132 1 2 294 1
0
# 17
1 17 1 6 queue17
stage -1.0 32.0 12 203 1 2 400 1
0
# 18
1 18 1 6 queue18
stage -1.0 32.0 2 199 1 2 400 1
0
# 19
1 19 1 6 queue19
stage -1.0 32.0 11 193 1 2 400 1
0
# 20
1 20 1 6 queue0
stage -1.0 32.0 10 142 1 2 400 1
0
# 21
1 21 1 8 queue1
stage -1.0 32.0 7 84 1 2 383 1
0
# 22
1 22 1 8 queue2
stage -1.0 32.0 13 100 1 2 292 1
0
# 23
1 23 1 10 queue3
stage -1.0 32.0 9 51 1 2 108 1
0
# 24
1 24 1 10 queue4
stage -1.0 32.0 13 60 1 2 127 1
0
# 25
1 25 1 10 queue5
stage -1.0 32.0 9 143 1 2 359 1
0
# 26
1 26 1 10 queue6
stage -1.0 32.0 7 62 1 2 161 1
0
# 27
1 27 1 10 queue7
stage -1.0 32.0 3 78 1 2 195 1
0
# 28
1 28 1 11 queue8
stage -1.0 32.0 7 97 1 2 211 1
0
# 29
1 29 1 11 queue9
stage -1.0 32.0 10 128 1 2 400 1
0
# 30
1 30 1 11 queue10
stage -1.0 32.0 15 208 1 2 400 1
0
# 31
1 31 1 11 queue11
stage -1.0 32.0 12 211 1 2 400 1
0
# 32
1 32 1 11 queue12
stage -1.0 32.0 3 187 1 2 400 1
0
# 33
1 33 1 11 queue13
stage -1.0 32.0 10 145 1 2 318 1
0
# 34
1 34 1 11 queue14
stage -1.0 32.0 6 202 1 2 400 1
0
# 35
1 35 1 12 queue15
stage -1.0 32.0 10 234 1 2 400 1
0
# 36
1 36 1 12 queue16
stage -1.0 32.0 8 210 1 2 400 1
0
# 37
1 37 1 12 queue17
stage -1.0 32.0 8 254 1 2 400 1
0
# 38
1 38 1 14 queue18
stage -1.0 32.0 16 246 1 2 400 1
0
# 39
1 39 1 14 queue19
stage -1.0 32.0 6 178 1 2 400 1
0
# 40
1 40 1 14 queue0
stage -1.0 32.0 1 121 1 2 374 1
0
# 41
1 41 1 14 queue1
stage -1.0 32.0 8 159 1 2 400 1
0
# 42
1 42 1 14 queue2
stage -1.0 32.0 7 79 1 2 164 1
0
# 43
1 43 1 15 queue3
stage -1.0 32.0 4 41 1 2 124 1
0
# 44
1 44 1 16 queue4
stage -1.0 32.0 9 93 1 2 248 1
0
# 45
1 45 1 16 queue5
stage -1.0 32.0 15 71 1 2 228 1
0
# 46
1 46 1 18 queue6
stage -1.0 32.0 15 91 1 2 252 1
0
# 47
1 47 1 19 queue7
stage -1.0 32.0 9 94 1 2 213 1
0
# 48
1 48 1 22 queue8
stage -1.0 32.0 16 65 1 2 305 1
0
# 49
1 49 1 22 queue9
stage -1.0 32.0 8 144 1 2 400 1
0
# 50
1 50 1 22 queue10
stage -1.0 32.0 10 200 1 2 355 1
0
# 51
1 51 1 23 queue11
stage -1.0 32.0 15 215 1 2 400 1
0
# 52
1 52 1 23 queue12
stage -1.0 32.0 12 214 1 2 344 1
0
# 53
1 53 1 23 queue13
stage -1.0 32.0 4 229 1 2 400 1
0
# 54
1 54 1 26 queue14
stage -1.0 32.0 10 197 1 2 357 1
0
# 55
1 55 1 26 queue15
stage -1.0 32.0 12 213 1 2 400 1
0
# 56
1 56 1 26 queue16
stage -1.0 32.0 10 208 1 2 400 1
0
# 57
1 57 1 28 queue17
stage -1.0 32.0 11 230 1 2 400 1
0
# 58
1 58 1 32 queue18
stage -1.0 32.0 3 185 1 2 400 1
0
# 59
1 59 1 33 queue19
stage -1.0 32.0 8 194 1 2 400 1
0
# 60
1 60 1 33 queue0
stage -1.0 32.0 9 136 1 2 258 1
0
# 61
1 61 1 33 queue1
stage -1.0 32.0 6 45 1 2 135 1
0
# 62
1 62 1 33 queue2
stage -1.0 32.0 7 156 1 2 289 1
0
# 63
1 63 1 33 queue3
stage -1.0 32.0 14 69 1 2 185 1
0
# 64
1 64 1 34 queue4
stage -1.0 32.0 6 126 1 2 400 1
0
# 65
1 65 1 35 queue5
stage -1.0 32.0 1 122 1 2 364 1
0
# 66
1 66 1 39 queue6
stage -1.0 32.0 3 94 1 2 219 1
0
# 67
1 67 1 39 queue7
stage -1.0 32.0 4 159 1 2 400 1
0
# 68
1 68 1 39 queue8
stage -1.0 32.0 9 73 1 2 268 1
0
# 69
1 69 1 39 queue9
stage -1.0 32.0 5 73 1 2 193 1
0
# 70
1 70 1 40 queue10
stage -1.0 32.0 4 214 1 2 400 1
0
# 71
1 71 1 42 queue11
stage -1.0 32.0 16 206 1 2 400 1
0
# 72
1 72 1 42 queue12
stage -1.0 32.0 1 195 1 2 400 1
0
# 73
1 73 1 44 queue13
stage -1.0 32.0 1 200 1 2 400 1
0
# 74
1 74 1 44 queue14
stage -1.0 32.0 3 187 1 2 400 1
0
# 75
1 75 1 44 queue15
stage -1.0 32.0 7 219 1 2 400 1
0
# 76
1 76 1 44 queue16
stage -1.0 32.0 13 183 1 2 400 1
0
# 77
1 77 1 44 queue17
stage -1.0 32.0 4 207 1 2 361 1
0
# 78
1 78 1 44 queue18
stage -1.0 32.0 6 158 1 2 400 1
0
# 79
1 79 1 44 queue19
stage -1.0 32.0 13 193 1 2 400 1
0
# 80
1 80 1 44 queue0
stage -1.0 32.0 3 86 1 2 341 1
0
# 81
1 81 1 44 queue1
stage -1.0 32.0 3 101 1 2 220 1
0
# 82
1 82 1 44 queue2
stage -1.0 32.0 7 55 1 2 192 1
0
# 83
1 83 1 45 queue3
stage -1.0 32.0 10 40 1 2 108 1
0
# 84
1 84 1 45 queue4
stage -1.0 32.0 9 51 1 2 194 1
0
# 85
1 85 1 45 queue5
stage -1.0 32.0 13 86 1 2 184 1
0
# 86
1 86 1 45 queue6
stage -1.0 32.0 2 71 1 2 241 1
0
# 87
1 87 1 46 queue7
stage -1.0 32.0 8 109 1 2 314 1
0
# 88
1 88 1 46 queue8
stage -1.0 32.0 3 160 1 2 400 1
0
# 89
1 89 1 47 queue9
stage -1.0 32.0 13 41 1 2 140 1
0
# 90
1 90 1 47 queue10
stage -1.0 32.0 8 175 1 2 400 1
0
# 91
1 91 1 48 queue11
stage -1.0 32.0 8 164 1 2 400 1
0
# 92
1 92 1 50 queue12
stage -1.0 32.0 2 221 1 2 400 1
0
# 93
1 93 1 51 queue13
stage -1.0 32.0 7 193 1 2 400 1
0
# 94
1 94 1 51 queue14
stage -1.0 32.0 11 151 1 2 400 1
0
# 95
1 95 1 51 queue15
stage -1.0 32.0 5 191 1 2 400 1
0
# 96
1 96 1 51 queue16
stage -1.0 32.0 4 190 1 2 400 1
0
# 97
1 97 1 52 queue17
stage -1.0 32.0 2 196 1 2 400 1
0
# 98
1 98 1 53 queue18
stage -1.0 32.0 9 202 1 2 400 1
0
# 99
1 99 1 53 queue19
stage -1.0 32.0 9 201 1 2 400 1
0
# 100
1 100 1 53 queue0
stage -1.0 32.0 9 92 1 2 400 1
0
# 101
1 101 1 57 queue1
stage -1.0 32.0 13 167 1 2 128 1
0
# 102
1 102 1 58 queue2
stage -1.0 32.0 6 102 1 2 400 1
0
# 103
1 103 1 58 queue3
stage -1.0 32.0 16 59 1 2 50 1
0
# 104
1 104 1 58 queue4
stage -1.0 32.0 3 116 1 2 216 1
0
# 105
1 105 1 58 queue5
stage -1.0 32.0 9 57 1 2 57 1
0
# 106
1 106 1 58 queue6
stage -1.0 32.0 14 51 1 2 223 1
0
# 107
1 107 1 58 queue7
stage -1.0 32.0 10 112 1 2 223 1
0
# 108
1 108 1 59 queue8
stage -1.0 32.0 9 70 1 2 128 1
0
# 109
1 109 1 59 queue9
stage -1.0 32.0 14 62 1 2 400 1
0
# 110
1 110 1 59 queue10
stage -1.0 32.0 2 201 1 2 335 1
0
# 111
1 111 1 59 queue11
stage -1.0 32.0 13 178 1 2 195 1
0
# 112
1 112 1 59 queue12
stage -1.0 32.0 11 236 1 2 400 1
0
# 113
1 113 1 59 queue13
stage -1.0 32.0 4 196 1 2 379 1
0
# 114
1 114 1 59 queue14
stage -1.0 32.0 5 221 1 2 251 1
0
# 115
1 115 1 59 queue15
stage -1.0 32.0 14 209 1 2 304 1
0
# 116
1 116 1 60 queue16
stage -1.0 32.0 2 204 1 2 400 1
0
# 117
1 117 1 64 queue17
stage -1.0 32.0 9 200 1 2 205 1
0
# 118
1 118 1 64 queue18
stage -1.0 32.0 12 179 1 2 400 1
0
# 119
1 119 1 64 queue19
stage -1.0 32.0 3 229 1 2 235 1
0
# 120
1 120 1 66 queue0
stage -1.0 32.0 5 68 1 2 146 1
0
# 121
1 121 1 66 queue1
stage -1.0 32.0 7 89 1 2 313 1
0
# 122
1 122 1 66 queue2
stage -1.0 32.0 7 154 1 2 123 1
0
# 123
1 123 1 66 queue3
stage -1.0 32.0 12 66 1 2 249 1
0
# 124
1 124 1 66 queue4
stage -1.0 32.0 9 66 1 2 227 1
0
# 125
1 125 1 67 queue5
stage -1.0 32.0 12 57 1 2 86 1
0
# 126
1 126 1 67 queue6
stage -1.0 32.0 6 47 1 2 90 1
0
# 127
1 127 1 67 queue7
stage -1.0 32.0 16 42 1 2 84 1
0
# 128
1 128 1 67 queue8
stage -1.0 32.0 3 76 1 2 123 1
0
# 129
1 129 1 68 queue9
stage -1.0 32.0 10 141 1 2 400 1
0
# 130
1 130 1 68 queue10
stage -1.0 32.0 15 168 1 2 354 1
0
# 131
1 131 1 68 queue11
stage -1.0 32.0 15 169 1 2 370 1
0
# 132
1 132 1 69 queue12
stage -1.0 32.0 7 202 1 2 400 1
0
# 133
1 133 1 69 queue13
stage -1.0 32.0 15 195 1 2 321 1
0
# 134
1 134 1 69 queue14
stage -1.0 32.0 13 217 1 2 400 1
0
# 135
1 135 1 70 queue15
stage -1.0 32.0 12 187 1 2 284 1
0
# 136
1 136 1 70 queue16
stage -1.0 32.0 10 194 1 2 400 1
0
# 137
1 137 1 72 queue17
stage -1.0 32.0 9 191 1 2 181 1
0
# 138
1 138 1 72 queue18
stage -1.0 32.0 9 221 1 2 400 1
0
# 139
1 139 1 72 queue19
stage -1.0 32.0 14 228 1 2 318 1
0
# 140
1 140 1 73 queue0
stage -1.0 32.0 7 78 1 2 133 1
0
# 141
1 141 1 73 queue1
stage -1.0 32.0 5 76 1 2 84 1
0
# 142
1 142 1 74 queue2
stage -1.0 32.0 15 41 1 2 50 1
0
# 143
1 143 1 76 queue3
stage -1.0 32.0 9 116 1 2 376 1
0
# 144
1 144 1 76 queue4
stage -1.0 32.0 13 42 1 2 79 1
0
# 145
1 145 1 76 queue5
stage -1.0 32.0 2 64 1 2 44 1
0
# 146
1 146 1 77 queue6
stage -1.0 32.0 15 51 1 2 70 1
0
# 147
1 147 1 77 queue7
stage -1.0 32.0 4 71 1 2 400 1
0
# 148
1 148 1 77 queue8
stage -1.0 32.0 8 117 1 2 223 1
0
# 149
1 149 1 77 queue9
stage -1.0 32.0 4 153 1 2 161 1
0
# 150
1 150 1 77 queue10
stage -1.0 32.0 13 222 1 2 400 1
0
# 151
1 151 1 78 queue11
stage -1.0 32.0 4 171 1 2 400 1
0
# 152
1 152 1 79 queue12
stage -1.0 32.0 16 162 1 2 126 1
0
# 153
1 153 1 79 queue13
stage -1.0 32.0 3 210 1 2 367 1
0
# 154
1 154 1 79 queue14
stage -1.0 32.0 11 210 1 2 148 1
0
# 155
1 155 1 80 queue15
stage -1.0 32.0 13 238 1 2 400 1
0
# 156
1 156 1 80 queue16
stage -1.0 32.0 16 171 1 2 400 1
0
# 157
1 157 1 80 queue17
stage -1.0 32.0 8 204 1 2 400 1
0
# 158
1 158 1 81 queue18
stage -1.0 32.0 14 184 1 2 360 1
0
# 159
1 159 1 81 queue19
stage -1.0 32.0 6 205 1 2 400 1
0
# 160
1 160 1 81 queue0
stage -1.0 32.0 11 109 1 2 400 1
0
# 161
1 161 1 82 queue1
stage -1.0 32.0 10 58 1 2 205 1
0
# 162
1 162 1 82 queue2
stage -1.0 32.0 12 149 1 2 90 1
0
# 163
1 163 1 82 queue3
stage -1.0 32.0 4 99 1 2 135 1
0
# 164
1 164 1 84 queue4
stage -1.0 32.0 10 47 1 2 106 1
0
# 165
1 165 1 84 queue5
stage -1.0 32.0 15 64 1 2 59 1
0
# 166
1 166 1 88 queue6
stage -1.0 32.0 6 81 1 2 71 1
0
# 167
1 167 1 89 queue7
stage -1.0 32.0 11 71 1 2 65 1
0
# 168
1 168 1 89 queue8
stage -1.0 32.0 16 59 1 2 158 1
0
# 169
1 169 1 89 queue9
stage -1.0 32.0 2 125 1 2 176 1
0
# 170
1 170 1 92 queue10
stage -1.0 32.0 7 203 1 2 341 1
0
# 171
1 171 1 93 queue11
stage -1.0 32.0 8 187 1 2 207 1
0
# 172
1 172 1 95 queue12
stage -1.0 32.0 12 183 1 2 400 1
0
# 173
1 173 1 98 queue13
stage -1.0 32.0 3 160 1 2 154 1
0
# 174
1 174 1 98 queue14
stage -1.0 32.0 11 207 1 2 358 1
0
# 175
1 175 1 98 queue15
stage -1.0 32.0 11 213 1 2 199 1
0
# 176
1 176 1 98 queue16
stage -1.0 32.0 16 166 1 2 400 1
0
# 177
1 177 1 98 queue17
stage -1.0 32.0 13 189 1 2 400 1
0
# 178
1 178 1 98 queue18
stage -1.0 32.0 8 182 1 2 320 1
0
# 179
1 179 1 98 queue19
stage -1.0 32.0 15 201 1 2 400 1
0
# 180
1 180 1 98 queue0
stage -1.0 32.0 9 89 1 2 137 1
0
# 181
1 181 1 98 queue1
stage -1.0 32.0 4 71 1 2 182 1
0
# 182
1 182 1 99 queue2
stage -1.0 32.0 4 76 1 2 117 1
0
# 183
1 183 1 99 queue3
stage -1.0 32.0 15 77 1 2 79 1
0
# 184
1 184 1 99 queue4
stage -1.0 32.0 16 68 1 2 115 1
0
# 185
1 185 1 100 queue5
stage -1.0 32.0 15 123 1 2 290 1
0
# 186
1 186 1 100 queue6
stage -1.0 32.0 2 95 1 2 203 1
0
# 187
1 187 1 100 queue7
stage -1.0 32.0 5 156 1 2 246 1
0
# 188
1 188 1 100 queue8
stage -1.0 32.0 8 63 1 2 121 1
0
# 189
1 189 1 100 queue9
stage -1.0 32.0 10 147 1 2 400 1
0
# 190
1 190 1 102 queue10
stage -1.0 32.0 1 190 1 2 400 1
0
# 191
1 191 1 103 queue11
stage -1.0 32.0 15 222 1 2 400 1
0
# 192
1 192 1 103 queue12
stage -1.0 32.0 6 204 1 2 193 1
0
# 193
1 193 1 104 queue13
stage -1.0 32.0 3 186 1 2 245 1
0
# 194
1 194 1 104 queue14
stage -1.0 32.0 4 208 1 2 349 1
0
# 195
1 195 1 104 queue15
stage -1.0 32.0 12 194 1 2 101 1
0
# 196
1 196 1 104 queue16
stage -1.0 32.0 10 204 1 2 174 1
0
# 197
1 197 1 104 queue17
stage -1.0 32.0 2 193 1 2 400 1
0
# 198
1 198 1 104 queue18
stage -1.0 32.0 14 230 1 2 400 1
0
# 199
1 199 1 105 queue19
stage -1.0 32.0 6 228 1 2 304 1
0
# 200
1 200 1 105 queue0
stage -1.0 32.0 5 67 1 2 61 1
0
# 201
1 201 1 105 queue1
stage -1.0 32.0 13 108 1 2 70 1
0
# 202
1 202 1 105 queue2
stage -1.0 32.0 13 48 1 2 37 1
0
# 203
1 203 1 105 queue3
stage -1.0 32.0 9 60 1 2 41 1
0
# 204
1 204 1 105 queue4
stage -1.0 32.0 3 62 1 2 49 1
0
# 205
1 205 1 105 queue5
stage -1.0 32.0 8 98 1 2 69 1
0
# 206
1 206 1 105 queue6
stage -1.0 32.0 8 86 1 2 83 1
0
# 207
1 207 1 105 queue7
stage -1.0 32.0 11 128 1 2 96 1
0
# 208
1 208 1 105 queue8
stage -1.0 32.0 7 179 1 2 190 1
0
# 209
1 209 1 106 queue9
stage -1.0 32.0 3 64 1 2 48 1
0
# 210
1 210 1 107 queue10
stage -1.0 32.0 5 210 1 2 167 1
0
# 211
1 211 1 107 queue11
stage -1.0 32.0 7 197 1 2 170 1
0
# 212
1 212 1 108 queue12
stage -1.0 32.0 6 224 1 2 184 1
0
# 213
1 213 1 109 queue13
stage -1.0 32.0 15 182 1 2 151 1
0
# 214
1 214 1 109 queue14
stage -1.0 32.0 9 151 1 2 155 1
0
# 215
1 215 1 109 queue15
stage -1.0 32.0 5 222 1 2 191 1
0
# 216
1 216 1 109 queue16
stage -1.0 32.0 9 199 1 2 204 1
0
# 217
1 217 1 109 queue17
stage -1.0 32.0 5 178 1 2 191 1
0
# 218
1 218 1 109 queue18
stage -1.0 32.0 10 192 1 2 128 1
0
# 219
1 219 1 110 queue19
stage -1.0 32.0 7 218 1 2 295 1
0
# 220
1 220 1 111 queue0
stage -1.0 32.0 3 41 1 2 31 1
0
# 221
1 221 1 112 queue1
stage -1.0 32.0 12 106 1 2 84 1
0
# 222
1 222 1 112 queue2
stage -1.0 32.0 9 51 1 2 38 1
0
# 223
1 223 1 112 queue3
stage -1.0 32.0 8 46 1 2 30 1
0
# 224
1 224 1 112 queue4
stage -1.0 32.0 12 70 1 2 48 1
0
# 225
1 225 1 112 queue5
stage -1.0 32.0 6 115 1 2 113 1
0
# 226
1 226 1 112 queue6
stage -1.0 32.0 4 172 1 2 140 1
0
# 227
1 227 1 112 queue7
stage -1.0 32.0 13 56 1 2 48 1
0
# 228
1 228 1 112 queue8
stage -1.0 32.0 3 69 1 2 38 1
0
# 229
1 229 1 113 queue9
stage -1.0 32.0 8 80 1 2 47 1
0
# 230
1 230 1 113 queue10
stage -1.0 32.0 6 180 1 2 149 1
0
# 231
1 231 1 113 queue11
stage -1.0 32.0 5 167 1 2 113 1
0
# 232
1 232 1 113 queue12
stage -1.0 32.0 7 208 1 2 133 1
0
# 233
1 233 1 113 queue13
stage -1.0 32.0 9 188 1 2 153 1
0
# 234
1 234 1 113 queue14
stage -1.0 32.0 13 188 1 2 183 1
0
# 235
1 235 1 114 queue15
stage -1.0 32.0 8 179 1 2 128 1
0
# 236
1 236 1 114 queue16
stage -1.0 32.0 13 206 1 2 148 1
0
# 237
1 237 1 114 queue17
stage -1.0 32.0 8 198 1 2 136 1
0
# 238
1 238 1 114 queue18
stage -1.0 32.0 8 197 1 2 143 1
0
# 239
1 239 1 114 queue19
stage -1.0 32.0 5 196 1 2 183 1
0
# 240
1 240 1 114 queue0
stage -1.0 32.0 10 69 1 2 50 1
0
# 241
1 241 1 114 queue1
stage -1.0 32.0 14 107 1 2 83 1
0
# 242
1 242 1 114 queue2
stage -1.0 32.0 2 66 1 2 56 1
0
# 243
1 243 1 114 queue3
stage -1.0 32.0 9 123 1 2 80 1
0
# 244
1 244 1 114 queue4
stage -1.0 32.0 11 91 1 2 83 1
0
# 245
1 245 1 114 queue5
stage -1.0 32.0 10 58 1 2 37 1
0
# 246
1 246 1 115 queue6
stage -1.0 32.0 9 119 1 2 92 1
0
# 247
1 247 1 115 queue7
stage -1.0 32.0 5 43 1 2 34 1
0
# 248
1 248 1 115 queue8
stage -1.0 32.0 10 65 1 2 55 1
0
# 249
1 249 1 115 queue9
stage -1.0 32.0 6 48 1 2 36 1
0
# 250
1 250 1 115 queue10
stage -1.0 32.0 3 207 1 2 214 1
0
# 251
1 251 1 115 queue11
stage -1.0 32.0 14 185 1 2 170 1
0
# 252
1 252 1 115 queue12
stage -1.0 32.0 4 194 1 2 141 1
0
# 253
1 253 1 115 queue13
stage -1.0 32.0 14 219 1 2 140 1
0
# 254
1 254 1 117 queue14
stage -1.0 32.0 8 168 1 2 142 1
0
# 255
1 255 1 122 queue15
stage -1.0 32.0 10 211 1 2 189 1
0
# 256
1 256 1 122 queue16
stage -1.0 32.0 2 221 1 2 234 1
0
# 257
1 257 1 122 queue17
stage -1.0 32.0 7 217 1 2 217 1
0
# 258
1 258 1 122 queue18
stage -1.0 32.0 15 246 1 2 184 1
0
# 259
1 259 1 122 queue19
stage -1.0 32.0 16 222 1 2 134 1
0
# 260
1 260 1 122 queue0
stage -1.0 32.0 7 46 1 2 38 1
0
# 261
1 261 1 123 queue1
stage -1.0 32.0 10 85 1 2 78 1
0
# 262
1 262 1 123 queue2
stage -1.0 32.0 5 61 1 2 40 1
0
# 263
1 263 1 123 queue3
stage -1.0 32.0 14 120 1 2 94 1
0
# 264
1 264 1 123 queue4
stage -1.0 32.0 2 136 1 2 111 1
0
# 265
1 265 1 124 queue5
stage -1.0 32.0 13 112 1 2 90 1
0
# 266
1 266 1 124 queue6
stage -1.0 32.0 2 77 1 2 86 1
0
# 267
1 267 1 124 queue7
stage -1.0 32.0 16 125 1 2 79 1
0
# 268
1 268 1 125 queue8
stage -1.0 32.0 2 122 1 2 144 1
0
# 269
1 269 1 126 queue9
stage -1.0 32.0 5 45 1 2 28 1
0
# 270
1 270 1 126 queue10
stage -1.0 32.0 10 142 1 2 113 1
0
# 271
1 271 1 126 queue11
stage -1.0 32.0 9 208 1 2 145 1
0
# 272
1 272 1 126 queue12
stage -1.0 32.0 4 186 1 2 158 1
0
# 273
1 273 1 127 queue13
stage -1.0 32.0 3 217 1 2 300 1
0
# 274
1 274 1 128 queue14
stage -1.0 32.0 10 222 1 2 198 1
0
# 275
1 275 1 128 queue15
stage -1.0 32.0 14 184 1 2 258 1
0
# 276
1 276 1 128 queue16
stage -1.0 32.0 5 229 1 2 126 1
0
# 277
1 277 1 128 queue17
stage -1.0 32.0 7 200 1 2 102 1
0
# 278
1 278 1 128 queue18
stage -1.0 32.0 16 201 1 2 236 1
0
# 279
1 279 1 128 queue19
stage -1.0 32.0 16 225 1 2 204 1
0
# 280
1 280 1 128 queue0
stage -1.0 32.0 2 57 1 2 42 1
0
# 281
1 281 1 128 queue1
stage -1.0 32.0 14 104 1 2 111 1
0
# 282
1 282 1 128 queue2
stage -1.0 32.0 11 55 1 2 34 1
0
# 283
1 283 1 128 queue3
stage -1.0 32.0 16 135 1 2 119 1
0
# 284
1 284 1 128 queue4
stage -1.0 32.0 2 122 1 2 68 1
0
# 285
1 285 1 128 queue5
stage -1.0 32.0 6 92 1 2 113 1
0
# 286
1 286 1 129 queue6
stage -1.0 32.0 14 140 1 2 100 1
0
# 287
1 287 1 129 queue7
stage -1.0 32.0 14 64 1 2 49 1
0
# 288
1 288 1 129 queue8
stage -1.0 32.0 12 90 1 2 59 1
0
# 289
1 289 1 129 queue9
stage -1.0 32.0 15 97 1 2 58 1
0
# 290
1 290 1 129 queue10
stage -1.0 32.0 2 184 1 2 95 1
0
# 291
1 291 1 129 queue11
stage -1.0 32.0 2 228 1 2 235 1
0
# 292
1 292 1 129 queue12
stage -1.0 32.0 8 215 1 2 142 1
0
# 293
1 293 1 129 queue13
stage -1.0 32.0 11 187 1 2 190 1
0
# 294
1 294 1 129 queue14
stage -1.0 32.0 6 196 1 2 226 1
0
# 295
1 295 1 129 queue15
stage -1.0 32.0 3 175 1 2 146 1
0
# 296
1 296 1 129 queue16
stage -1.0 32.0 12 179 1 2 118 1
0
# 297
1 297 1 129 queue17
stage -1.0 32.0 16 207 1 2 119 1
0
# 298
1 298 1 129 queue18
stage -1.0 32.0 13 205 1 2 308 1
0
# 299
1 299 1 130 queue19
stage -1.0 32.0 12 195 1 2 146 1
0
# 300
1 300 1 130 queue0
stage -1.0 32.0 6 167 1 2 158 1
0
# 301
1 301 1 130 queue1
stage -1.0 32.0 2 40 1 2 16 1
0
# 302
1 302 1 130 queue2
stage -1.0 32.0 1 48 1 2 40 1
0
# 303
1 303 1 130 queue3
stage -1.0 32.0 15 55 1 2 254 1
0
# 304
1 304 1 130 queue4
stage -1.0 32.0 8 55 1 2 15 1
0
# 305
1 305 1 130 queue5
stage -1.0 32.0 16 80 1 2 26 1
0
# 306
1 306 1 130 queue6
stage -1.0 32.0 7 155 1 2 47 1
0
# 307
1 307 1 130 queue7
stage -1.0 32.0 2 75 1 2 31 1
0
# 308
1 308 1 130 queue8
stage -1.0 32.0 10 155 1 2 64 1
0
# 309
1 309 1 130 queue9
stage -1.0 32.0 9 65 1 2 51 1
0
# 310
1 310 1 131 queue10
stage -1.0 32.0 3 185 1 2 227 1
0
# 311
1 311 1 131 queue11
stage -1.0 32.0 16 171 1 2 303 1
0
# 312
1 312 1 131 queue12
stage -1.0 32.0 6 207 1 2 201 1
0
# 313
1 313 1 131 queue13
stage -1.0 32.0 2 215 1 2 92 1
0
# 314
1 314 1 133 queue14
stage -1.0 32.0 15 231 1 2 400 1
0
# 315
1 315 1 133 queue15
stage -1.0 32.0 2 199 1 2 379 1
0
# 316
1 316 1 133 queue16
stage -1.0 32.0 1 212 1 2 260 1
0
# 317
1 317 1 133 queue17
stage -1.0 32.0 3 177 1 2 400 1
0
# 318
1 318 1 133 queue18
stage -1.0 32.0 2 197 1 2 142 1
0
# 319
1 319 1 133 queue19
stage -1.0 32.0 14 219 1 2 132 1
0
# 320
1 320 1 133 queue0
stage -1.0 32.0 13 107 1 2 123 1
0
# 321
1 321 1 133 queue1
stage -1.0 32.0 9 52 1 2 36 1
0
# 322
1 322 1 134 queue2
stage -1.0 32.0 11 51 1 2 31 1
0
# 323
1 323 1 135 queue3
stage -1.0 32.0 1 179 1 2 78 1
0
# 324
1 324 1 135 queue4
stage -1.0 32.0 8 65 1 2 30 1
0
# 325
1 325 1 135 queue5
stage -1.0 32.0 14 103 1 2 54 1
0
# 326
1 326 1 135 queue6
stage -1.0 32.0 10 61 1 2 44 1
0
# 327
1 327 1 135 queue7
stage -1.0 32.0 3 64 1 2 39 1
0
# 328
1 328 1 135 queue8
stage -1.0 32.0 4 129 1 2 167 1
0
# 329
1 329 1 135 queue9
stage -1.0 32.0 13 47 1 2 135 1
0
# 330
1 330 1 136 queue10
stage -1.0 32.0 12 159 1 2 295 1
0
# 331
1 331 1 140 queue11
stage -1.0 32.0 13 197 1 2 177 1
0
# 332
1 332 1 140 queue12
stage -1.0 32.0 11 220 1 2 157 1
0
# 333
1 333 1 141 queue13
stage -1.0 32.0 10 204 1 2 194 1
0
# 334
1 334 1 141 queue14
stage -1.0 32.0 4 191 1 2 400 1
0
# 335
1 335 1 141 queue15
stage -1.0 32.0 6 192 1 2 84 1
0
# 336
1 336 1 144 queue16
stage -1.0 32.0 7 174 1 2 153 1
0
# 337
1 337 1 146 queue17
stage -1.0 32.0 14 177 1 2 48 1
0
# 338
1 338 1 146 queue18
stage -1.0 32.0 3 144 1 2 43 1
0
# 339
1 339 1 146 queue19
stage -1.0 32.0 8 189 1 2 66 1
0
# 340
1 340 1 146 queue0
stage -1.0 32.0 3 44 1 2 65 1
0
# 341
1 341 1 146 queue1
stage -1.0 32.0 5 84 1 2 86 1
0
# 342
1 342 1 147 queue2
stage -1.0 32.0 2 107 1 2 67 1
0
# 343
1 343 1 147 queue3
stage -1.0 32.0 13 96 1 2 27 1
0
# 344
1 344 1 147 queue4
stage -1.0 32.0 13 79 1 2 34 1
0
# 345
1 345 1 148 queue5
stage -1.0 32.0 12 56 1 2 35 1
0
# 346
1 346 1 149 queue6
stage -1.0 32.0 9 68 1 2 35 1
0
# 347
1 347 1 150 queue7
stage -1.0 32.0 5 94 1 2 76 1
0
# 348
1 348 1 151 queue8
stage -1.0 32.0 7 161 1 2 94 1
0
# 349
1 349 1 151 queue9
stage -1.0 32.0 4 56 1 2 20 1
0
# 350
1 350 1 151 queue10
stage -1.0 32.0 12 193 1 2 102 1
0
# 351
1 351 1 151 queue11
stage -1.0 32.0 9 233 1 2 131 1
0
# 352
1 352 1 151 queue12
stage -1.0 32.0 6 184 1 2 104 1
0
# 353
1 353 1 152 queue13
stage -1.0 32.0 1 189 1 2 60 1
0
# 354
1 354 1 153 queue14
stage -1.0 32.0 15 195 1 2 110 1
0
# 355
1 355 1 153 queue15
stage -1.0 32.0 9 182 1 2 115 1
0
# 356
1 356 1 153 queue16
stage -1.0 32.0 4 192 1 2 55 1
0
# 357
1 357 1 153 queue17
stage -1.0 32.0 6 212 1 2 142 1
0
# 358
1 358 1 155 queue18
stage -1.0 32.0 13 230 1 2 61 1
0
# 359
1 359 1 155 queue19
stage -1.0 32.0 14 153 1 2 53 1
0
# 360
1 360 1 156 queue0
stage -1.0 32.0 2 89 1 2 30 1
0
# 361
1 361 1 157 queue1
stage -1.0 32.0 10 112 1 2 56 1
0
# 362
1 362 1 157 queue2
stage -1.0 32.0 12 159 1 2 86 1
0
# 363
1 363 1 157 queue3
stage -1.0 32.0 1 44 1 2 68 1
0
# 364
1 364 1 157 queue4
stage -1.0 32.0 11 52 1 2 10 1
0
# 365
1 365 1 157 queue5
stage -1.0 32.0 6 155 1 2 40 1
0
# 366
1 366 1 158 queue6
stage -1.0 32.0 16 147 1 2 72 1
0
# 367
1 367 1 159 queue7
stage -1.0 32.0 11 57 1 2 13 1
0
# 368
1 368 1 160 queue8
stage -1.0 32.0 13 96 1 2 33 1
0
# 369
1 369 1 160 queue9
stage -1.0 32.0 3 76 1 2 47 1
0
# 370
1 370 1 160 queue10
stage -1.0 32.0 4 159 1 2 400 1
0
# 371
1 371 1 162 queue11
stage -1.0 32.0 12 189 1 2 139 1
0
# 372
1 372 1 162 queue12
stage -1.0 32.0 8 201 1 2 263 1
0
# 373
1 373 1 162 queue13
stage -1.0 32.0 10 227 1 2 168 1
0
# 374
1 374 1 162 queue14
stage -1.0 32.0 10 207 1 2 78 1
0
# 375
1 375 1 162 queue15
stage -1.0 32.0 10 236 1 2 177 1
0
# 376
1 376 1 163 queue16
stage -1.0 32.0 5 215 1 2 278 1
0
# 377
1 377 1 163 queue17
stage -1.0 32.0 1 220 1 2 103 1
0
# 378
1 378 1 163 queue18
stage -1.0 32.0 14 221 1 2 73 1
0
# 379
1 379 1 163 queue19
stage -1.0 32.0 12 199 1 2 98 1
0
# 380
1 380 1 165 queue0
stage -1.0 32.0 2 122 1 2 356 1
0
# 381
1 381 1 166 queue1
stage -1.0 32.0 8 53 1 2 11 1
0
# 382
1 382 1 166 queue2
stage -1.0 32.0 16 138 1 2 400 1
0
# 383
1 383 1 166 queue3
stage -1.0 32.0 13 156 1 2 85 1
0
# 384
1 384 1 166 queue4
stage -1.0 32.0 3 71 1 2 23 1
0
# 385
1 385 1 166 queue5
stage -1.0 32.0 3 64 1 2 71 1
0
# 386
1 386 1 168 queue6
stage -1.0 32.0 6 86 1 2 52 1
0
# 387
1 387 1 168 queue7
stage -1.0 32.0 13 170 1 2 40 1
0
# 388
1 388 1 171 queue8
stage -1.0 32.0 1 100 1 2 372 1
0
# 389
1 389 1 172 queue9
stage -1.0 32.0 12 73 1 2 48 1
0
# 390
1 390 1 172 queue10
stage -1.0 32.0 12 199 1 2 184 1
0
# 391
1 391 1 172 queue11
stage -1.0 32.0 11 215 1 2 70 1
0
# 392
1 392 1 177 queue12
stage -1.0 32.0 12 178 1 2 34 1
0
# 393
1 393 1 178 queue13
stage -1.0 32.0 9 203 1 2 53 1
0
# 394
1 394 1 178 queue14
stage -1.0 32.0 4 215 1 2 400 1
0
# 395
1 395 1 179 queue15
stage -1.0 32.0 3 205 1 2 99 1
0
# 396
1 396 1 180 queue16
stage -1.0 32.0 9 203 1 2 80 1
0
# 397
1 397 1 180 queue17
stage -1.0 32.0 10 179 1 2 242 1
0
# 398
1 398 1 180 queue18
stage -1.0 32.0 16 212 1 2 130 1
0
# 399
1 399 1 180 queue19
stage -1.0 32.0 7 218 1 2 236 1
0
# 400
1 400 1 180 queue0
stage -1.0 32.0 6 72 1 2 54 1
0
# 401
1 401 1 180 queue1
stage -1.0 32.0 2 91 1 2 92 1
0
# 402
1 402 1 181 queue2
stage -1.0 32.0 16 131 1 2 95 1
0
# 403
1 403 1 181 queue3
stage -1.0 32.0 12 112 1 2 112 1
0
# 404
1 404 1 182 queue4
stage -1.0 32.0 12 57 1 2 58 1
0
# 405
1 405 1 184 queue5
stage -1.0 32.0 11 44 1 2 29 1
0
# 406
1 406 1 184 queue6
stage -1.0 32.0 6 52 1 2 41 1
0
# 407
1 407 1 186 queue7
stage -1.0 32.0 12 102 1 2 79 1
0
# 408
1 408 1 186 queue8
stage -1.0 32.0 16 42 1 2 34 1
0
# 409
1 409 1 186 queue9
stage -1.0 32.0 1 52 1 2 37 1
0
# 410
1 410 1 187 queue10
stage -1.0 32.0 9 206 1 2 168 1
0
# 411
1 411 1 188 queue11
stage -1.0 32.0 15 191 1 2 130 1
0
# 412
1 412 1 189 queue12
stage -1.0 32.0 2 238 1 2 202 1
0
# 413
1 413 1 189 queue13
stage -1.0 32.0 15 158 1 2 173 1
0
# 414
1 414 1 189 queue14
stage -1.0 32.0 6 188 1 2 120 1
0
# 415
1 415 1 189 queue15
stage -1.0 32.0 13 207 1 2 165 1
0
# 416
1 416 1 189 queue16
stage -1.0 32.0 13 206 1 2 131 1
0
# 417
1 417 1 190 queue17
stage -1.0 32.0 3 245 1 2 210 1
0
# 418
1 418 1 190 queue18
stage -1.0 32.0 10 184 1 2 137 1
0
# 419
1 419 1 190 queue19
stage -1.0 32.0 7 188 1 2 243 1
0
# 420
1 420 1 190 queue0
stage -1.0 32.0 3 94 1 2 70 1
0
# 421
1 421 1 190 queue1
stage -1.0 32.0 16 143 1 2 94 1
0
# 422
1 422 1 190 queue2
stage -1.0 32.0 1 169 1 2 152 1
0
# 423
1 423 1 190 queue3
stage -1.0 32.0 13 145 1 2 123 1
0
# 424
1 424 1 190 queue4
stage -1.0 32.0 9 116 1 2 100 1
0
# 425
1 425 1 190 queue5
stage -1.0 32.0 6 85 1 2 92 1
0
# 426
1 426 1 190 queue6
stage -1.0 32.0 7 69 1 2 67 1
0
# 427
1 427 1 190 queue7
stage -1.0 32.0 13 133 1 2 118 1
0
# 428
1 428 1 190 queue8
stage -1.0 32.0 16 99 1 2 97 1
0
# 429
1 429 1 191 queue9
stage -1.0 32.0 10 53 1 2 35 1
0
# 430
1 430 1 191 queue10
stage -1.0 32.0 2 212 1 2 210 1
0
# 431
1 431 1 191 queue11
stage -1.0 32.0 6 225 1 2 162 1
0
# 432
1 432 1 191 queue12
stage -1.0 32.0 15 203 1 2 216 1
0
# 433
1 433 1 191 queue13
stage -1.0 32.0 16 194 1 2 203 1
0
# 434
1 434 1 191 queue14
stage -1.0 32.0 7 186 1 2 164 1
0
# 435
1 435 1 191 queue15
stage -1.0 32.0 16 190 1 2 174 1
0
# 436
1 436 1 191 queue16
stage -1.0 32.0 8 191 1 2 161 1
0
# 437
1 437 1 191 queue17
stage -1.0 32.0 12 198 1 2 156 1
0
# 438
1 438 1 191 queue18
stage -1.0 32.0 8 220 1 2 177 1
0
# 439
1 439 1 191 queue19
stage -1.0 32.0 8 185 1 2 165 1
0
# 440
1 440 1 191 queue0
stage -1.0 32.0 2 85 1 2 54 1
0
# 441
1 441 1 191 queue1
stage -1.0 32.0 11 56 1 2 46 1
0
# 442
1 442 1 192 queue2
stage -1.0 32.0 2 139 1 2 117 1
0
# 443
1 443 1 192 queue3
stage -1.0 32.0 13 80 1 2 58 1
0
# 444
1 444 1 192 queue4
stage -1.0 32.0 8 78 1 2 66 1
0
# 445
1 445 1 192 queue5
stage -1.0 32.0 11 113 1 2 95 1
0
# 446
1 446 1 192 queue6
stage -1.0 32.0 15 58 1 2 46 1
0
# 447
1 447 1 192 queue7
stage -1.0 32.0 16 134 1 2 85 1
0
# 448
1 448 1 192 queue8
stage -1.0 32.0 2 53 1 2 39 1
0
# 449
1 449 1 192 queue9
stage -1.0 32.0 7 91 1 2 69 1
0
# 450
1 450 1 194 queue10
stage -1.0 32.0 11 170 1 2 118 1
0
# 451
1 451 1 194 queue11
stage -1.0 32.0 10 211 1 2 173 1
0
# 452
1 452 1 194 queue12
stage -1.0 32.0 12 205 1 2 164 1
0
# 453
1 453 1 194 queue13
stage -1.0 32.0 6 191 1 2 182 1
0
# 454
1 454 1 194 queue14
stage -1.0 32.0 15 185 1 2 237 1
0
# 455
1 455 1 195 queue15
stage -1.0 32.0 8 220 1 2 196 1
0
# 456
1 456 1 195 queue16
stage -1.0 32.0 12 187 1 2 154 1
0
# 457
1 457 1 196 queue17
stage -1.0 32.0 16 218 1 2 115 1
0
# 458
1 458 1 196 queue18
stage -1.0 32.0 13 205 1 2 264 1
0
# 459
1 459 1 196 queue19
stage -1.0 32.0 12 180 1 2 216 1
0
# 460
1 460 1 196 queue0
stage -1.0 32.0 13 134 1 2 181 1
0
# 461
1 461 1 196 queue1
stage -1.0 32.0 4 42 1 2 26 1
0
# 462
1 462 1 196 queue2
stage -1.0 32.0 13 71 1 2 55 1
0
# 463
1 463 1 198 queue3
stage -1.0 32.0 9 54 1 2 47 1
0
# 464
1 464 1 198 queue4
stage -1.0 32.0 7 69 1 2 64 1
0
# 465
1 465 1 198 queue5
stage -1.0 32.0 10 64 1 2 42 1
0
# 466
1 466 1 198 queue6
stage -1.0 32.0 7 161 1 2 169 1
0
# 467
1 467 1 198 queue7
stage -1.0 32.0 13 66 1 2 130 1
0
# 468
1 468 1 198 queue8
stage -1.0 32.0 5 89 1 2 114 1
0
# 469
1 469 1 198 queue9
stage -1.0 32.0 15 93 1 2 57 1
0
# 470
1 470 1 198 queue10
stage -1.0 32.0 5 192 1 2 241 1
0
# 471
1 471 1 198 queue11
stage -1.0 32.0 11 170 1 2 115 1
0
# 472
1 472 1 198 queue12
stage -1.0 32.0 14 175 1 2 123 1
0
# 473
1 473 1 198 queue13
stage -1.0 32.0 11 204 1 2 189 1
0
# 474
1 474 1 198 queue14
stage -1.0 32.0 1 200 1 2 128 1
0
# 475
1 475 1 198 queue15
stage -1.0 32.0 9 221 1 2 147 1
0
# 476
1 476 1 199 queue16
stage -1.0 32.0 12 189 1 2 279 1
0
# 477
1 477 1 199 queue17
stage -1.0 32.0 5 173 1 2 108 1
0
# 478
1 478 1 200 queue18
stage -1.0 32.0 15 180 1 2 306 1
0
# 479
1 479 1 201 queue19
stage -1.0 32.0 12 131 1 2 112 1
0
# 480
1 480 1 201 queue0
stage -1.0 32.0 7 70 1 2 42 1
0
# 481
1 481 1 201 queue1
stage -1.0 32.0 11 43 1 2 21 1
0
# 482
1 482 1 201 queue2
stage -1.0 32.0 9 128 1 2 89 1
0
# 483
1 483 1 201 queue3
stage -1.0 32.0 14 53 1 2 43 1
0
# 484
1 484 1 201 queue4
stage -1.0 32.0 11 142 1 2 93 1
0
# 485
1 485 1 202 queue5
stage -1.0 32.0 6 46 1 2 44 1
0
# 486
1 486 1 202 queue6
stage -1.0 32.0 11 113 1 2 74 1
0
# 487
1 487 1 202 queue7
stage -1.0 32.0 8 68 1 2 65 1
0
# 488
1 488 1 204 queue8
stage -1.0 32.0 9 115 1 2 105 1
0
# 489
1 489 1 204 queue9
stage -1.0 32.0 10 128 1 2 128 1
0
# 490
1 490 1 204 queue10
stage -1.0 32.0 4 159 1 2 163 1
0
# 491
1 491 1 204 queue11
stage -1.0 32.0 5 173 1 2 110 1
0
# 492
1 492 1 205 queue12
stage -1.0 32.0 8 214 1 2 227 1
0
# 493
1 493 1 210 queue13
stage -1.0 32.0 13 202 1 2 144 1
0
# 494
1 494 1 210 queue14
stage -1.0 32.0 16 202 1 2 116 1
0
# 495
1 495 1 211 queue15
stage -1.0 32.0 15 184 1 2 119 1
0
# 496
1 496 1 211 queue16
stage -1.0 32.0 3 175 1 2 101 1
0
# 497
1 497 1 211 queue17
stage -1.0 32.0 8 206 1 2 177 1
0
# 498
1 498 1 211 queue18
stage -1.0 32.0 12 236 1 2 238 1
0
# 499
1 499 1 212 queue19
stage -1.0 32.0 11 185 1 2 396 1
0
# 500
1 500 1 214 queue0
stage -1.0 32.0 1 51 1 2 18 1
0
# 501
1 501 1 214 queue1
stage -1.0 32.0 3 141 1 2 47 1
0
# 502
1 502 1 215 queue2
stage -1.0 32.0 2 124 1 2 47 1
0
# 503
1 503 1 215 queue3
stage -1.0 32.0 3 58 1 2 41 1
0
# 504
1 504 1 215 queue4
stage -1.0 32.0 7 140 1 2 43 1
0
# 505
1 505 1 215 queue5
stage -1.0 32.0 11 92 1 2 400 1
0
# 506
1 506 1 215 queue6
stage -1.0 32.0 15 66 1 2 207 1
0
# 507
1 507 1 215 queue7
stage -1.0 32.0 6 115 1 2 75 1
0
# 508
1 508 1 215 queue8
stage -1.0 32.0 9 52 1 2 18 1
0
# 509
1 509 1 215 queue9
stage -1.0 32.0 8 55 1 2 89 1
0
# 510
1 510 1 215 queue10
stage -1.0 32.0 16 208 1 2 253 1
0
# 511
1 511 1 215 queue11
stage -1.0 32.0 14 155 1 2 44 1
0
# 512
1 512 1 215 queue12
stage -1.0 32.0 13 209 1 2 223 1
0
# 513
1 513 1 215 queue13
stage -1.0 32.0 13 199 1 2 104 1
0
# 514
1 514 1 215 queue14
stage -1.0 32.0 9 208 1 2 109 1
0
# 515
1 515 1 215 queue15
stage -1.0 32.0 2 201 1 2 135 1
0
# 516
1 516 1 216 queue16
stage -1.0 32.0 5 200 1 2 109 1
0
# 517
1 517 1 216 queue17
stage -1.0 32.0 15 197 1 2 59 1
0
# 518
1 518 1 216 queue18
stage -1.0 32.0 10 232 1 2 118 1
0
# 519
1 519 1 218 queue19
stage -1.0 32.0 13 192 1 2 400 1
0
# 520
1 520 1 218 queue0
stage -1.0 32.0 4 84 1 2 58 1
0
# 521
1 521 1 218 queue1
stage -1.0 32.0 16 118 1 2 125 1
0
# 522
1 522 1 218 queue2
stage -1.0 32.0 12 125 1 2 72 1
0
# 523
1 523 1 219 queue3
stage -1.0 32.0 10 143 1 2 114 1
0
# 524
1 524 1 219 queue4
stage -1.0 32.0 3 86 1 2 47 1
0
# 525
1 525 1 219 queue5
stage -1.0 32.0 6 81 1 2 100 1
0
# 526
1 526 1 219 queue6
stage -1.0 32.0 10 105 1 2 26 1
0
# 527
1 527 1 221 queue7
stage -1.0 32.0 5 97 1 2 101 1
0
# 528
1 528 1 221 queue8
stage -1.0 32.0 9 98 1 2 32 1
0
# 529
1 529 1 221 queue9
stage -1.0 32.0 13 93 1 2 25 1
0
# 530
1 530 1 221 queue10
stage -1.0 32.0 11 207 1 2 123 1
0
# 531
1 531 1 221 queue11
stage -1.0 32.0 15 158 1 2 50 1
0
# 532
1 532 1 221 queue12
stage -1.0 32.0 5 223 1 2 400 1
0
# 533
1 533 1 222 queue13
stage -1.0 32.0 15 197 1 2 290 1
0
# 534
1 534 1 222 queue14
stage -1.0 32.0 5 205 1 2 86 1
0
# 535
1 535 1 222 queue15
stage -1.0 32.0 15 231 1 2 400 1
0
# 536
1 536 1 224 queue16
stage -1.0 32.0 8 202 1 2 400 1
0
# 537
1 537 1 224 queue17
stage -1.0 32.0 3 233 1 2 400 1
0
# 538
1 538 1 224 queue18
stage -1.0 32.0 3 203 1 2 114 1
0
# 539
1 539 1 225 queue19
stage -1.0 32.0 2 174 1 2 78 1
0
# 540
1 540 1 225 queue0
stage -1.0 32.0 2 156 1 2 93 1
0
# 541
1 541 1 225 queue1
stage -1.0 32.0 7 98 1 2 68 1
0
# 542
1 542 1 225 queue2
stage -1.0 32.0 16 43 1 2 38 1
0
# 543
1 543 1 225 queue3
stage -1.0 32.0 10 101 1 2 66 1
0
# 544
1 544 1 225 queue4
stage -1.0 32.0 16 112 1 2 115 1
0
# 545
1 545 1 227 queue5
stage -1.0 32.0 6 140 1 2 81 1
0
# 546
1 546 1 227 queue6
stage -1.0 32.0 10 67 1 2 110 1
0
# 547
1 547 1 228 queue7
stage -1.0 32.0 3 137 1 2 54 1
0
# 548
1 548 1 229 queue8
stage -1.0 32.0 7 100 1 2 32 1
0
# 549
1 549 1 229 queue9
stage -1.0 32.0 14 74 1 2 185 1
0
# 550
1 550 1 229 queue10
stage -1.0 32.0 12 229 1 2 128 1
0
# 551
1 551 1 230 queue11
stage -1.0 32.0 10 206 1 2 74 1
0
# 552
1 552 1 230 queue12
stage -1.0 32.0 3 207 1 2 47 1
0
# 553
1 553 1 230 queue13
stage -1.0 32.0 8 241 1 2 334 1
0
# 554
1 554 1 230 queue14
stage -1.0 32.0 12 196 1 2 312 1
0
# 555
1 555 1 230 queue15
stage -1.0 32.0 6 163 1 2 102 1
0
# 556
1 556 1 230 queue16
stage -1.0 32.0 4 190 1 2 400 1
0
# 557
1 557 1 230 queue17
stage -1.0 32.0 9 228 1 2 177 1
0
# 558
1 558 1 231 queue18
stage -1.0 32.0 3 224 1 2 169 1
0
# 559
1 559 1 231 queue19
stage -1.0 32.0 13 195 1 2 49 1
0
# 560
1 560 1 231 queue0
stage -1.0 32.0 16 43 1 2 39 1
0
# 561
1 561 1 232 queue1
stage -1.0 32.0 11 150 1 2 117 1
0
# 562
1 562 1 232 queue2
stage -1.0 32.0 13 92 1 2 41 1
0
# 563
1 563 1 233 queue3
stage -1.0 32.0 5 51 1 2 29 1
0
# 564
1 564 1 234 queue4
stage -1.0 32.0 2 45 1 2 23 1
0
# 565
1 565 1 235 queue5
stage -1.0 32.0 2 116 1 2 83 1
0
# 566
1 566 1 235 queue6
stage -1.0 32.0 4 84 1 2 400 1
0
# 567
1 567 1 235 queue7
stage -1.0 32.0 6 67 1 2 17 1
0
# 568
1 568 1 235 queue8
stage -1.0 32.0 4 51 1 2 98 1
0
# 569
1 569 1 235 queue9
stage -1.0 32.0 2 70 1 2 79 1
0
# 570
1 570 1 235 queue10
stage -1.0 32.0 4 204 1 2 142 1
0
# 571
1 571 1 235 queue11
stage -1.0 32.0 14 231 1 2 86 1
0
# 572
1 572 1 235 queue12
stage -1.0 32.0 11 181 1 2 102 1
0
# 573
1 573 1 235 queue13
stage -1.0 32.0 2 232 1 2 241 1
0
# 574
1 574 1 235 queue14
stage -1.0 32.0 3 204 1 2 263 1
0
# 575
1 575 1 236 queue15
stage -1.0 32.0 16 260 1 2 204 1
0
# 576
1 576 1 236 queue16
stage -1.0 32.0 8 222 1 2 205 1
0
# 577
1 577 1 237 queue17
stage -1.0 32.0 7 199 1 2 87 1
0
# 578
1 578 1 237 queue18
stage -1.0 32.0 1 227 1 2 59 1
0
# 579
1 579 1 237 queue19
stage -1.0 32.0 4 176 1 2 275 1
0
# 580
1 580 1 237 queue0
stage -1.0 32.0 2 148 1 2 73 1
0
# 581
1 581 1 237 queue1
stage -1.0 32.0 6 52 1 2 10 1
0
# 582
1 582 1 238 queue2
stage -1.0 32.0 12 78 1 2 400 1
0
# 583
1 583 1 238 queue3
stage -1.0 32.0 14 71 1 2 27 1
0
# 584
1 584 1 238 queue4
stage -1.0 32.0 12 67 1 2 31 1
0
# 585
1 585 1 238 queue5
stage -1.0 32.0 8 41 1 2 67 1
0
# 586
1 586 1 240 queue6
stage -1.0 32.0 12 158 1 2 36 1
0
# 587
1 587 1 240 queue7
stage -1.0 32.0 10 124 1 2 156 1
0
# 588
1 588 1 240 queue8
stage -1.0 32.0 14 177 1 2 59 1
0
# 589
1 589 1 240 queue9
stage -1.0 32.0 5 42 1 2 13 1
0
# 590
1 590 1 240 queue10
stage -1.0 32.0 11 166 1 2 327 1
0
# 591
1 591 1 244 queue11
stage -1.0 32.0 9 208 1 2 69 1
0
# 592
1 592 1 244 queue12
stage -1.0 32.0 5 160 1 2 92 1
0
# 593
1 593 1 244 queue13
stage -1.0 32.0 5 184 1 2 343 1
0
# 594
1 594 1 244 queue14
stage -1.0 32.0 12 200 1 2 313 1
0
# 595
1 595 1 246 queue15
stage -1.0 32.0 13 218 1 2 142 1
0
# 596
1 596 1 246 queue16
stage -1.0 32.0 11 181 1 2 400 1
0
# 597
1 597 1 246 queue17
stage -1.0 32.0 8 226 1 2 400 1
0
# 598
1 598 1 246 queue18
stage -1.0 32.0 11 269 1 2 36 1
0
# 599
1 599 1 246 queue19
stage -1.0 32.0 3 217 1 2 179 1
0
# 600
1 600 1 246 queue0
stage -1.0 32.0 7 160 1 2 56 1
0
# 601
1 601 1 246 queue1
stage -1.0 32.0 4 102 1 2 37 1
0
# 602
1 602 1 246 queue2
stage -1.0 32.0 4 48 1 2 20 1
0
# 603
1 603 1 246 queue3
stage -1.0 32.0 3 49 1 2 17 1
0
# 604
1 604 1 247 queue4
stage -1.0 32.0 8 81 1 2 19 1
0
# 605
1 605 1 247 queue5
stage -1.0 32.0 10 115 1 2 37 1
0
# 606
1 606 1 247 queue6
stage -1.0 32.0 7 66 1 2 19 1
0
# 607
1 607 1 247 queue7
stage -1.0 32.0 5 43 1 2 16 1
0
# 608
1 608 1 248 queue8
stage -1.0 32.0 2 63 1 2 26 1
0
# 609
1 609 1 248 queue9
stage -1.0 32.0 5 80 1 2 26 1
0
# 610
1 610 1 248 queue10
stage -1.0 32.0 3 199 1 2 90 1
0
# 611
1 611 1 249 queue11
stage -1.0 32.0 16 215 1 2 104 1
0
# 612
1 612 1 249 queue12
stage -1.0 32.0 2 206 1 2 76 1
0
# 613
1 613 1 249 queue13
stage -1.0 32.0 14 191 1 2 61 1
0
# 614
1 614 1 249 queue14
stage -1.0 32.0 3 235 1 2 73 1
0
# 615
1 615 1 249 queue15
stage -1.0 32.0 2 190 1 2 60 1
0
# 616
1 616 1 249 queue16
stage -1.0 32.0 7 201 1 2 56 1
0
# 617
1 617 1 249 queue17
stage -1.0 32.0 11 208 1 2 78 1
0
# 618
1 618 1 250 queue18
stage -1.0 32.0 6 206 1 2 80 1
0
# 619
1 619 1 250 queue19
stage -1.0 32.0 5 195 1 2 66 1
0
# 620
1 620 1 250 queue0
stage -1.0 32.0 2 47 1 2 14 1
0
# 621
1 621 1 250 queue1
stage -1.0 32.0 11 105 1 2 42 1
0
# 622
1 622 1 250 queue2
stage -1.0 32.0 4 150 1 2 46 1
0
# 623
1 623 1 252 queue3
stage -1.0 32.0 3 68 1 2 22 1
0
# 624
1 624 1 252 queue4
stage -1.0 32.0 6 144 1 2 54 1
0
# 625
1 625 1 252 queue5
stage -1.0 32.0 10 76 1 2 28 1
0
# 626
1 626 1 252 queue6
stage -1.0 32.0 14 50 1 2 14 1
0
# 627
1 627 1 252 queue7
stage -1.0 32.0 7 108 1 2 38 1
0
# 628
1 628 1 253 queue8
stage -1.0 32.0 13 129 1 2 47 1
0
# 629
1 629 1 253 queue9
stage -1.0 32.0 2 87 1 2 29 1
0
# 630
1 630 1 254 queue10
stage -1.0 32.0 12 229 1 2 73 1
0
# 631
1 631 1 254 queue11
stage -1.0 32.0 1 181 1 2 71 1
0
# 632
1 632 1 257 queue12
stage -1.0 32.0 12 176 1 2 54 1
0
# 633
1 633 1 258 queue13
stage -1.0 32.0 3 227 1 2 60 1
0
# 634
1 634 1 258 queue14
stage -1.0 32.0 5 197 1 2 55 1
0
# 635
1 635 1 258 queue15
stage -1.0 32.0 3 177 1 2 50 1
0
# 636
1 636 1 258 queue16
stage -1.0 32.0 1 200 1 2 78 1
0
# 637
1 637 1 258 queue17
stage -1.0 32.0 8 199 1 2 76 1
0
# 638
1 638 1 258 queue18
stage -1.0 32.0 9 219 1 2 94 1
0
# 639
1 639 1 258 queue19
stage -1.0 32.0 14 207 1 2 72 1
0
# 640
1 640 1 260 queue0
stage -1.0 32.0 5 58 1 2 17 1
0
# 641
1 641 1 260 queue1
stage -1.0 32.0 3 130 1 2 37 1
0
# 642
1 642 1 260 queue2
stage -1.0 32.0 5 169 1 2 45 1
0
# 643
1 643 1 260 queue3
stage -1.0 32.0 8 47 1 2 16 1
0
# 644
1 644 1 260 queue4
stage -1.0 32.0 7 61 1 2 26 1
0
# 645
1 645 1 261 queue5
stage -1.0 32.0 8 41 1 2 15 1
0
# 646
1 646 1 262 queue6
stage -1.0 32.0 1 153 1 2 75 1
0
# 647
1 647 1 264 queue7
stage -1.0 32.0 13 136 1 2 62 1
0
# 648
1 648 1 265 queue8
stage -1.0 32.0 1 97 1 2 34 1
0
# 649
1 649 1 265 queue9
stage -1.0 32.0 5 42 1 2 22 1
0
# 650
1 650 1 265 queue10
stage -1.0 32.0 7 221 1 2 122 1
0
# 651
1 651 1 265 queue11
stage -1.0 32.0 6 215 1 2 69 1
0
# 652
1 652 1 265 queue12
stage -1.0 32.0 4 211 1 2 59 1
0
# 653
1 653 1 266 queue13
stage -1.0 32.0 13 188 1 2 57 1
0
# 654
1 654 1 266 queue14
stage -1.0 32.0 7 175 1 2 79 1
0
# 655
1 655 1 266 queue15
stage -1.0 32.0 11 188 1 2 62 1
0
# 656
1 656 1 268 queue16
stage -1.0 32.0 3 200 1 2 43 1
0
# 657
1 657 1 268 queue17
stage -1.0 32.0 7 185 1 2 47 1
0
# 658
1 658 1 268 queue18
stage -1.0 32.0 8 216 1 2 74 1
0
# 659
1 659 1 270 queue19
stage -1.0 32.0 5 223 1 2 65 1
0
# 660
1 660 1 270 queue0
stage -1.0 32.0 9 56 1 2 20 1
0
# 661
1 661 1 270 queue1
stage -1.0 32.0 7 45 1 2 15 1
0
# 662
1 662 1 270 queue2
stage -1.0 32.0 15 129 1 2 30 1
0
# 663
1 663 1 270 queue3
stage -1.0 32.0 9 164 1 2 47 1
0
# 664
1 664 1 270 queue4
stage -1.0 32.0 6 40 1 2 13 1
0
# 665
1 665 1 271 queue5
stage -1.0 32.0 9 52 1 2 43 1
0
# 666
1 666 1 271 queue6
stage -1.0 32.0 1 103 1 2 40 1
0
# 667
1 667 1 272 queue7
stage -1.0 32.0 5 99 1 2 37 1
0
# 668
1 668 1 272 queue8
stage -1.0 32.0 5 43 1 2 18 1
0
# 669
1 669 1 272 queue9
stage -1.0 32.0 8 85 1 2 30 1
0
# 670
1 670 1 273 queue10
stage -1.0 32.0 7 218 1 2 99 1
0
# 671
1 671 1 273 queue11
stage -1.0 32.0 11 189 1 2 102 1
0
# 672
1 672 1 274 queue12
stage -1.0 32.0 14 171 1 2 64 1
0
# 673
1 673 1 274 queue13
stage -1.0 32.0 1 191 1 2 44 1
0
# 674
1 674 1 276 queue14
stage -1.0 32.0 12 194 1 2 51 1
0
# 675
1 675 1 276 queue15
stage -1.0 32.0 3 205 1 2 74 1
0
# 676
1 676 1 276 queue16
stage -1.0 32.0 13 221 1 2 94 1
0
# 677
1 677 1 276 queue17
stage -1.0 32.0 14 203 1 2 175 1
0
# 678
1 678 1 277 queue18
stage -1.0 32.0 13 218 1 2 53 1
0
# 679
1 679 1 277 queue19
stage -1.0 32.0 11 185 1 2 55 1
0
# 680
1 680 1 277 queue0
stage -1.0 32.0 15 44 1 2 10 1
0
# 681
1 681 1 277 queue1
stage -1.0 32.0 9 62 1 2 17 1
0
# 682
1 682 1 277 queue2
stage -1.0 32.0 3 94 1 2 27 1
0
# 683
1 683 1 277 queue3
stage -1.0 32.0 7 131 1 2 77 1
0
# 684
1 684 1 277 queue4
stage -1.0 32.0 8 69 1 2 19 1
0
# 685
1 685 1 277 queue5
stage -1.0 32.0 8 43 1 2 25 1
0
# 686
1 686 1 278 queue6
stage -1.0 32.0 5 59 1 2 24 1
0
# 687
1 687 1 279 queue7
stage -1.0 32.0 12 76 1 2 50 1
0
# 688
1 688 1 279 queue8
stage -1.0 32.0 4 73 1 2 29 1
0
# 689
1 689 1 279 queue9
stage -1.0 32.0 16 69 1 2 18 1
0
# 690
1 690 1 282 queue10
stage -1.0 32.0 6 220 1 2 58 1
0
# 691
1 691 1 284 queue11
stage -1.0 32.0 16 226 1 2 63 1
0
# 692
1 692 1 284 queue12
stage -1.0 32.0 1 203 1 2 60 1
0
# 693
1 693 1 284 queue13
stage -1.0 32.0 14 207 1 2 48 1
0
# 694
1 694 1 285 queue14
stage -1.0 32.0 1 234 1 2 124 1
0
# 695
1 695 1 285 queue15
stage -1.0 32.0 8 208 1 2 76 1
0
# 696
1 696 1 285 queue16
stage -1.0 32.0 2 206 1 2 58 1
0
# 697
1 697 1 287 queue17
stage -1.0 32.0 6 185 1 2 68 1
0
# 698
1 698 1 289 queue18
stage -1.0 32.0 6 215 1 2 60 1
0
# 699
1 699 1 292 queue19
stage -1.0 32.0 15 199 1 2 102 1
0
# 700
1 700 1 292 queue0
stage -1.0 32.0 2 99 1 2 12 1
0
# 701
1 701 1 295 queue1
stage -1.0 32.0 8 92 1 2 11 1
0
# 702
1 702 1 297 queue2
stage -1.0 32.0 3 177 1 2 39 1
0
# 703
1 703 1 297 queue3
stage -1.0 32.0 14 107 1 2 41 1
0
# 704
1 704 1 297 queue4
stage -1.0 32.0 10 70 1 2 30 1
0
# 705
1 705 1 297 queue5
stage -1.0 32.0 5 41 1 2 9 1
0
# 706
1 706 1 297 queue6
stage -1.0 32.0 11 118 1 2 15 1
0
# 707
1 707 1 298 queue7
stage -1.0 32.0 8 177 1 2 66 1
0
# 708
1 708 1 298 queue8
stage -1.0 32.0 3 177 1 2 56 1
0
# 709
1 709 1 298 queue9
stage -1.0 32.0 4 129 1 2 33 1
0
# 710
1 710 1 298 queue10
stage -1.0 32.0 1 213 1 2 43 1
0
# 711
1 711 1 298 queue11
stage -1.0 32.0 7 187 1 2 81 1
0
# 712
1 712 1 299 queue12
stage -1.0 32.0 14 218 1 2 83 1
0
# 713
1 713 1 300 queue13
stage -1.0 32.0 5 178 1 2 82 1
0
# 714
1 714 1 300 queue14
stage -1.0 32.0 12 239 1 2 42 1
0
# 715
1 715 1 302 queue15
stage -1.0 32.0 10 216 1 2 96 1
0
# 716
1 716 1 302 queue16
stage -1.0 32.0 11 216 1 2 37 1
0
# 717
1 717 1 302 queue17
stage -1.0 32.0 11 228 1 2 41 1
0
# 718
1 718 1 302 queue18
stage -1.0 32.0 15 223 1 2 249 1
0
# 719
1 719 1 302 queue19
stage -1.0 32.0 15 182 1 2 137 1
0
# 720
1 720 1 302 queue0
stage -1.0 32.0 11 105 1 2 48 1
0
# 721
1 721 1 303 queue1
stage -1.0 32.0 10 102 1 2 16 1
0
# 722
1 722 1 303 queue2
stage -1.0 32.0 11 142 1 2 75 1
0
# 723
1 723 1 303 queue3
stage -1.0 32.0 14 96 1 2 204 1
0
# 724
1 724 1 303 queue4
stage -1.0 32.0 3 160 1 2 30 1
0
# 725
1 725 1 303 queue5
stage -1.0 32.0 8 43 1 2 23 1
0
# 726
1 726 1 304 queue6
stage -1.0 32.0 16 98 1 2 15 1
0
# 727
1 727 1 304 queue7
stage -1.0 32.0 8 64 1 2 5 1
0
# 728
1 728 1 304 queue8
stage -1.0 32.0 7 133 1 2 42 1
0
# 729
1 729 1 306 queue9
stage -1.0 32.0 7 80 1 2 40 1
0
# 730
1 730 1 306 queue10
stage -1.0 32.0 15 224 1 2 309 1
0
# 731
1 731 1 306 queue11
stage -1.0 32.0 9 184 1 2 58 1
0
# 732
1 732 1 306 queue12
stage -1.0 32.0 14 211 1 2 84 1
0
# 733
1 733 1 306 queue13
stage -1.0 32.0 9 179 1 2 73 1
0
# 734
1 734 1 306 queue14
stage -1.0 32.0 8 201 1 2 47 1
0
# 735
1 735 1 306 queue15
stage -1.0 32.0 9 206 1 2 45 1
0
# 736
1 736 1 306 queue16
stage -1.0 32.0 10 167 1 2 387 1
0
# 737
1 737 1 306 queue17
stage -1.0 32.0 9 171 1 2 35 1
0
# 738
1 738 1 306 queue18
stage -1.0 32.0 15 202 1 2 66 1
0
# 739
1 739 1 307 queue19
stage -1.0 32.0 9 166 1 2 37 1
0
# 740
1 740 1 309 queue0
stage -1.0 32.0 16 47 1 2 21 1
0
# 741
1 741 1 309 queue1
stage -1.0 32.0 11 137 1 2 50 1
0
# 742
1 742 1 309 queue2
stage -1.0 32.0 2 66 1 2 15 1
0
# 743
1 743 1 309 queue3
stage -1.0 32.0 4 81 1 2 22 1
0
# 744
1 744 1 310 queue4
stage -1.0 32.0 11 160 1 2 40 1
0
# 745
1 745 1 310 queue5
stage -1.0 32.0 4 71 1 2 13 1
0
# 746
1 746 1 310 queue6
stage -1.0 32.0 15 73 1 2 27 1
0
# 747
1 747 1 310 queue7
stage -1.0 32.0 4 80 1 2 16 1
0
# 748
1 748 1 310 queue8
stage -1.0 32.0 11 59 1 2 7 1
0
# 749
1 749 1 311 queue9
stage -1.0 32.0 13 135 1 2 55 1
0
# 750
1 750 1 311 queue10
stage -1.0 32.0 15 202 1 2 387 1
0
# 751
1 751 1 311 queue11
stage -1.0 32.0 10 189 1 2 49 1
0
# 752
1 752 1 311 queue12
stage -1.0 32.0 9 195 1 2 63 1
0
# 753
1 753 1 311 queue13
stage -1.0 32.0 1 199 1 2 46 1
0
# 754
1 754 1 312 queue14
stage -1.0 32.0 5 198 1 2 23 1
0
# 755
1 755 1 312 queue15
stage -1.0 32.0 12 237 1 2 133 1
0
# 756
1 756 1 312 queue16
stage -1.0 32.0 7 170 1 2 70 1
0
# 757
1 757 1 312 queue17
stage -1.0 32.0 10 211 1 2 400 1
0
# 758
1 758 1 312 queue18
stage -1.0 32.0 13 180 1 2 31 1
0
# 759
1 759 1 312 queue19
stage -1.0 32.0 1 169 1 2 27 1
0
# 760
1 760 1 313 queue0
stage -1.0 32.0 2 146 1 2 49 1
0
# 761
1 761 1 314 queue1
stage -1.0 32.0 13 67 1 2 7 1
0
# 762
1 762 1 315 queue2
stage -1.0 32.0 8 45 1 2 12 1
0
# 763
1 763 1 315 queue3
stage -1.0 32.0 13 69 1 2 28 1
0
# 764
1 764 1 315 queue4
stage -1.0 32.0 9 135 1 2 25 1
0
# 765
1 765 1 316 queue5
stage -1.0 32.0 5 43 1 2 24 1
0
# 766
1 766 1 318 queue6
stage -1.0 32.0 11 49 1 2 6 1
0
# 767
1 767 1 318 queue7
stage -1.0 32.0 7 90 1 2 15 1
0
# 768
1 768 1 319 queue8
stage -1.0 32.0 8 61 1 2 17 1
0
# 769
1 769 1 319 queue9
stage -1.0 32.0 7 92 1 2 23 1
0
# 770
1 770 1 319 queue10
stage -1.0 32.0 2 194 1 2 400 1
0
# 771
1 771 1 319 queue11
stage -1.0 32.0 6 202 1 2 50 1
0
# 772
1 772 1 319 queue12
stage -1.0 32.0 16 177 1 2 21 1
0
# 773
1 773 1 320 queue13
stage -1.0 32.0 13 219 1 2 75 1
0
# 774
1 774 1 320 queue14
stage -1.0 32.0 8 166 1 2 17 1
0
# 775
1 775 1 320 queue15
stage -1.0 32.0 11 208 1 2 60 1
0
# 776
1 776 1 322 queue16
stage -1.0 32.0 10 219 1 2 58 1
0
# 777
1 777 1 322 queue17
stage -1.0 32.0 7 203 1 2 33 1
0
# 778
1 778 1 323 queue18
stage -1.0 32.0 1 171 1 2 63 1
0
# 779
1 779 1 323 queue19
stage -1.0 32.0 13 213 1 2 20 1
0
# 780
1 780 1 323 queue0
stage -1.0 32.0 1 55 1 2 18 1
0
# 781
1 781 1 325 queue1
stage -1.0 32.0 10 100 1 2 400 1
0
# 782
1 782 1 325 queue2
stage -1.0 32.0 14 163 1 2 236 1
0
# 783
1 783 1 325 queue3
stage -1.0 32.0 16 99 1 2 73 1
0
# 784
1 784 1 325 queue4
stage -1.0 32.0 16 77 1 2 13 1
0
# 785
1 785 1 325 queue5
stage -1.0 32.0 8 80 1 2 44 1
0
# 786
1 786 1 326 queue6
stage -1.0 32.0 2 43 1 2 4 1
0
# 787
1 787 1 326 queue7
stage -1.0 32.0 11 119 1 2 130 1
0
# 788
1 788 1 327 queue8
stage -1.0 32.0 16 93 1 2 41 1
0
# 789
1 789 1 327 queue9
stage -1.0 32.0 1 54 1 2 45 1
0
# 790
1 790 1 327 queue10
stage -1.0 32.0 11 212 1 2 17 1
0
# 791
1 791 1 327 queue11
stage -1.0 32.0 2 181 1 2 69 1
0
# 792
1 792 1 327 queue12
stage -1.0 32.0 1 198 1 2 22 1
0
# 793
1 793 1 328 queue13
stage -1.0 32.0 11 216 1 2 29 1
0
# 794
1 794 1 332 queue14
stage -1.0 32.0 6 185 1 2 206 1
0
# 795
1 795 1 334 queue15
stage -1.0 32.0 5 188 1 2 41 1
0
# 796
1 796 1 334 queue16
stage -1.0 32.0 4 198 1 2 37 1
0
# 797
1 797 1 335 queue17
stage -1.0 32.0 6 255 1 2 55 1
0
# 798
1 798 1 335 queue18
stage -1.0 32.0 16 223 1 2 22 1
0
# 799
1 799 1 335 queue19
stage -1.0 32.0 7 177 1 2 400 1
0
# 800
1 800 1 336 queue0
stage -1.0 32.0 6 56 1 2 4 1
0
# 801
1 801 1 337 queue1
stage -1.0 32.0 10 40 1 2 3 1
0
# 802
1 802 1 337 queue2
stage -1.0 32.0 10 83 1 2 5 1
0
# 803
1 803 1 338 queue3
stage -1.0 32.0 11 144 1 2 9 1
0
# 804
1 804 1 338 queue4
stage -1.0 32.0 5 153 1 2 12 1
0
# 805
1 805 1 338 queue5
stage -1.0 32.0 10 104 1 2 6 1
0
# 806
1 806 1 338 queue6
stage -1.0 32.0 3 72 1 2 5 1
0
# 807
1 807 1 338 queue7
stage -1.0 32.0 15 87 1 2 6 1
0
# 808
1 808 1 338 queue8
stage -1.0 32.0 13 119 1 2 6 1
0
# 809
1 809 1 338 queue9
stage -1.0 32.0 6 121 1 2 9 1
0
# 810
1 810 1 338 queue10
stage -1.0 32.0 15 170 1 2 14 1
0
# 811
1 811 1 339 queue11
stage -1.0 32.0 5 167 1 2 10 1
0
# 812
1 812 1 339 queue12
stage -1.0 32.0 1 190 1 2 11 1
0
# 813
1 813 1 340 queue13
stage -1.0 32.0 8 219 1 2 15 1
0
# 814
1 814 1 340 queue14
stage -1.0 32.0 5 159 1 2 11 1
0
# 815
1 815 1 342 queue15
stage -1.0 32.0 15 202 1 2 13 1
0
# 816
1 816 1 343 queue16
stage -1.0 32.0 14 160 1 2 8 1
0
# 817
1 817 1 345 queue17
stage -1.0 32.0 11 228 1 2 11 1
0
# 818
1 818 1 345 queue18
stage -1.0 32.0 16 236 1 2 18 1
0
# 819
1 819 1 345 queue19
stage -1.0 32.0 1 214 1 2 14 1
0
# 820
1 820 1 346 queue0
stage -1.0 32.0 8 99 1 2 6 1
0
# 821
1 821 1 347 queue1
stage -1.0 32.0 5 88 1 2 5 1
0
# 822
1 822 1 348 queue2
stage -1.0 32.0 9 78 1 2 6 1
0
# 823
1 823 1 348 queue3
stage -1.0 32.0 13 56 1 2 5 1
0
# 824
1 824 1 348 queue4
stage -1.0 32.0 11 52 1 2 4 1
0
# 825
1 825 1 348 queue5
stage -1.0 32.0 15 135 1 2 10 1
0
# 826
1 826 1 348 queue6
stage -1.0 32.0 11 46 1 2 3 1
0
# 827
1 827 1 348 queue7
stage -1.0 32.0 5 79 1 2 6 1
0
# 828
1 828 1 349 queue8
stage -1.0 32.0 6 45 1 2 3 1
0
# 829
1 829 1 349 queue9
stage -1.0 32.0 8 169 1 2 12 1
0
# 830
1 830 1 350 queue10
stage -1.0 32.0 6 208 1 2 14 1
0
# 831
1 831 1 350 queue11
stage -1.0 32.0 8 201 1 2 14 1
0
# 832
1 832 1 350 queue12
stage -1.0 32.0 16 209 1 2 10 1
0
# 833
1 833 1 350 queue13
stage -1.0 32.0 5 236 1 2 14 1
0
# 834
1 834 1 351 queue14
stage -1.0 32.0 14 183 1 2 13 1
0
# 835
1 835 1 352 queue15
stage -1.0 32.0 15 202 1 2 16 1
0
# 836
1 836 1 357 queue16
stage -1.0 32.0 1 243 1 2 17 1
0
# 837
1 837 1 357 queue17
stage -1.0 32.0 8 194 1 2 11 1
0
# 838
1 838 1 357 queue18
stage -1.0 32.0 10 218 1 2 13 1
0
# 839
1 839 1 357 queue19
stage -1.0 32.0 15 209 1 2 12 1
0
# 840
1 840 1 357 queue0
stage -1.0 32.0 12 69 1 2 5 1
0
# 841
1 841 1 357 queue1
stage -1.0 32.0 4 119 1 2 8 1
0
# 842
1 842 1 357 queue2
stage -1.0 32.0 5 84 1 2 5 1
0
# 843
1 843 1 358 queue3
stage -1.0 32.0 14 42 1 2 3 1
0
# 844
1 844 1 358 queue4
stage -1.0 32.0 15 104 1 2 5 1
0
# 845
1 845 1 358 queue5
stage -1.0 32.0 7 160 1 2 10 1
0
# 846
1 846 1 373 queue6
stage -1.0 32.0 6 86 1 2 5 1
0
# 847
1 847 1 377 queue7
stage -1.0 32.0 16 108 1 2 8 1
0
# 848
1 848 1 377 queue8
stage -1.0 32.0 14 106 1 2 6 1
0
# 849
1 849 1 377 queue9
stage -1.0 32.0 14 147 1 2 8 1
0
# 850
1 850 1 377 queue10
stage -1.0 32.0 13 170 1 2 8 1
0
# 851
1 851 1 377 queue11
stage -1.0 32.0 16 198 1 2 10 1
0
# 852
1 852 1 377 queue12
stage -1.0 32.0 1 199 1 2 20 1
0
# 853
1 853 1 377 queue13
stage -1.0 32.0 4 176 1 2 12 1
0
# 854
1 854 1 378 queue14
stage -1.0 32.0 4 216 1 2 11 1
0
# 855
1 855 1 378 queue15
stage -1.0 32.0 7 228 1 2 11 1
0
# 856
1 856 1 379 queue16
stage -1.0 32.0 7 201 1 2 28 1
0
# 857
1 857 1 379 queue17
stage -1.0 32.0 15 212 1 2 10 1
0
# 858
1 858 1 379 queue18
stage -1.0 32.0 8 209 1 2 20 1
0
# 859
1 859 1 379 queue19
stage -1.0 32.0 1 216 1 2 15 1
0
# 860
1 860 1 379 queue0
stage -1.0 32.0 3 151 1 2 7 1
0
# 861
1 861 1 379 queue1
stage -1.0 32.0 1 119 1 2 11 1
0
# 862
1 862 1 379 queue2
stage -1.0 32.0 1 52 1 2 2 1
0
# 863
1 863 1 379 queue3
stage -1.0 32.0 14 65 1 2 4 1
0
# 864
1 864 1 379 queue4
stage -1.0 32.0 8 123 1 2 12 1
0
# 865
1 865 1 379 queue5
stage -1.0 32.0 7 71 1 2 4 1
0
# 866
1 866 1 379 queue6
stage -1.0 32.0 8 140 1 2 8 1
0
# 867
1 867 1 379 queue7
stage -1.0 32.0 12 169 1 2 6 1
0
# 868
1 868 1 379 queue8
stage -1.0 32.0 3 144 1 2 9 1
0
# 869
1 869 1 379 queue9
stage -1.0 32.0 14 64 1 2 4 1
0
# 870
1 870 1 379 queue10
stage -1.0 32.0 14 189 1 2 16 1
0
# 871
1 871 1 379 queue11
stage -1.0 32.0 3 224 1 2 13 1
0
# 872
1 872 1 379 queue12
stage -1.0 32.0 3 211 1 2 19 1
0
# 873
1 873 1 379 queue13
stage -1.0 32.0 16 175 1 2 7 1
0
# 874
1 874 1 379 queue14
stage -1.0 32.0 4 155 1 2 6 1
0
# 875
1 875 1 381 queue15
stage -1.0 32.0 15 181 1 2 16 1
0
# 876
1 876 1 381 queue16
stage -1.0 32.0 15 190 1 2 19 1
0
# 877
1 877 1 381 queue17
stage -1.0 32.0 1 249 1 2 16 1
0
# 878
1 878 1 381 queue18
stage -1.0 32.0 1 188 1 2 12 1
0
# 879
1 879 1 381 queue19
stage -1.0 32.0 14 185 1 2 26 1
0
# 880
1 880 1 381 queue0
stage -1.0 32.0 3 91 1 2 6 1
0
# 881
1 881 1 381 queue1
stage -1.0 32.0 11 55 1 2 2 1
0
# 882
1 882 1 381 queue2
stage -1.0 32.0 6 63 1 2 5 1
0
# 883
1 883 1 381 queue3
stage -1.0 32.0 5 65 1 2 4 1
0
# 884
1 884 1 383 queue4
stage -1.0 32.0 4 58 1 2 3 1
0
# 885
1 885 1 383 queue5
stage -1.0 32.0 8 57 1 2 4 1
0
# 886
1 886 1 383 queue6
stage -1.0 32.0 14 107 1 2 7 1
0
# 887
1 887 1 386 queue7
stage -1.0 32.0 7 54 1 2 3 1
0
# 888
1 888 1 386 queue8
stage -1.0 32.0 4 88 1 2 9 1
0
# 889
1 889 1 386 queue9
stage -1.0 32.0 5 96 1 2 13 1
0
# 890
1 890 1 387 queue10
stage -1.0 32.0 7 194 1 2 12 1
0
# 891
1 891 1 387 queue11
stage -1.0 32.0 8 184 1 2 10 1
0
# 892
1 892 1 389 queue12
stage -1.0 32.0 5 200 1 2 9 1
0
# 893
1 893 1 389 queue13
stage -1.0 32.0 3 197 1 2 11 1
0
# 894
1 894 1 391 queue14
stage -1.0 32.0 9 209 1 2 13 1
0
# 895
1 895 1 391 queue15
stage -1.0 32.0 4 204 1 2 11 1
0
# 896
1 896 1 391 queue16
stage -1.0 32.0 3 199 1 2 24 1
0
# 897
1 897 1 391 queue17
stage -1.0 32.0 13 176 1 2 33 1
0
# 898
1 898 1 392 queue18
stage -1.0 32.0 8 195 1 2 18 1
0
# 899
1 899 1 393 queue19
stage -1.0 32.0 7 191 1 2 12 1
0
# 900
1 900 1 393 queue0
stage -1.0 32.0 12 72 1 2 14 1
0
# 901
1 901 1 393 queue1
stage -1.0 32.0 11 80 1 2 3 1
0
# 902
1 902 1 393 queue2
stage -1.0 32.0 12 96 1 2 3 1
0
# 903
1 903 1 393 queue3
stage -1.0 32.0 2 136 1 2 16 1
0
# 904
1 904 1 393 queue4
stage -1.0 32.0 4 171 1 2 37 1
0
# 905
1 905 1 394 queue5
stage -1.0 32.0 15 43 1 2 3 1
0
# 906
1 906 1 394 queue6
stage -1.0 32.0 2 46 1 2 5 1
0
# 907
1 907 1 394 queue7
stage -1.0 32.0 14 56 1 2 2 1
0
# 908
1 908 1 394 queue8
stage -1.0 32.0 1 60 1 2 5 1
0
# 909
1 909 1 395 queue9
stage -1.0 32.0 1 125 1 2 5 1
0
# 910
1 910 1 395 queue10
stage -1.0 32.0 2 206 1 2 19 1
0
# 911
1 911 1 395 queue11
stage -1.0 32.0 7 186 1 2 5 1
0
# 912
1 912 1 395 queue12
stage -1.0 32.0 12 218 1 2 33 1
0
# 913
1 913 1 395 queue13
stage -1.0 32.0 16 214 1 2 8 1
0
# 914
1 914 1 395 queue14
stage -1.0 32.0 16 214 1 2 52 1
0
# 915
1 915 1 395 queue15
stage -1.0 32.0 11 188 1 2 4 1
0
# 916
1 916 1 397 queue16
stage -1.0 32.0 2 223 1 2 11 1
0
# 917
1 917 1 397 queue17
stage -1.0 32.0 4 200 1 2 66 1
0
# 918
1 918 1 398 queue18
stage -1.0 32.0 6 217 1 2 7 1
0
# 919
1 919 1 398 queue19
stage -1.0 32.0 15 163 1 2 87 1
0
# 920
1 920 1 399 queue0
stage -1.0 32.0 7 117 1 2 3 1
0
# 921
1 921 1 399 queue1
stage -1.0 32.0 13 172 1 2 4 1
0
# 922
1 922 1 399 queue2
stage -1.0 32.0 1 61 1 2 4 1
0
# 923
1 923 1 399 queue3
stage -1.0 32.0 11 153 1 2 13 1
0
# 924
1 924 1 400 queue4
stage -1.0 32.0 1 76 1 2 2 1
0
# 925
1 925 1 400 queue5
stage -1.0 32.0 14 47 1 2 11 1
0
# 926
1 926 1 400 queue6
stage -1.0 32.0 12 78 1 2 2 1
0
# 927
1 927 1 400 queue7
stage -1.0 32.0 5 129 1 2 8 1
0
# 928
1 928 1 400 queue8
stage -1.0 32.0 10 63 1 2 6 1
0
# 929
1 929 1 400 queue9
stage -1.0 32.0 1 112 1 2 28 1
0
# 930
1 930 1 402 queue10
stage -1.0 32.0 9 185 1 2 38 1
0
# 931
1 931 1 402 queue11
stage -1.0 32.0 7 186 1 2 39 1
0
# 932
1 932 1 402 queue12
stage -1.0 32.0 16 253 1 2 17 1
0
# 933
1 933 1 402 queue13
stage -1.0 32.0 8 211 1 2 108 1
0
# 934
1 934 1 402 queue14
stage -1.0 32.0 1 217 1 2 22 1
0
# 935
1 935 1 403 queue15
stage -1.0 32.0 14 203 1 2 6 1
0
# 936
1 936 1 405 queue16
stage -1.0 32.0 12 195 1 2 4 1
0
# 937
1 937 1 406 queue17
stage -1.0 32.0 5 155 1 2 9 1
0
# 938
1 938 1 406 queue18
stage -1.0 32.0 5 212 1 2 4 1
0
# 939
1 939 1 408 queue19
stage -1.0 32.0 4 185 1 2 8 1
0
# 940
1 940 1 409 queue0
stage -1.0 32.0 9 43 1 2 2 1
0
# 941
1 941 1 411 queue1
stage -1.0 32.0 11 68 1 2 2 1
0
# 942
1 942 1 412 queue2
stage -1.0 32.0 14 65 1 2 11 1
0
# 943
1 943 1 412 queue3
stage -1.0 32.0 4 72 1 2 7 1
0
# 944
1 944 1 413 queue4
stage -1.0 32.0 7 97 1 2 3 1
0
# 945
1 945 1 413 queue5
stage -1.0 32.0 4 57 1 2 4 1
0
# 946
1 946 1 415 queue6
stage -1.0 32.0 5 41 1 2 1 1
0
# 947
1 947 1 415 queue7
stage -1.0 32.0 7 117 1 2 3 1
0
# 948
1 948 1 415 queue8
stage -1.0 32.0 1 69 1 2 6 1
0
# 949
1 949 1 415 queue9
stage -1.0 32.0 2 66 1 2 6 1
0
# 950
1 950 1 416 queue10
stage -1.0 32.0 6 198 1 2 11 1
0
# 951
1 951 1 417 queue11
stage -1.0 32.0 9 229 1 2 6 1
0
# 952
1 952 1 417 queue12
stage -1.0 32.0 1 190 1 2 305 1
0
# 953
1 953 1 417 queue13
stage -1.0 32.0 12 164 1 2 7 1
0
# 954
1 954 1 417 queue14
stage -1.0 32.0 5 193 1 2 5 1
0
# 955
1 955 1 417 queue15
stage -1.0 32.0 12 224 1 2 13 1
0
# 956
1 956 1 418 queue16
stage -1.0 32.0 7 232 1 2 18 1
0
# 957
1 957 1 419 queue17
stage -1.0 32.0 7 174 1 2 4 1
0
# 958
1 958 1 419 queue18
stage -1.0 32.0 8 175 1 2 3 1
0
# 959
1 959 1 419 queue19
stage -1.0 32.0 16 211 1 2 5 1
0
# 960
1 960 1 422 queue0
stage -1.0 32.0 7 120 1 2 6 1
0
# 961
1 961 1 422 queue1
stage -1.0 32.0 7 54 1 2 2 1
0
# 962
1 962 1 422 queue2
stage -1.0 32.0 2 100 1 2 2 1
0
# 963
1 963 1 424 queue3
stage -1.0 32.0 1 43 1 2 5 1
0
# 964
1 964 1 424 queue4
stage -1.0 32.0 3 137 1 2 4 1
0
# 965
1 965 1 424 queue5
stage -1.0 32.0 16 67 1 2 4 1
0
# 966
1 966 1 424 queue6
stage -1.0 32.0 13 59 1 2 2 1
0
# 967
1 967 1 424 queue7
stage -1.0 32.0 12 104 1 2 4 1
0
# 968
1 968 1 424 queue8
stage -1.0 32.0 10 171 1 2 4 1
0
# 969
1 969 1 424 queue9
stage -1.0 32.0 15 54 1 2 1 1
0
# 970
1 970 1 424 queue10
stage -1.0 32.0 3 206 1 2 10 1
0
# 971
1 971 1 424 queue11
stage -1.0 32.0 10 193 1 2 8 1
0
# 972
1 972 1 427 queue12
stage -1.0 32.0 14 174 1 2 50 1
0
# 973
1 973 1 427 queue13
stage -1.0 32.0 9 177 1 2 47 1
0
# 974
1 974 1 427 queue14
stage -1.0 32.0 2 183 1 2 9 1
0
# 975
1 975 1 427 queue15
stage -1.0 32.0 16 194 1 2 30 1
0
# 976
1 976 1 427 queue16
stage -1.0 32.0 11 202 1 2 6 1
0
# 977
1 977 1 430 queue17
stage -1.0 32.0 4 229 1 2 53 1
0
# 978
1 978 1 430 queue18
stage -1.0 32.0 7 174 1 2 5 1
0
# 979
1 979 1 431 queue19
stage -1.0 32.0 8 203 1 2 18 1
0
# 980
1 980 1 432 queue0
stage -1.0 32.0 13 74 1 2 3 1
0
# 981
1 981 1 432 queue1
stage -1.0 32.0 6 158 1 2 6 1
0
# 982
1 982 1 432 queue2
stage -1.0 32.0 13 69 1 2 4 1
0
# 983
1 983 1 432 queue3
stage -1.0 32.0 14 46 1 2 1 1
0
# 984
1 984 1 432 queue4
stage -1.0 32.0 4 125 1 2 400 1
0
# 985
1 985 1 433 queue5
stage -1.0 32.0 6 85 1 2 3 1
0
# 986
1 986 1 433 queue6
stage -1.0 32.0 12 88 1 2 4 1
0
# 987
1 987 1 434 queue7
stage -1.0 32.0 16 43 1 2 4 1
0
# 988
1 988 1 434 queue8
stage -1.0 32.0 3 168 1 2 18 1
0
# 989
1 989 1 434 queue9
stage -1.0 32.0 6 69 1 2 3 1
0
# 990
1 990 1 434 queue10
stage -1.0 32.0 14 214 1 2 7 1
0
# 991
1 991 1 434 queue11
stage -1.0 32.0 15 188 1 2 49 1
0
# 992
1 992 1 434 queue12
stage -1.0 32.0 8 164 1 2 3 1
0
# 993
1 993 1 435 queue13
stage -1.0 32.0 11 205 1 2 10 1
0
# 994
1 994 1 435 queue14
stage -1.0 32.0 8 207 1 2 7 1
0
# 995
1 995 1 436 queue15
stage -1.0 32.0 13 203 1 2 13 1
0
# 996
1 996 1 436 queue16
stage -1.0 32.0 12 220 1 2 400 1
0
# 997
1 997 1 437 queue17
stage -1.0 32.0 2 185 1 2 4 1
0
# 998
1 998 1 437 queue18
stage -1.0 32.0 12 208 1 2 282 1
0
# 999
1 999 1 549 queue19
stage -1.0 32.0 14 201 1 2 21 1
0
