# 0
1 0 1 32 queue0
stage -1.0 32.0 13 86 1 2 71 1
0
# 1
1 1 1 345 queue1
stage -1.0 32.0 3 110 1 2 90 1
0
# 2
1 2 1 949 queue2
stage -1.0 32.0 2 32 1 2 36 1
0
# 3
1 3 1 822 queue3
stage -1.0 32.0 6 73 1 2 74 1
0
# 4
1 4 1 225 queue4
stage -1.0 32.0 12 53 1 2 42 1
0
# 5
1 5 1 1040 queue5
stage -1.0 32.0 6 229 1 2 179 1
0
# 6
1 6 1 641 queue6
stage -1.0 32.0 6 137 1 2 141 1
0
# 7
1 7 1 659 queue7
stage -1.0 32.0 9 193 1 2 176 1
0
# 8
1 8 1 581 queue8
stage -1.0 32.0 11 184 1 2 180 1
0
# 9
1 9 1 231 queue9
stage -1.0 32.0 6 181 1 2 165 1
0
# 10
1 10 1 866 queue0
stage -1.0 32.0 11 52 1 2 58 1
0
# 11
1 11 1 152 queue1
stage -1.0 32.0 9 62 1 2 52 1
0
# 12
1 12 1 899 queue2
stage -1.0 32.0 14 28 1 2 30 1
0
# 13
1 13 1 659 queue3
stage -1.0 32.0 9 82 1 2 78 1
0
# 14
1 14 1 609 queue4
stage -1.0 32.0 15 53 1 2 52 1
0
# 15
1 15 1 807 queue5
stage -1.0 32.0 13 136 1 2 151 1
0
# 16
1 16 1 498 queue6
stage -1.0 32.0 6 213 1 2 178 1
0
# 17
1 17 1 356 queue7
stage -1.0 32.0 1 220 1 2 204 1
0
# 18
1 18 1 567 queue8
stage -1.0 32.0 16 129 1 2 143 1
0
# 19
1 19 1 437 queue9
stage -1.0 32.0 8 216 1 2 196 1
0
# 20
1 20 1 840 queue0
stage -1.0 32.0 11 121 1 2 95 1
0
# 21
1 21 1 529 queue1
stage -1.0 32.0 14 41 1 2 37 1
0
# 22
1 22 1 1366 queue2
stage -1.0 32.0 6 95 1 2 84 1
0
# 23
1 23 1 628 queue3
stage -1.0 32.0 8 55 1 2 51 1
0
# 24
1 24 1 154 queue4
stage -1.0 32.0 9 48 1 2 56 1
0
# 25
1 25 1 743 queue5
stage -1.0 32.0 7 190 1 2 162 1
0
# 26
1 26 1 480 queue6
stage -1.0 32.0 9 221 1 2 165 1
0
# 27
1 27 1 187 queue7
stage -1.0 32.0 14 180 1 2 157 1
0
# 28
1 28 1 859 queue8
stage -1.0 32.0 12 216 1 2 207 1
0
# 29
1 29 1 1128 queue9
stage -1.0 32.0 13 127 1 2 151 1
0
# 30
1 30 1 194 queue0
stage -1.0 32.0 3 68 1 2 64 1
0
# 31
1 31 1 348 queue1
stage -1.0 32.0 11 135 1 2 133 1
0
# 32
1 32 1 428 queue2
stage -1.0 32.0 10 91 1 2 62 1
0
# 33
1 33 1 274 queue3
stage -1.0 32.0 8 159 1 2 148 1
0
# 34
1 34 1 1064 queue4
stage -1.0 32.0 4 72 1 2 87 1
0
# 35
1 35 1 2 queue5
stage -1.0 32.0 10 215 1 2 198 1
0
# 36
1 36 1 615 queue6
stage -1.0 32.0 7 170 1 2 147 1
0
# 37
1 37 1 162 queue7
stage -1.0 32.0 1 207 1 2 151 1
0
# 38
1 38 1 696 queue8
stage -1.0 32.0 3 187 1 2 162 1
0
# 39
1 39 1 524 queue9
stage -1.0 32.0 5 178 1 2 140 1
0
# 40
1 40 1 186 queue0
stage -1.0 32.0 11 118 1 2 95 1
0
# 41
1 41 1 779 queue1
stage -1.0 32.0 13 51 1 2 58 1
0
# 42
1 42 1 240 queue2
stage -1.0 32.0 10 47 1 2 43 1
0
# 43
1 43 1 825 queue3
stage -1.0 32.0 15 38 1 2 42 1
0
# 44
1 44 1 315 queue4
stage -1.0 32.0 2 66 1 2 66 1
0
# 45
1 45 1 2 queue5
stage -1.0 32.0 2 189 1 2 183 1
0
# 46
1 46 1 646 queue6
stage -1.0 32.0 12 178 1 2 174 1
0
# 47
1 47 1 466 queue7
stage -1.0 32.0 9 214 1 2 198 1
0
# 48
1 48 1 259 queue8
stage -1.0 32.0 8 142 1 2 151 1
0
# 49
1 49 1 545 queue9
stage -1.0 32.0 7 220 1 2 218 1
0
# 50
1 50 1 551 queue0
stage -1.0 32.0 9 94 1 2 101 1
0
# 51
1 51 1 425 queue1
stage -1.0 32.0 16 64 1 2 42 1
0
# 52
1 52 1 1130 queue2
stage -1.0 32.0 4 82 1 2 65 1
0
# 53
1 53 1 1013 queue3
stage -1.0 32.0 10 57 1 2 35 1
0
# 54
1 54 1 340 queue4
stage -1.0 32.0 11 165 1 2 110 1
0
# 55
1 55 1 591 queue5
stage -1.0 32.0 3 127 1 2 129 1
0
# 56
1 56 1 929 queue6
stage -1.0 32.0 8 144 1 2 179 1
0
# 57
1 57 1 683 queue7
stage -1.0 32.0 9 205 1 2 155 1
0
# 58
1 58 1 563 queue8
stage -1.0 32.0 6 180 1 2 131 1
0
# 59
1 59 1 350 queue9
stage -1.0 32.0 2 201 1 2 190 1
0
# 60
1 60 1 415 queue0
stage -1.0 32.0 7 41 1 2 37 1
0
# 61
1 61 1 991 queue1
stage -1.0 32.0 8 73 1 2 62 1
0
# 62
1 62 1 347 queue2
stage -1.0 32.0 15 95 1 2 54 1
0
# 63
1 63 1 416 queue3
stage -1.0 32.0 13 148 1 2 121 1
0
# 64
1 64 1 645 queue4
stage -1.0 32.0 5 50 1 2 41 1
0
# 65
1 65 1 522 queue5
stage -1.0 32.0 13 208 1 2 110 1
0
# 66
1 66 1 628 queue6
stage -1.0 32.0 12 210 1 2 170 1
0
# 67
1 67 1 360 queue7
stage -1.0 32.0 15 215 1 2 197 1
0
# 68
1 68 1 326 queue8
stage -1.0 32.0 2 180 1 2 91 1
0
# 69
1 69 1 594 queue9
stage -1.0 32.0 5 175 1 2 131 1
0
# 70
1 70 1 149 queue0
stage -1.0 32.0 5 50 1 2 55 1
0
# 71
1 71 1 573 queue1
stage -1.0 32.0 7 87 1 2 58 1
0
# 72
1 72 1 201 queue2
stage -1.0 32.0 6 64 1 2 29 1
0
# 73
1 73 1 246 queue3
stage -1.0 32.0 14 67 1 2 55 1
0
# 74
1 74 1 353 queue4
stage -1.0 32.0 5 163 1 2 106 1
0
# 75
1 75 1 412 queue5
stage -1.0 32.0 1 178 1 2 169 1
0
# 76
1 76 1 570 queue6
stage -1.0 32.0 4 216 1 2 160 1
0
# 77
1 77 1 921 queue7
stage -1.0 32.0 1 194 1 2 111 1
0
# 78
1 78 1 306 queue8
stage -1.0 32.0 10 132 1 2 151 1
0
# 79
1 79 1 672 queue9
stage -1.0 32.0 14 222 1 2 174 1
0
# 80
1 80 1 366 queue0
stage -1.0 32.0 6 28 1 2 30 1
0
# 81
1 81 1 591 queue1
stage -1.0 32.0 13 117 1 2 122 1
0
# 82
1 82 1 770 queue2
stage -1.0 32.0 3 62 1 2 51 1
0
# 83
1 83 1 1015 queue3
stage -1.0 32.0 7 171 1 2 91 1
0
# 84
1 84 1 1124 queue4
stage -1.0 32.0 14 127 1 2 86 1
0
# 85
1 85 1 460 queue5
stage -1.0 32.0 11 163 1 2 134 1
0
# 86
1 86 1 180 queue6
stage -1.0 32.0 12 221 1 2 128 1
0
# 87
1 87 1 376 queue7
stage -1.0 32.0 11 220 1 2 130 1
0
# 88
1 88 1 516 queue8
stage -1.0 32.0 15 203 1 2 188 1
0
# 89
1 89 1 537 queue9
stage -1.0 32.0 7 201 1 2 169 1
0
# 90
1 90 1 205 queue0
stage -1.0 32.0 3 62 1 2 38 1
0
# 91
1 91 1 1093 queue1
stage -1.0 32.0 13 53 1 2 50 1
0
# 92
1 92 1 365 queue2
stage -1.0 32.0 10 176 1 2 108 1
0
# 93
1 93 1 114 queue3
stage -1.0 32.0 9 49 1 2 42 1
0
# 94
1 94 1 1052 queue4
stage -1.0 32.0 12 151 1 2 72 1
0
# 95
1 95 1 611 queue5
stage -1.0 32.0 10 204 1 2 134 1
0
# 96
1 96 1 344 queue6
stage -1.0 32.0 2 216 1 2 176 1
0
# 97
1 97 1 1066 queue7
stage -1.0 32.0 12 249 1 2 195 1
0
# 98
1 98 1 210 queue8
stage -1.0 32.0 5 179 1 2 130 1
0
# 99
1 99 1 452 queue9
stage -1.0 32.0 8 183 1 2 168 1
0
# 100
1 100 1 642 queue0
stage -1.0 32.0 8 62 1 2 42 1
0
# 101
1 101 1 234 queue1
stage -1.0 32.0 7 154 1 2 69 1
0
# 102
1 102 1 153 queue2
stage -1.0 32.0 13 70 1 2 28 1
0
# 103
1 103 1 782 queue3
stage -1.0 32.0 7 48 1 2 11 1
0
# 104
1 104 1 1098 queue4
stage -1.0 32.0 4 85 1 2 31 1
0
# 105
1 105 1 1321 queue5
stage -1.0 32.0 4 206 1 2 140 1
0
# 106
1 106 1 644 queue6
stage -1.0 32.0 1 201 1 2 195 1
0
# 107
1 107 1 339 queue7
stage -1.0 32.0 9 207 1 2 88 1
0
# 108
1 108 1 881 queue8
stage -1.0 32.0 8 202 1 2 157 1
0
# 109
1 109 1 624 queue9
stage -1.0 32.0 15 234 1 2 126 1
0
# 110
1 110 1 506 queue0
stage -1.0 32.0 3 58 1 2 38 1
0
# 111
1 111 1 846 queue1
stage -1.0 32.0 16 54 1 2 18 1
0
# 112
1 112 1 430 queue2
stage -1.0 32.0 15 172 1 2 114 1
0
# 113
1 113 1 796 queue3
stage -1.0 32.0 3 78 1 2 28 1
0
# 114
1 114 1 681 queue4
stage -1.0 32.0 2 134 1 2 63 1
0
# 115
1 115 1 624 queue5
stage -1.0 32.0 7 204 1 2 47 1
0
# 116
1 116 1 625 queue6
stage -1.0 32.0 10 193 1 2 80 1
0
# 117
1 117 1 58 queue7
stage -1.0 32.0 15 187 1 2 108 1
0
# 118
1 118 1 424 queue8
stage -1.0 32.0 12 214 1 2 159 1
0
# 119
1 119 1 1006 queue9
stage -1.0 32.0 5 209 1 2 162 1
0
# 120
1 120 1 1302 queue0
stage -1.0 32.0 3 76 1 2 24 1
0
# 121
1 121 1 625 queue1
stage -1.0 32.0 7 131 1 2 44 1
0
# 122
1 122 1 304 queue2
stage -1.0 32.0 16 27 1 2 30 1
0
# 123
1 123 1 611 queue3
stage -1.0 32.0 11 53 1 2 21 1
0
# 124
1 124 1 131 queue4
stage -1.0 32.0 1 122 1 2 104 1
0
# 125
1 125 1 587 queue5
stage -1.0 32.0 13 181 1 2 86 1
0
# 126
1 126 1 40 queue6
stage -1.0 32.0 2 182 1 2 85 1
0
# 127
1 127 1 754 queue7
stage -1.0 32.0 10 172 1 2 41 1
0
# 128
1 128 1 19 queue8
stage -1.0 32.0 7 189 1 2 78 1
0
# 129
1 129 1 987 queue9
stage -1.0 32.0 12 175 1 2 136 1
0
# 130
1 130 1 484 queue0
stage -1.0 32.0 16 35 1 2 38 1
0
# 131
1 131 1 514 queue1
stage -1.0 32.0 11 93 1 2 41 1
0
# 132
1 132 1 657 queue2
stage -1.0 32.0 6 55 1 2 20 1
0
# 133
1 133 1 145 queue3
stage -1.0 32.0 13 40 1 2 29 1
0
# 134
1 134 1 1129 queue4
stage -1.0 32.0 10 72 1 2 28 1
0
# 135
1 135 1 349 queue5
stage -1.0 32.0 6 195 1 2 52 1
0
# 136
1 136 1 302 queue6
stage -1.0 32.0 5 205 1 2 97 1
0
# 137
1 137 1 335 queue7
stage -1.0 32.0 2 216 1 2 162 1
0
# 138
1 138 1 612 queue8
stage -1.0 32.0 11 196 1 2 77 1
0
# 139
1 139 1 1007 queue9
stage -1.0 32.0 6 200 1 2 91 1
0
# 140
1 140 1 596 queue0
stage -1.0 32.0 14 177 1 2 59 1
0
# 141
1 141 1 807 queue1
stage -1.0 32.0 1 66 1 2 70 1
0
# 142
1 142 1 212 queue2
stage -1.0 32.0 3 175 1 2 75 1
0
# 143
1 143 1 496 queue3
stage -1.0 32.0 2 176 1 2 118 1
0
# 144
1 144 1 359 queue4
stage -1.0 32.0 15 115 1 2 39 1
0
# 145
1 145 1 997 queue5
stage -1.0 32.0 14 223 1 2 59 1
0
# 146
1 146 1 302 queue6
stage -1.0 32.0 8 226 1 2 81 1
0
# 147
1 147 1 140 queue7
stage -1.0 32.0 11 139 1 2 141 1
0
# 148
1 148 1 377 queue8
stage -1.0 32.0 4 202 1 2 82 1
0
# 149
1 149 1 151 queue9
stage -1.0 32.0 16 198 1 2 126 1
0
# 150
1 150 1 452 queue0
stage -1.0 32.0 12 44 1 2 21 1
0
# 151
1 151 1 202 queue1
stage -1.0 32.0 7 53 1 2 17 1
0
# 152
1 152 1 647 queue2
stage -1.0 32.0 15 74 1 2 57 1
0
# 153
1 153 1 987 queue3
stage -1.0 32.0 10 49 1 2 11 1
0
# 154
1 154 1 504 queue4
stage -1.0 32.0 1 105 1 2 86 1
0
# 155
1 155 1 543 queue5
stage -1.0 32.0 10 186 1 2 92 1
0
# 156
1 156 1 523 queue6
stage -1.0 32.0 2 203 1 2 105 1
0
# 157
1 157 1 264 queue7
stage -1.0 32.0 3 208 1 2 32 1
0
# 158
1 158 1 1121 queue8
stage -1.0 32.0 10 196 1 2 88 1
0
# 159
1 159 1 334 queue9
stage -1.0 32.0 6 155 1 2 79 1
0
# 160
1 160 1 605 queue0
stage -1.0 32.0 3 178 1 2 44 1
0
# 161
1 161 1 676 queue1
stage -1.0 32.0 2 149 1 2 90 1
0
# 162
1 162 1 977 queue2
stage -1.0 32.0 8 128 1 2 50 1
0
# 163
1 163 1 1114 queue3
stage -1.0 32.0 2 114 1 2 50 1
0
# 164
1 164 1 537 queue4
stage -1.0 32.0 12 43 1 2 8 1
0
# 165
1 165 1 520 queue5
stage -1.0 32.0 13 193 1 2 144 1
0
# 166
1 166 1 272 queue6
stage -1.0 32.0 3 203 1 2 119 1
0
# 167
1 167 1 527 queue7
stage -1.0 32.0 7 218 1 2 93 1
0
# 168
1 168 1 557 queue8
stage -1.0 32.0 13 207 1 2 115 1
0
# 169
1 169 1 613 queue9
stage -1.0 32.0 4 152 1 2 35 1
0
# 170
1 170 1 1062 queue0
stage -1.0 32.0 7 82 1 2 13 1
0
# 171
1 171 1 1052 queue1
stage -1.0 32.0 3 74 1 2 15 1
0
# 172
1 172 1 729 queue2
stage -1.0 32.0 5 65 1 2 13 1
0
# 173
1 173 1 997 queue3
stage -1.0 32.0 3 83 1 2 14 1
0
# 174
1 174 1 351 queue4
stage -1.0 32.0 4 50 1 2 13 1
0
# 175
1 175 1 435 queue5
stage -1.0 32.0 5 216 1 2 60 1
0
# 176
1 176 1 481 queue6
stage -1.0 32.0 14 197 1 2 162 1
0
# 177
1 177 1 494 queue7
stage -1.0 32.0 8 202 1 2 55 1
0
# 178
1 178 1 855 queue8
stage -1.0 32.0 5 179 1 2 40 1
0
# 179
1 179 1 768 queue9
stage -1.0 32.0 5 211 1 2 97 1
0
# 180
1 180 1 176 queue0
stage -1.0 32.0 16 51 1 2 22 1
0
# 181
1 181 1 806 queue1
stage -1.0 32.0 11 54 1 2 16 1
0
# 182
1 182 1 327 queue2
stage -1.0 32.0 15 36 1 2 38 1
0
# 183
1 183 1 544 queue3
stage -1.0 32.0 16 45 1 2 16 1
0
# 184
1 184 1 480 queue4
stage -1.0 32.0 2 50 1 2 21 1
0
# 185
1 185 1 770 queue5
stage -1.0 32.0 6 194 1 2 50 1
0
# 186
1 186 1 503 queue6
stage -1.0 32.0 12 234 1 2 113 1
0
# 187
1 187 1 691 queue7
stage -1.0 32.0 7 213 1 2 79 1
0
# 188
1 188 1 534 queue8
stage -1.0 32.0 7 125 1 2 153 1
0
# 189
1 189 1 184 queue9
stage -1.0 32.0 8 170 1 2 42 1
0
# 190
1 190 1 939 queue0
stage -1.0 32.0 13 108 1 2 30 1
0
# 191
1 191 1 190 queue1
stage -1.0 32.0 16 90 1 2 37 1
0
# 192
1 192 1 71 queue2
stage -1.0 32.0 5 72 1 2 82 1
0
# 193
1 193 1 326 queue3
stage -1.0 32.0 4 141 1 2 37 1
0
# 194
1 194 1 1192 queue4
stage -1.0 32.0 4 126 1 2 33 1
0
# 195
1 195 1 341 queue5
stage -1.0 32.0 5 196 1 2 98 1
0
# 196
1 196 1 471 queue6
stage -1.0 32.0 6 187 1 2 54 1
0
# 197
1 197 1 629 queue7
stage -1.0 32.0 13 189 1 2 46 1
0
# 198
1 198 1 711 queue8
stage -1.0 32.0 16 229 1 2 204 1
0
# 199
1 199 1 985 queue9
stage -1.0 32.0 5 201 1 2 61 1
0
# 200
1 200 1 1165 queue0
stage -1.0 32.0 10 108 1 2 69 1
0
# 201
1 201 1 483 queue1
stage -1.0 32.0 2 62 1 2 52 1
0
# 202
1 202 1 699 queue2
stage -1.0 32.0 8 116 1 2 93 1
0
# 203
1 203 1 632 queue3
stage -1.0 32.0 1 69 1 2 60 1
0
# 204
1 204 1 1113 queue4
stage -1.0 32.0 3 134 1 2 78 1
0
# 205
1 205 1 729 queue5
stage -1.0 32.0 2 130 1 2 137 1
0
# 206
1 206 1 899 queue6
stage -1.0 32.0 16 186 1 2 104 1
0
# 207
1 207 1 34 queue7
stage -1.0 32.0 13 111 1 2 111 1
0
# 208
1 208 1 349 queue8
stage -1.0 32.0 7 199 1 2 158 1
0
# 209
1 209 1 695 queue9
stage -1.0 32.0 6 184 1 2 150 1
0
# 210
1 210 1 1156 queue0
stage -1.0 32.0 12 45 1 2 29 1
0
# 211
1 211 1 230 queue1
stage -1.0 32.0 4 147 1 2 95 1
0
# 212
1 212 1 177 queue2
stage -1.0 32.0 15 102 1 2 62 1
0
# 213
1 213 1 547 queue3
stage -1.0 32.0 8 73 1 2 58 1
0
# 214
1 214 1 524 queue4
stage -1.0 32.0 9 86 1 2 55 1
0
# 215
1 215 1 804 queue5
stage -1.0 32.0 13 179 1 2 107 1
0
# 216
1 216 1 325 queue6
stage -1.0 32.0 3 186 1 2 100 1
0
# 217
1 217 1 811 queue7
stage -1.0 32.0 11 164 1 2 100 1
0
# 218
1 218 1 227 queue8
stage -1.0 32.0 12 206 1 2 164 1
0
# 219
1 219 1 514 queue9
stage -1.0 32.0 8 176 1 2 130 1
0
# 220
1 220 1 478 queue0
stage -1.0 32.0 5 59 1 2 48 1
0
# 221
1 221 1 841 queue1
stage -1.0 32.0 10 60 1 2 44 1
0
# 222
1 222 1 312 queue2
stage -1.0 32.0 4 61 1 2 36 1
0
# 223
1 223 1 752 queue3
stage -1.0 32.0 15 98 1 2 62 1
0
# 224
1 224 1 850 queue4
stage -1.0 32.0 15 77 1 2 54 1
0
# 225
1 225 1 145 queue5
stage -1.0 32.0 4 204 1 2 162 1
0
# 226
1 226 1 712 queue6
stage -1.0 32.0 3 193 1 2 120 1
0
# 227
1 227 1 666 queue7
stage -1.0 32.0 16 201 1 2 138 1
0
# 228
1 228 1 660 queue8
stage -1.0 32.0 8 211 1 2 98 1
0
# 229
1 229 1 868 queue9
stage -1.0 32.0 14 240 1 2 167 1
0
# 230
1 230 1 1094 queue0
stage -1.0 32.0 10 80 1 2 64 1
0
# 231
1 231 1 616 queue1
stage -1.0 32.0 10 68 1 2 48 1
0
# 232
1 232 1 89 queue2
stage -1.0 32.0 9 72 1 2 43 1
0
# 233
1 233 1 1088 queue3
stage -1.0 32.0 3 93 1 2 63 1
0
# 234
1 234 1 849 queue4
stage -1.0 32.0 2 128 1 2 92 1
0
# 235
1 235 1 1001 queue5
stage -1.0 32.0 16 194 1 2 154 1
0
# 236
1 236 1 457 queue6
stage -1.0 32.0 13 196 1 2 137 1
0
# 237
1 237 1 323 queue7
stage -1.0 32.0 7 203 1 2 181 1
0
# 238
1 238 1 255 queue8
stage -1.0 32.0 14 195 1 2 194 1
0
# 239
1 239 1 359 queue9
stage -1.0 32.0 16 169 1 2 142 1
0
# 240
1 240 1 199 queue0
stage -1.0 32.0 16 89 1 2 61 1
0
# 241
1 241 1 798 queue1
stage -1.0 32.0 14 41 1 2 26 1
0
# 242
1 242 1 795 queue2
stage -1.0 32.0 9 100 1 2 58 1
0
# 243
1 243 1 667 queue3
stage -1.0 32.0 14 81 1 2 52 1
0
# 244
1 244 1 321 queue4
stage -1.0 32.0 14 175 1 2 122 1
0
# 245
1 245 1 1035 queue5
stage -1.0 32.0 7 175 1 2 111 1
0
# 246
1 246 1 303 queue6
stage -1.0 32.0 7 198 1 2 119 1
0
# 247
1 247 1 1274 queue7
stage -1.0 32.0 12 180 1 2 142 1
0
# 248
1 248 1 733 queue8
stage -1.0 32.0 5 209 1 2 125 1
0
# 249
1 249 1 91 queue9
stage -1.0 32.0 2 192 1 2 129 1
0
# 250
1 250 1 705 queue0
stage -1.0 32.0 13 130 1 2 30 1
0
# 251
1 251 1 478 queue1
stage -1.0 32.0 3 113 1 2 20 1
0
# 252
1 252 1 751 queue2
stage -1.0 32.0 4 62 1 2 16 1
0
# 253
1 253 1 980 queue3
stage -1.0 32.0 9 120 1 2 30 1
0
# 254
1 254 1 1011 queue4
stage -1.0 32.0 12 69 1 2 11 1
0
# 255
1 255 1 1078 queue5
stage -1.0 32.0 8 199 1 2 34 1
0
# 256
1 256 1 219 queue6
stage -1.0 32.0 8 193 1 2 87 1
0
# 257
1 257 1 171 queue7
stage -1.0 32.0 13 166 1 2 32 1
0
# 258
1 258 1 766 queue8
stage -1.0 32.0 8 232 1 2 46 1
0
# 259
1 259 1 1382 queue9
stage -1.0 32.0 9 218 1 2 32 1
0
# 260
1 260 1 121 queue0
stage -1.0 32.0 8 123 1 2 27 1
0
# 261
1 261 1 1234 queue1
stage -1.0 32.0 13 59 1 2 31 1
0
# 262
1 262 1 924 queue2
stage -1.0 32.0 3 84 1 2 18 1
0
# 263
1 263 1 282 queue3
stage -1.0 32.0 12 103 1 2 22 1
0
# 264
1 264 1 47 queue4
stage -1.0 32.0 13 93 1 2 12 1
0
# 265
1 265 1 207 queue5
stage -1.0 32.0 4 180 1 2 51 1
0
# 266
1 266 1 817 queue6
stage -1.0 32.0 14 209 1 2 42 1
0
# 267
1 267 1 626 queue7
stage -1.0 32.0 14 216 1 2 39 1
0
# 268
1 268 1 27 queue8
stage -1.0 32.0 4 218 1 2 50 1
0
# 269
1 269 1 443 queue9
stage -1.0 32.0 14 181 1 2 63 1
0
# 270
1 270 1 582 queue0
stage -1.0 32.0 5 148 1 2 36 1
0
# 271
1 271 1 553 queue1
stage -1.0 32.0 2 146 1 2 20 1
0
# 272
1 272 1 96 queue2
stage -1.0 32.0 9 45 1 2 30 1
0
# 273
1 273 1 87 queue3
stage -1.0 32.0 7 144 1 2 40 1
0
# 274
1 274 1 732 queue4
stage -1.0 32.0 9 49 1 2 14 1
0
# 275
1 275 1 308 queue5
stage -1.0 32.0 16 218 1 2 52 1
0
# 276
1 276 1 638 queue6
stage -1.0 32.0 10 170 1 2 48 1
0
# 277
1 277 1 413 queue7
stage -1.0 32.0 11 222 1 2 74 1
0
# 278
1 278 1 922 queue8
stage -1.0 32.0 5 198 1 2 26 1
0
# 279
1 279 1 830 queue9
stage -1.0 32.0 12 186 1 2 32 1
0
# 280
1 280 1 916 queue0
stage -1.0 32.0 16 154 1 2 24 1
0
# 281
1 281 1 514 queue1
stage -1.0 32.0 7 97 1 2 20 1
0
# 282
1 282 1 1081 queue2
stage -1.0 32.0 13 97 1 2 14 1
0
# 283
1 283 1 419 queue3
stage -1.0 32.0 2 89 1 2 20 1
0
# 284
1 284 1 432 queue4
stage -1.0 32.0 8 45 1 2 8 1
0
# 285
1 285 1 677 queue5
stage -1.0 32.0 14 213 1 2 32 1
0
# 286
1 286 1 583 queue6
stage -1.0 32.0 7 211 1 2 25 1
0
# 287
1 287 1 11 queue7
stage -1.0 32.0 1 242 1 2 38 1
0
# 288
1 288 1 506 queue8
stage -1.0 32.0 5 202 1 2 48 1
0
# 289
1 289 1 288 queue9
stage -1.0 32.0 13 197 1 2 62 1
0
# 290
1 290 1 628 queue0
stage -1.0 32.0 15 66 1 2 13 1
0
# 291
1 291 1 400 queue1
stage -1.0 32.0 3 80 1 2 17 1
0
# 292
1 292 1 697 queue2
stage -1.0 32.0 15 47 1 2 9 1
0
# 293
1 293 1 331 queue3
stage -1.0 32.0 9 101 1 2 13 1
0
# 294
1 294 1 1036 queue4
stage -1.0 32.0 9 86 1 2 15 1
0
# 295
1 295 1 908 queue5
stage -1.0 32.0 10 184 1 2 57 1
0
# 296
1 296 1 435 queue6
stage -1.0 32.0 12 190 1 2 34 1
0
# 297
1 297 1 985 queue7
stage -1.0 32.0 15 198 1 2 45 1
0
# 298
1 298 1 1221 queue8
stage -1.0 32.0 5 216 1 2 88 1
0
# 299
1 299 1 780 queue9
stage -1.0 32.0 12 226 1 2 36 1
0
# 300
1 300 1 589 queue0
stage -1.0 32.0 3 76 1 2 25 1
0
# 301
1 301 1 847 queue1
stage -1.0 32.0 12 50 1 2 10 1
0
# 302
1 302 1 295 queue2
stage -1.0 32.0 6 124 1 2 21 1
0
# 303
1 303 1 1018 queue3
stage -1.0 32.0 5 78 1 2 7 1
0
# 304
1 304 1 679 queue4
stage -1.0 32.0 5 53 1 2 4 1
0
# 305
1 305 1 542 queue5
stage -1.0 32.0 16 199 1 2 29 1
0
# 306
1 306 1 21 queue6
stage -1.0 32.0 10 158 1 2 22 1
0
# 307
1 307 1 942 queue7
stage -1.0 32.0 5 193 1 2 18 1
0
# 308
1 308 1 481 queue8
stage -1.0 32.0 10 188 1 2 37 1
0
# 309
1 309 1 1054 queue9
stage -1.0 32.0 7 183 1 2 15 1
0
# 310
1 310 1 513 queue0
stage -1.0 32.0 10 157 1 2 10 1
0
# 311
1 311 1 151 queue1
stage -1.0 32.0 7 56 1 2 11 1
0
# 312
1 312 1 415 queue2
stage -1.0 32.0 9 67 1 2 13 1
0
# 313
1 313 1 701 queue3
stage -1.0 32.0 15 87 1 2 11 1
0
# 314
1 314 1 468 queue4
stage -1.0 32.0 11 46 1 2 55 1
0
# 315
1 315 1 758 queue5
stage -1.0 32.0 8 204 1 2 19 1
0
# 316
1 316 1 360 queue6
stage -1.0 32.0 14 168 1 2 21 1
0
# 317
1 317 1 497 queue7
stage -1.0 32.0 16 231 1 2 28 1
0
# 318
1 318 1 740 queue8
stage -1.0 32.0 10 122 1 2 133 1
0
# 319
1 319 1 200 queue9
stage -1.0 32.0 2 191 1 2 88 1
0
# 320
1 320 1 81 queue0
stage -1.0 32.0 6 116 1 2 43 1
0
# 321
1 321 1 821 queue1
stage -1.0 32.0 9 100 1 2 36 1
0
# 322
1 322 1 233 queue2
stage -1.0 32.0 14 175 1 2 34 1
0
# 323
1 323 1 945 queue3
stage -1.0 32.0 8 147 1 2 35 1
0
# 324
1 324 1 629 queue4
stage -1.0 32.0 13 76 1 2 11 1
0
# 325
1 325 1 297 queue5
stage -1.0 32.0 8 211 1 2 22 1
0
# 326
1 326 1 930 queue6
stage -1.0 32.0 13 205 1 2 13 1
0
# 327
1 327 1 320 queue7
stage -1.0 32.0 8 170 1 2 13 1
0
# 328
1 328 1 1163 queue8
stage -1.0 32.0 5 235 1 2 24 1
0
# 329
1 329 1 1152 queue9
stage -1.0 32.0 3 196 1 2 12 1
0
# 330
1 330 1 1030 queue0
stage -1.0 32.0 3 41 1 2 4 1
0
# 331
1 331 1 662 queue1
stage -1.0 32.0 4 124 1 2 10 1
0
# 332
1 332 1 355 queue2
stage -1.0 32.0 7 48 1 2 12 1
0
# 333
1 333 1 696 queue3
stage -1.0 32.0 5 117 1 2 23 1
0
# 334
1 334 1 1227 queue4
stage -1.0 32.0 5 111 1 2 11 1
0
# 335
1 335 1 820 queue5
stage -1.0 32.0 1 183 1 2 14 1
0
# 336
1 336 1 1018 queue6
stage -1.0 32.0 9 223 1 2 27 1
0
# 337
1 337 1 629 queue7
stage -1.0 32.0 15 204 1 2 15 1
0
# 338
1 338 1 823 queue8
stage -1.0 32.0 3 176 1 2 67 1
0
# 339
1 339 1 333 queue9
stage -1.0 32.0 10 200 1 2 53 1
0
# 340
1 340 1 1216 queue0
stage -1.0 32.0 6 164 1 2 68 1
0
# 341
1 341 1 700 queue1
stage -1.0 32.0 11 78 1 2 8 1
0
# 342
1 342 1 751 queue2
stage -1.0 32.0 14 44 1 2 11 1
0
# 343
1 343 1 532 queue3
stage -1.0 32.0 12 161 1 2 9 1
0
# 344
1 344 1 759 queue4
stage -1.0 32.0 10 158 1 2 17 1
0
# 345
1 345 1 244 queue5
stage -1.0 32.0 13 181 1 2 17 1
0
# 346
1 346 1 1009 queue6
stage -1.0 32.0 9 200 1 2 22 1
0
# 347
1 347 1 653 queue7
stage -1.0 32.0 16 201 1 2 19 1
0
# 348
1 348 1 412 queue8
stage -1.0 32.0 1 205 1 2 18 1
0
# 349
1 349 1 46 queue9
stage -1.0 32.0 7 173 1 2 11 1
0
# 350
1 350 1 516 queue0
stage -1.0 32.0 1 64 1 2 15 1
0
# 351
1 351 1 51 queue1
stage -1.0 32.0 15 51 1 2 32 1
0
# 352
1 352 1 888 queue2
stage -1.0 32.0 14 80 1 2 28 1
0
# 353
1 353 1 177 queue3
stage -1.0 32.0 13 164 1 2 8 1
0
# 354
1 354 1 854 queue4
stage -1.0 32.0 4 54 1 2 6 1
0
# 355
1 355 1 696 queue5
stage -1.0 32.0 4 225 1 2 191 1
0
# 356
1 356 1 1302 queue6
stage -1.0 32.0 15 193 1 2 11 1
0
# 357
1 357 1 920 queue7
stage -1.0 32.0 12 203 1 2 15 1
0
# 358
1 358 1 596 queue8
stage -1.0 32.0 12 208 1 2 84 1
0
# 359
1 359 1 850 queue9
stage -1.0 32.0 10 221 1 2 218 1
0
# 360
1 360 1 47 queue0
stage -1.0 32.0 2 159 1 2 11 1
0
# 361
1 361 1 370 queue1
stage -1.0 32.0 1 67 1 2 13 1
0
# 362
1 362 1 261 queue2
stage -1.0 32.0 7 42 1 2 2 1
0
# 363
1 363 1 103 queue3
stage -1.0 32.0 15 82 1 2 5 1
0
# 364
1 364 1 576 queue4
stage -1.0 32.0 5 74 1 2 8 1
0
# 365
1 365 1 1269 queue5
stage -1.0 32.0 5 223 1 2 167 1
0
# 366
1 366 1 595 queue6
stage -1.0 32.0 10 178 1 2 6 1
0
# 367
1 367 1 690 queue7
stage -1.0 32.0 9 198 1 2 47 1
0
# 368
1 368 1 676 queue8
stage -1.0 32.0 11 233 1 2 70 1
0
# 369
1 369 1 925 queue9
stage -1.0 32.0 12 159 1 2 4 1
0
# 370
1 370 1 44 queue0
stage -1.0 32.0 8 60 1 2 3 1
0
# 371
1 371 1 764 queue1
stage -1.0 32.0 16 168 1 2 8 1
0
# 372
1 372 1 164 queue2
stage -1.0 32.0 16 86 1 2 4 1
0
# 373
1 373 1 847 queue3
stage -1.0 32.0 14 93 1 2 79 1
0
# 374
1 374 1 1102 queue4
stage -1.0 32.0 4 134 1 2 5 1
0
# 375
1 375 1 402 queue5
stage -1.0 32.0 3 236 1 2 18 1
0
# 376
1 376 1 193 queue6
stage -1.0 32.0 12 229 1 2 12 1
0
# 377
1 377 1 1013 queue7
stage -1.0 32.0 6 189 1 2 22 1
0
# 378
1 378 1 610 queue8
stage -1.0 32.0 5 178 1 2 19 1
0
# 379
1 379 1 187 queue9
stage -1.0 32.0 4 211 1 2 27 1
0
# 380
1 380 1 365 queue0
stage -1.0 32.0 5 76 1 2 21 1
0
# 381
1 381 1 521 queue1
stage -1.0 32.0 8 115 1 2 19 1
0
# 382
1 382 1 775 queue2
stage -1.0 32.0 3 123 1 2 12 1
0
# 383
1 383 1 576 queue3
stage -1.0 32.0 3 41 1 2 15 1
0
# 384
1 384 1 899 queue4
stage -1.0 32.0 1 80 1 2 13 1
0
# 385
1 385 1 298 queue5
stage -1.0 32.0 13 215 1 2 23 1
0
# 386
1 386 1 1043 queue6
stage -1.0 32.0 5 205 1 2 28 1
0
# 387
1 387 1 752 queue7
stage -1.0 32.0 13 168 1 2 33 1
0
# 388
1 388 1 563 queue8
stage -1.0 32.0 12 231 1 2 29 1
0
# 389
1 389 1 605 queue9
stage -1.0 32.0 14 180 1 2 34 1
0
# 390
1 390 1 923 queue0
stage -1.0 32.0 16 83 1 2 7 1
0
# 391
1 391 1 768 queue1
stage -1.0 32.0 9 44 1 2 6 1
0
# 392
1 392 1 681 queue2
stage -1.0 32.0 10 68 1 2 24 1
0
# 393
1 393 1 279 queue3
stage -1.0 32.0 15 148 1 2 37 1
0
# 394
1 394 1 247 queue4
stage -1.0 32.0 14 112 1 2 9 1
0
# 395
1 395 1 388 queue5
stage -1.0 32.0 16 207 1 2 18 1
0
# 396
1 396 1 653 queue6
stage -1.0 32.0 5 192 1 2 16 1
0
# 397
1 397 1 155 queue7
stage -1.0 32.0 8 190 1 2 20 1
0
# 398
1 398 1 599 queue8
stage -1.0 32.0 4 210 1 2 128 1
0
# 399
1 399 1 720 queue9
stage -1.0 32.0 16 209 1 2 29 1
0
# 400
1 400 1 422 queue0
stage -1.0 32.0 11 73 1 2 8 1
0
# 401
1 401 1 315 queue1
stage -1.0 32.0 1 75 1 2 11 1
0
# 402
1 402 1 813 queue2
stage -1.0 32.0 16 48 1 2 6 1
0
# 403
1 403 1 56 queue3
stage -1.0 32.0 4 170 1 2 18 1
0
# 404
1 404 1 285 queue4
stage -1.0 32.0 6 64 1 2 7 1
0
# 405
1 405 1 913 queue5
stage -1.0 32.0 1 161 1 2 19 1
0
# 406
1 406 1 366 queue6
stage -1.0 32.0 15 180 1 2 24 1
0
# 407
1 407 1 953 queue7
stage -1.0 32.0 6 172 1 2 21 1
0
# 408
1 408 1 520 queue8
stage -1.0 32.0 5 232 1 2 24 1
0
# 409
1 409 1 608 queue9
stage -1.0 32.0 15 169 1 2 16 1
0
# 410
1 410 1 1310 queue0
stage -1.0 32.0 6 75 1 2 8 1
0
# 411
1 411 1 347 queue1
stage -1.0 32.0 12 126 1 2 16 1
0
# 412
1 412 1 558 queue2
stage -1.0 32.0 3 53 1 2 5 1
0
# 413
1 413 1 1139 queue3
stage -1.0 32.0 7 71 1 2 7 1
0
# 414
1 414 1 747 queue4
stage -1.0 32.0 10 99 1 2 12 1
0
# 415
1 415 1 392 queue5
stage -1.0 32.0 14 168 1 2 20 1
0
# 416
1 416 1 58 queue6
stage -1.0 32.0 5 209 1 2 32 1
0
# 417
1 417 1 791 queue7
stage -1.0 32.0 13 176 1 2 16 1
0
# 418
1 418 1 309 queue8
stage -1.0 32.0 16 178 1 2 21 1
0
# 419
1 419 1 265 queue9
stage -1.0 32.0 8 195 1 2 25 1
0
# 420
1 420 1 293 queue0
stage -1.0 32.0 16 61 1 2 8 1
0
# 421
1 421 1 323 queue1
stage -1.0 32.0 5 98 1 2 14 1
0
# 422
1 422 1 625 queue2
stage -1.0 32.0 13 68 1 2 7 1
0
# 423
1 423 1 420 queue3
stage -1.0 32.0 4 110 1 2 13 1
0
# 424
1 424 1 230 queue4
stage -1.0 32.0 10 153 1 2 25 1
0
# 425
1 425 1 599 queue5
stage -1.0 32.0 14 175 1 2 23 1
0
# 426
1 426 1 760 queue6
stage -1.0 32.0 9 192 1 2 23 1
0
# 427
1 427 1 1212 queue7
stage -1.0 32.0 9 200 1 2 24 1
0
# 428
1 428 1 1189 queue8
stage -1.0 32.0 14 190 1 2 25 1
0
# 429
1 429 1 381 queue9
stage -1.0 32.0 7 195 1 2 20 1
0
# 430
1 430 1 483 queue0
stage -1.0 32.0 8 128 1 2 16 1
0
# 431
1 431 1 489 queue1
stage -1.0 32.0 12 67 1 2 6 1
0
# 432
1 432 1 593 queue2
stage -1.0 32.0 10 89 1 2 11 1
0
# 433
1 433 1 86 queue3
stage -1.0 32.0 11 113 1 2 14 1
0
# 434
1 434 1 979 queue4
stage -1.0 32.0 4 97 1 2 14 1
0
# 435
1 435 1 173 queue5
stage -1.0 32.0 13 213 1 2 30 1
0
# 436
1 436 1 654 queue6
stage -1.0 32.0 8 204 1 2 26 1
0
# 437
1 437 1 633 queue7
stage -1.0 32.0 12 206 1 2 24 1
0
# 438
1 438 1 31 queue8
stage -1.0 32.0 3 147 1 2 19 1
0
# 439
1 439 1 1276 queue9
stage -1.0 32.0 9 218 1 2 22 1
0
# 440
1 440 1 665 queue0
stage -1.0 32.0 7 60 1 2 6 1
0
# 441
1 441 1 610 queue1
stage -1.0 32.0 13 115 1 2 15 1
0
# 442
1 442 1 1008 queue2
stage -1.0 32.0 8 75 1 2 12 1
0
# 443
1 443 1 287 queue3
stage -1.0 32.0 15 155 1 2 21 1
0
# 444
1 444 1 509 queue4
stage -1.0 32.0 6 80 1 2 13 1
0
# 445
1 445 1 690 queue5
stage -1.0 32.0 12 189 1 2 25 1
0
# 446
1 446 1 261 queue6
stage -1.0 32.0 1 185 1 2 26 1
0
# 447
1 447 1 772 queue7
stage -1.0 32.0 11 214 1 2 31 1
0
# 448
1 448 1 1032 queue8
stage -1.0 32.0 8 246 1 2 27 1
0
# 449
1 449 1 529 queue9
stage -1.0 32.0 12 176 1 2 26 1
0
# 450
1 450 1 826 queue0
stage -1.0 32.0 2 55 1 2 4 1
0
# 451
1 451 1 324 queue1
stage -1.0 32.0 15 68 1 2 4 1
0
# 452
1 452 1 944 queue2
stage -1.0 32.0 5 71 1 2 4 1
0
# 453
1 453 1 702 queue3
stage -1.0 32.0 14 173 1 2 9 1
0
# 454
1 454 1 122 queue4
stage -1.0 32.0 12 86 1 2 7 1
0
# 455
1 455 1 342 queue5
stage -1.0 32.0 13 199 1 2 10 1
0
# 456
1 456 1 3 queue6
stage -1.0 32.0 7 209 1 2 16 1
0
# 457
1 457 1 1124 queue7
stage -1.0 32.0 9 212 1 2 16 1
0
# 458
1 458 1 218 queue8
stage -1.0 32.0 9 209 1 2 11 1
0
# 459
1 459 1 788 queue9
stage -1.0 32.0 4 186 1 2 12 1
0
# 460
1 460 1 645 queue0
stage -1.0 32.0 16 116 1 2 11 1
0
# 461
1 461 1 836 queue1
stage -1.0 32.0 10 76 1 2 4 1
0
# 462
1 462 1 310 queue2
stage -1.0 32.0 3 119 1 2 8 1
0
# 463
1 463 1 232 queue3
stage -1.0 32.0 16 57 1 2 3 1
0
# 464
1 464 1 170 queue4
stage -1.0 32.0 3 51 1 2 7 1
0
# 465
1 465 1 713 queue5
stage -1.0 32.0 2 199 1 2 30 1
0
# 466
1 466 1 215 queue6
stage -1.0 32.0 3 186 1 2 9 1
0
# 467
1 467 1 676 queue7
stage -1.0 32.0 7 193 1 2 12 1
0
# 468
1 468 1 474 queue8
stage -1.0 32.0 7 188 1 2 12 1
0
# 469
1 469 1 534 queue9
stage -1.0 32.0 3 212 1 2 12 1
0
# 470
1 470 1 699 queue0
stage -1.0 32.0 10 162 1 2 21 1
0
# 471
1 471 1 520 queue1
stage -1.0 32.0 13 47 1 2 3 1
0
# 472
1 472 1 863 queue2
stage -1.0 32.0 7 88 1 2 6 1
0
# 473
1 473 1 180 queue3
stage -1.0 32.0 15 119 1 2 8 1
0
# 474
1 474 1 1356 queue4
stage -1.0 32.0 8 70 1 2 6 1
0
# 475
1 475 1 297 queue5
stage -1.0 32.0 16 216 1 2 15 1
0
# 476
1 476 1 429 queue6
stage -1.0 32.0 1 231 1 2 21 1
0
# 477
1 477 1 480 queue7
stage -1.0 32.0 1 203 1 2 15 1
0
# 478
1 478 1 684 queue8
stage -1.0 32.0 14 213 1 2 20 1
0
# 479
1 479 1 350 queue9
stage -1.0 32.0 3 197 1 2 12 1
0
# 480
1 480 1 87 queue0
stage -1.0 32.0 4 72 1 2 4 1
0
# 481
1 481 1 705 queue1
stage -1.0 32.0 11 58 1 2 3 1
0
# 482
1 482 1 385 queue2
stage -1.0 32.0 13 43 1 2 3 1
0
# 483
1 483 1 1171 queue3
stage -1.0 32.0 15 146 1 2 10 1
0
# 484
1 484 1 469 queue4
stage -1.0 32.0 4 129 1 2 9 1
0
# 485
1 485 1 11 queue5
stage -1.0 32.0 12 177 1 2 9 1
0
# 486
1 486 1 484 queue6
stage -1.0 32.0 2 196 1 2 13 1
0
# 487
1 487 1 978 queue7
stage -1.0 32.0 7 165 1 2 8 1
0
# 488
1 488 1 267 queue8
stage -1.0 32.0 13 166 1 2 13 1
0
# 489
1 489 1 634 queue9
stage -1.0 32.0 7 197 1 2 20 1
0
# 490
1 490 1 977 queue0
stage -1.0 32.0 1 54 1 2 4 1
0
# 491
1 491 1 1044 queue1
stage -1.0 32.0 10 70 1 2 5 1
0
# 492
1 492 1 916 queue2
stage -1.0 32.0 7 130 1 2 10 1
0
# 493
1 493 1 694 queue3
stage -1.0 32.0 2 82 1 2 4 1
0
# 494
1 494 1 671 queue4
stage -1.0 32.0 13 64 1 2 5 1
0
# 495
1 495 1 925 queue5
stage -1.0 32.0 2 215 1 2 10 1
0
# 496
1 496 1 601 queue6
stage -1.0 32.0 12 222 1 2 11 1
0
# 497
1 497 1 994 queue7
stage -1.0 32.0 9 184 1 2 8 1
0
# 498
1 498 1 895 queue8
stage -1.0 32.0 1 224 1 2 14 1
0
# 499
1 499 1 643 queue9
stage -1.0 32.0 14 213 1 2 13 1
0
