# 0
1 0 1 0 queue0
stage -1.0 32.0 5 69 1 2 195 1
0
# 1
1 1 1 0 queue1
stage -1.0 32.0 25 68 1 2 191 1
0
# 2
1 2 1 0 queue2
stage -1.0 32.0 30 199 1 2 192 1
0
# 3
1 3 1 0 queue3
stage -1.0 32.0 12 197 1 2 193 1
0
# 4
1 4 1 0 queue4
stage -1.0 32.0 39 198 1 2 200 1
0
# 5
1 5 1 0 queue0
stage -1.0 32.0 39 199 1 2 195 1
0
# 6
1 6 1 0 queue1
stage -1.0 32.0 39 70 1 2 194 1
0
# 7
1 7 1 0 queue2
stage -1.0 32.0 8 69 1 2 193 1
0
# 8
1 8 1 0 queue3
stage -1.0 32.0 39 66 1 2 200 1
0
# 9
1 9 1 0 queue4
stage -1.0 32.0 39 68 1 2 196 1
0
# 10
1 10 1 0 queue0
stage -1.0 32.0 39 70 1 2 199 1
0
# 11
1 11 1 0 queue1
stage -1.0 32.0 39 70 1 2 191 1
0
# 12
1 12 1 0 queue2
stage -1.0 32.0 38 65 1 2 196 1
0
# 13
1 13 1 0 queue3
stage -1.0 32.0 66 68 1 2 194 1
0
# 14
1 14 1 0 queue4
stage -1.0 32.0 12 66 1 2 192 1
0
# 15
1 15 1 0 queue0
stage -1.0 32.0 66 196 1 2 192 1
0
# 16
1 16 1 0 queue1
stage -1.0 32.0 66 70 1 2 191 1
0
# 17
1 17 1 0 queue2
stage -1.0 32.0 60 70 1 2 200 1
0
# 18
1 18 1 0 queue3
stage -1.0 32.0 66 196 1 2 195 1
0
# 19
1 19 1 0 queue4
stage -1.0 32.0 68 67 1 2 195 1
0
# 20
1 20 1 0 queue0
stage -1.0 32.0 66 70 1 2 198 1
0
# 21
1 21 1 0 queue1
stage -1.0 32.0 66 69 1 2 190 1
0
# 22
1 22 1 0 queue2
stage -1.0 32.0 80 70 1 2 199 1
0
# 23
1 23 1 0 queue3
stage -1.0 32.0 24 67 1 2 197 1
0
# 24
1 24 1 0 queue4
stage -1.0 32.0 53 69 1 2 194 1
0
# 25
1 25 1 0 queue0
stage -1.0 32.0 53 66 1 2 192 1
0
# 26
1 26 1 1 queue1
stage -1.0 32.0 53 69 1 2 196 1
0
# 27
1 27 1 1 queue2
stage -1.0 32.0 55 198 1 2 194 1
0
# 28
1 28 1 1 queue3
stage -1.0 32.0 53 66 1 2 191 1
0
# 29
1 29 1 1 queue4
stage -1.0 32.0 53 199 1 2 197 1
0
# 30
1 30 1 1 queue0
stage -1.0 32.0 53 68 1 2 190 1
0
# 31
1 31 1 1 queue1
stage -1.0 32.0 81 198 1 2 191 1
0
# 32
1 32 1 1 queue2
stage -1.0 32.0 81 199 1 2 198 1
0
# 33
1 33 1 1 queue3
stage -1.0 32.0 81 65 1 2 190 1
0
# 34
1 34 1 1 queue4
stage -1.0 32.0 81 67 1 2 195 1
0
# 35
1 35 1 1 queue0
stage -1.0 32.0 81 68 1 2 192 1
0
# 36
1 36 1 1 queue1
stage -1.0 32.0 81 66 1 2 200 1
0
# 37
1 37 1 1 queue2
stage -1.0 32.0 81 70 1 2 197 1
0
# 38
1 38 1 1 queue3
stage -1.0 32.0 204 66 1 2 194 1
0
# 39
1 39 1 1 queue4
stage -1.0 32.0 8 65 1 2 198 1
0
# 40
1 40 1 1 queue0
stage -1.0 32.0 1 67 1 2 197 1
0
# 41
1 41 1 1 queue1
stage -1.0 32.0 8 70 1 2 191 1
0
# 42
1 42 1 1 queue2
stage -1.0 32.0 8 67 1 2 197 1
0
# 43
1 43 1 1 queue3
stage -1.0 32.0 3 69 1 2 197 1
0
# 44
1 44 1 1 queue4
stage -1.0 32.0 16 70 1 2 193 1
0
# 45
1 45 1 1 queue0
stage -1.0 32.0 11 69 1 2 192 1
0
# 46
1 46 1 1 queue1
stage -1.0 32.0 22 69 1 2 196 1
0
# 47
1 47 1 1 queue2
stage -1.0 32.0 16 70 1 2 200 1
0
# 48
1 48 1 1 queue3
stage -1.0 32.0 12 69 1 2 197 1
0
# 49
1 49 1 1 queue4
stage -1.0 32.0 12 70 1 2 197 1
0
# 50
1 50 1 1 queue0
stage -1.0 32.0 24 70 1 2 68 1
0
# 51
1 51 1 2 queue1
stage -1.0 32.0 8 69 1 2 46 1
0
# 52
1 52 1 2 queue2
stage -1.0 32.0 8 70 1 2 37 1
0
# 53
1 53 1 2 queue3
stage -1.0 32.0 27 65 1 2 59 1
0
# 54
1 54 1 2 queue4
stage -1.0 32.0 6 68 1 2 194 1
0
# 55
1 55 1 2 queue0
stage -1.0 32.0 6 68 1 2 180 1
0
# 56
1 56 1 2 queue1
stage -1.0 32.0 4 65 1 2 193 1
0
# 57
1 57 1 2 queue2
stage -1.0 32.0 80 66 1 2 34 1
0
# 58
1 58 1 2 queue3
stage -1.0 32.0 6 67 1 2 78 1
0
# 59
1 59 1 2 queue4
stage -1.0 32.0 24 197 1 2 138 1
0
# 60
1 60 1 2 queue0
stage -1.0 32.0 42 68 1 2 84 1
0
# 61
1 61 1 2 queue1
stage -1.0 32.0 24 69 1 2 79 1
0
# 62
1 62 1 2 queue2
stage -1.0 32.0 10 69 1 2 91 1
0
# 63
1 63 1 2 queue3
stage -1.0 32.0 5 69 1 2 40 1
0
# 64
1 64 1 2 queue4
stage -1.0 32.0 7 65 1 2 40 1
0
# 65
1 65 1 2 queue0
stage -1.0 32.0 64 70 1 2 63 1
0
# 66
1 66 1 2 queue1
stage -1.0 32.0 73 66 1 2 118 1
0
# 67
1 67 1 2 queue2
stage -1.0 32.0 4 67 1 2 121 1
0
# 68
1 68 1 2 queue3
stage -1.0 32.0 4 66 1 2 137 1
0
# 69
1 69 1 2 queue4
stage -1.0 32.0 4 68 1 2 55 1
0
# 70
1 70 1 2 queue0
stage -1.0 32.0 43 68 1 2 50 1
0
# 71
1 71 1 2 queue1
stage -1.0 32.0 8 66 1 2 44 1
0
# 72
1 72 1 2 queue2
stage -1.0 32.0 8 68 1 2 47 1
0
# 73
1 73 1 2 queue3
stage -1.0 32.0 5 67 1 2 136 1
0
# 74
1 74 1 2 queue4
stage -1.0 32.0 2 66 1 2 46 1
0
# 75
1 75 1 2 queue0
stage -1.0 32.0 13 66 1 2 60 1
0
# 76
1 76 1 2 queue1
stage -1.0 32.0 5 69 1 2 150 1
0
# 77
1 77 1 2 queue2
stage -1.0 32.0 10 68 1 2 98 1
0
# 78
1 78 1 2 queue3
stage -1.0 32.0 24 196 1 2 198 1
0
# 79
1 79 1 2 queue4
stage -1.0 32.0 29 196 1 2 191 1
0
# 80
1 80 1 2 queue0
stage -1.0 32.0 48 197 1 2 194 1
0
# 81
1 81 1 2 queue1
stage -1.0 32.0 244 66 1 2 103 1
0
# 82
1 82 1 2 queue2
stage -1.0 32.0 11 65 1 2 117 1
0
# 83
1 83 1 2 queue3
stage -1.0 32.0 11 66 1 2 54 1
0
# 84
1 84 1 2 queue4
stage -1.0 32.0 3 68 1 2 36 1
0
# 85
1 85 1 3 queue0
stage -1.0 32.0 24 67 1 2 65 1
0
# 86
1 86 1 3 queue1
stage -1.0 32.0 11 69 1 2 67 1
0
# 87
1 87 1 3 queue2
stage -1.0 32.0 11 67 1 2 52 1
0
# 88
1 88 1 3 queue3
stage -1.0 32.0 11 70 1 2 102 1
0
# 89
1 89 1 3 queue4
stage -1.0 32.0 31 70 1 2 86 1
0
# 90
1 90 1 3 queue0
stage -1.0 32.0 11 67 1 2 75 1
0
# 91
1 91 1 3 queue1
stage -1.0 32.0 244 67 1 2 36 1
0
# 92
1 92 1 3 queue2
stage -1.0 32.0 81 70 1 2 87 1
0
# 93
1 93 1 3 queue3
stage -1.0 32.0 81 67 1 2 60 1
0
# 94
1 94 1 3 queue4
stage -1.0 32.0 24 67 1 2 82 1
0
# 95
1 95 1 3 queue0
stage -1.0 32.0 279 66 1 2 68 1
0
# 96
1 96 1 3 queue1
stage -1.0 32.0 239 67 1 2 197 1
0
# 97
1 97 1 3 queue2
stage -1.0 32.0 204 69 1 2 48 1
0
# 98
1 98 1 3 queue3
stage -1.0 32.0 16 70 1 2 60 1
0
# 99
1 99 1 3 queue4
stage -1.0 32.0 8 67 1 2 165 1
0
# 100
1 100 1 3 queue0
stage -1.0 32.0 16 67 1 2 197 1
0
# 101
1 101 1 3 queue1
stage -1.0 32.0 5 68 1 2 53 1
0
# 102
1 102 1 3 queue2
stage -1.0 32.0 2 68 1 2 73 1
0
# 103
1 103 1 3 queue3
stage -1.0 32.0 35 70 1 2 65 1
0
# 104
1 104 1 3 queue4
stage -1.0 32.0 41 70 1 2 67 1
0
# 105
1 105 1 3 queue0
stage -1.0 32.0 35 69 1 2 57 1
0
# 106
1 106 1 3 queue1
stage -1.0 32.0 38 67 1 2 42 1
0
# 107
1 107 1 3 queue2
stage -1.0 32.0 35 199 1 2 182 1
0
# 108
1 108 1 3 queue3
stage -1.0 32.0 35 199 1 2 200 1
0
# 109
1 109 1 3 queue4
stage -1.0 32.0 30 196 1 2 167 1
0
# 110
1 110 1 3 queue0
stage -1.0 32.0 8 197 1 2 194 1
0
# 111
1 111 1 3 queue1
stage -1.0 32.0 7 196 1 2 187 1
0
# 112
1 112 1 3 queue2
stage -1.0 32.0 20 66 1 2 62 1
0
# 113
1 113 1 3 queue3
stage -1.0 32.0 60 68 1 2 61 1
0
# 114
1 114 1 3 queue4
stage -1.0 32.0 33 69 1 2 198 1
0
# 115
1 115 1 3 queue0
stage -1.0 32.0 20 66 1 2 158 1
0
# 116
1 116 1 3 queue1
stage -1.0 32.0 1 67 1 2 199 1
0
# 117
1 117 1 3 queue2
stage -1.0 32.0 12 68 1 2 39 1
0
# 118
1 118 1 3 queue3
stage -1.0 32.0 5 68 1 2 79 1
0
# 119
1 119 1 3 queue4
stage -1.0 32.0 12 66 1 2 60 1
0
# 120
1 120 1 4 queue0
stage -1.0 32.0 24 69 1 2 63 1
0
# 121
1 121 1 4 queue1
stage -1.0 32.0 13 68 1 2 199 1
0
# 122
1 122 1 4 queue2
stage -1.0 32.0 48 87 1 2 192 1
0
# 123
1 123 1 4 queue3
stage -1.0 32.0 6 87 1 2 170 1
0
# 124
1 124 1 4 queue4
stage -1.0 32.0 6 68 1 2 40 1
0
# 125
1 125 1 4 queue0
stage -1.0 32.0 6 69 1 2 161 1
0
# 126
1 126 1 4 queue1
stage -1.0 32.0 29 70 1 2 152 1
0
# 127
1 127 1 4 queue2
stage -1.0 32.0 8 70 1 2 63 1
0
# 128
1 128 1 4 queue3
stage -1.0 32.0 60 65 1 2 62 1
0
# 129
1 129 1 4 queue4
stage -1.0 32.0 0 69 1 2 60 1
0
# 130
1 130 1 4 queue0
stage -1.0 32.0 5 65 1 2 45 1
0
# 131
1 131 1 4 queue1
stage -1.0 32.0 12 68 1 2 57 1
0
# 132
1 132 1 4 queue2
stage -1.0 32.0 5 65 1 2 197 1
0
# 133
1 133 1 4 queue3
stage -1.0 32.0 8 70 1 2 73 1
0
# 134
1 134 1 4 queue4
stage -1.0 32.0 53 67 1 2 39 1
0
# 135
1 135 1 4 queue0
stage -1.0 32.0 10 67 1 2 191 1
0
# 136
1 136 1 4 queue1
stage -1.0 32.0 1 69 1 2 76 1
0
# 137
1 137 1 4 queue2
stage -1.0 32.0 10 66 1 2 37 1
0
# 138
1 138 1 4 queue3
stage -1.0 32.0 24 68 1 2 180 1
0
# 139
1 139 1 4 queue4
stage -1.0 32.0 24 65 1 2 75 1
0
# 140
1 140 1 4 queue0
stage -1.0 32.0 24 66 1 2 193 1
0
# 141
1 141 1 4 queue1
stage -1.0 32.0 24 69 1 2 55 1
0
# 142
1 142 1 4 queue2
stage -1.0 32.0 8 70 1 2 125 1
0
# 143
1 143 1 4 queue3
stage -1.0 32.0 8 69 1 2 191 1
0
# 144
1 144 1 5 queue4
stage -1.0 32.0 33 67 1 2 31 1
0
# 145
1 145 1 5 queue0
stage -1.0 32.0 8 69 1 2 59 1
0
# 146
1 146 1 5 queue1
stage -1.0 32.0 1 196 1 2 138 1
0
# 147
1 147 1 5 queue2
stage -1.0 32.0 1 65 1 2 58 1
0
# 148
1 148 1 5 queue3
stage -1.0 32.0 16 198 1 2 175 1
0
# 149
1 149 1 5 queue4
stage -1.0 32.0 5 198 1 2 200 1
0
# 150
1 150 1 5 queue0
stage -1.0 32.0 24 198 1 2 195 1
0
# 151
1 151 1 5 queue1
stage -1.0 32.0 16 69 1 2 40 1
0
# 152
1 152 1 5 queue2
stage -1.0 32.0 10 197 1 2 102 1
0
# 153
1 153 1 5 queue3
stage -1.0 32.0 24 65 1 2 22 1
0
# 154
1 154 1 5 queue4
stage -1.0 32.0 12 67 1 2 83 1
0
# 155
1 155 1 5 queue0
stage -1.0 32.0 61 69 1 2 37 1
0
# 156
1 156 1 5 queue1
stage -1.0 32.0 4 65 1 2 23 1
0
# 157
1 157 1 5 queue2
stage -1.0 32.0 3 70 1 2 54 1
0
# 158
1 158 1 5 queue3
stage -1.0 32.0 244 67 1 2 35 1
0
# 159
1 159 1 5 queue4
stage -1.0 32.0 12 65 1 2 26 1
0
# 160
1 160 1 5 queue0
stage -1.0 32.0 145 67 1 2 83 1
0
# 161
1 161 1 5 queue1
stage -1.0 32.0 8 65 1 2 29 1
0
# 162
1 162 1 5 queue2
stage -1.0 32.0 27 69 1 2 195 1
0
# 163
1 163 1 5 queue3
stage -1.0 32.0 98 65 1 2 37 1
0
# 164
1 164 1 5 queue4
stage -1.0 32.0 27 69 1 2 35 1
0
# 165
1 165 1 5 queue0
stage -1.0 32.0 8 66 1 2 199 1
0
# 166
1 166 1 5 queue1
stage -1.0 32.0 126 68 1 2 20 1
0
# 167
1 167 1 5 queue2
stage -1.0 32.0 8 66 1 2 22 1
0
# 168
1 168 1 5 queue3
stage -1.0 32.0 244 66 1 2 24 1
0
# 169
1 169 1 5 queue4
stage -1.0 32.0 217 68 1 2 24 1
0
# 170
1 170 1 5 queue0
stage -1.0 32.0 204 67 1 2 49 1
0
# 171
1 171 1 5 queue1
stage -1.0 32.0 29 70 1 2 110 1
0
# 172
1 172 1 5 queue2
stage -1.0 32.0 12 69 1 2 53 1
0
# 173
1 173 1 5 queue3
stage -1.0 32.0 12 70 1 2 31 1
0
# 174
1 174 1 5 queue4
stage -1.0 32.0 24 66 1 2 18 1
0
# 175
1 175 1 5 queue0
stage -1.0 32.0 11 70 1 2 169 1
0
# 176
1 176 1 5 queue1
stage -1.0 32.0 11 67 1 2 26 1
0
# 177
1 177 1 5 queue2
stage -1.0 32.0 11 69 1 2 194 1
0
# 178
1 178 1 5 queue3
stage -1.0 32.0 11 67 1 2 25 1
0
# 179
1 179 1 5 queue4
stage -1.0 32.0 11 66 1 2 41 1
0
# 180
1 180 1 5 queue0
stage -1.0 32.0 11 68 1 2 191 1
0
# 181
1 181 1 5 queue1
stage -1.0 32.0 2 66 1 2 22 1
0
# 182
1 182 1 5 queue2
stage -1.0 32.0 43 69 1 2 102 1
0
# 183
1 183 1 5 queue3
stage -1.0 32.0 16 69 1 2 138 1
0
# 184
1 184 1 5 queue4
stage -1.0 32.0 8 65 1 2 63 1
0
# 185
1 185 1 5 queue0
stage -1.0 32.0 8 69 1 2 59 1
0
# 186
1 186 1 5 queue1
stage -1.0 32.0 8 66 1 2 32 1
0
# 187
1 187 1 5 queue2
stage -1.0 32.0 16 69 1 2 30 1
0
# 188
1 188 1 5 queue3
stage -1.0 32.0 16 66 1 2 14 1
0
# 189
1 189 1 5 queue4
stage -1.0 32.0 16 67 1 2 13 1
0
# 190
1 190 1 5 queue0
stage -1.0 32.0 16 66 1 2 25 1
0
# 191
1 191 1 5 queue1
stage -1.0 32.0 16 65 1 2 62 1
0
# 192
1 192 1 5 queue2
stage -1.0 32.0 4 69 1 2 17 1
0
# 193
1 193 1 5 queue3
stage -1.0 32.0 39 70 1 2 48 1
0
# 194
1 194 1 5 queue4
stage -1.0 32.0 40 66 1 2 77 1
0
# 195
1 195 1 5 queue0
stage -1.0 32.0 24 68 1 2 31 1
0
# 196
1 196 1 5 queue1
stage -1.0 32.0 31 69 1 2 199 1
0
# 197
1 197 1 5 queue2
stage -1.0 32.0 33 69 1 2 198 1
0
# 198
1 198 1 5 queue3
stage -1.0 32.0 14 65 1 2 89 1
0
# 199
1 199 1 5 queue4
stage -1.0 32.0 244 69 1 2 85 1
0
# 200
1 200 1 5 queue0
stage -1.0 32.0 33 67 1 2 37 1
0
# 201
1 201 1 5 queue1
stage -1.0 32.0 204 66 1 2 58 1
0
# 202
1 202 1 5 queue2
stage -1.0 32.0 5 69 1 2 31 1
0
# 203
1 203 1 5 queue3
stage -1.0 32.0 6 66 1 2 66 1
0
# 204
1 204 1 5 queue4
stage -1.0 32.0 6 68 1 2 31 1
0
# 205
1 205 1 5 queue0
stage -1.0 32.0 29 68 1 2 36 1
0
# 206
1 206 1 5 queue1
stage -1.0 32.0 27 67 1 2 46 1
0
# 207
1 207 1 5 queue2
stage -1.0 32.0 205 68 1 2 143 1
0
# 208
1 208 1 5 queue3
stage -1.0 32.0 244 69 1 2 53 1
0
# 209
1 209 1 5 queue4
stage -1.0 32.0 12 65 1 2 56 1
0
# 210
1 210 1 5 queue0
stage -1.0 32.0 3 67 1 2 68 1
0
# 211
1 211 1 5 queue1
stage -1.0 32.0 16 67 1 2 197 1
0
# 212
1 212 1 5 queue2
stage -1.0 32.0 5 69 1 2 96 1
0
# 213
1 213 1 5 queue3
stage -1.0 32.0 6 66 1 2 74 1
0
# 214
1 214 1 5 queue4
stage -1.0 32.0 5 69 1 2 70 1
0
# 215
1 215 1 5 queue0
stage -1.0 32.0 5 67 1 2 153 1
0
# 216
1 216 1 5 queue1
stage -1.0 32.0 5 67 1 2 79 1
0
# 217
1 217 1 5 queue2
stage -1.0 32.0 81 65 1 2 85 1
0
# 218
1 218 1 6 queue3
stage -1.0 32.0 5 69 1 2 32 1
0
# 219
1 219 1 6 queue4
stage -1.0 32.0 5 69 1 2 76 1
0
# 220
1 220 1 6 queue0
stage -1.0 32.0 16 68 1 2 29 1
0
# 221
1 221 1 6 queue1
stage -1.0 32.0 8 67 1 2 91 1
0
# 222
1 222 1 6 queue2
stage -1.0 32.0 8 68 1 2 35 1
0
# 223
1 223 1 6 queue3
stage -1.0 32.0 16 69 1 2 46 1
0
# 224
1 224 1 6 queue4
stage -1.0 32.0 4 67 1 2 197 1
0
# 225
1 225 1 6 queue0
stage -1.0 32.0 4 65 1 2 37 1
0
# 226
1 226 1 6 queue1
stage -1.0 32.0 4 68 1 2 196 1
0
# 227
1 227 1 6 queue2
stage -1.0 32.0 16 67 1 2 40 1
0
# 228
1 228 1 6 queue3
stage -1.0 32.0 5 67 1 2 28 1
0
# 229
1 229 1 6 queue4
stage -1.0 32.0 5 66 1 2 60 1
0
# 230
1 230 1 6 queue0
stage -1.0 32.0 5 66 1 2 42 1
0
# 231
1 231 1 6 queue1
stage -1.0 32.0 5 69 1 2 48 1
0
# 232
1 232 1 6 queue2
stage -1.0 32.0 5 70 1 2 108 1
0
# 233
1 233 1 6 queue3
stage -1.0 32.0 5 68 1 2 34 1
0
# 234
1 234 1 6 queue4
stage -1.0 32.0 16 67 1 2 86 1
0
# 235
1 235 1 6 queue0
stage -1.0 32.0 14 68 1 2 26 1
0
# 236
1 236 1 6 queue1
stage -1.0 32.0 15 65 1 2 81 1
0
# 237
1 237 1 6 queue2
stage -1.0 32.0 24 70 1 2 52 1
0
# 238
1 238 1 6 queue3
stage -1.0 32.0 4 65 1 2 74 1
0
# 239
1 239 1 6 queue4
stage -1.0 32.0 12 67 1 2 100 1
0
# 240
1 240 1 6 queue0
stage -1.0 32.0 12 67 1 2 49 1
0
# 241
1 241 1 6 queue1
stage -1.0 32.0 16 69 1 2 200 1
0
# 242
1 242 1 6 queue2
stage -1.0 32.0 12 67 1 2 161 1
0
# 243
1 243 1 6 queue3
stage -1.0 32.0 12 70 1 2 193 1
0
# 244
1 244 1 6 queue4
stage -1.0 32.0 109 69 1 2 83 1
0
# 245
1 245 1 6 queue0
stage -1.0 32.0 24 69 1 2 33 1
0
# 246
1 246 1 6 queue1
stage -1.0 32.0 24 65 1 2 51 1
0
# 247
1 247 1 6 queue2
stage -1.0 32.0 4 69 1 2 30 1
0
# 248
1 248 1 6 queue3
stage -1.0 32.0 109 66 1 2 20 1
0
# 249
1 249 1 6 queue4
stage -1.0 32.0 39 70 1 2 80 1
0
