# 0
1 0 1 0 queue0
stage -1.0 2.0 2 1896 1 2 201 1
0
# 1
1 1 1 0 queue1
stage -1.0 2.0 1 1711 1 2 280 1
0
# 2
1 2 1 0 queue0
stage -1.0 2.0 2 1980 1 2 1137 1
0
# 3
1 3 1 0 queue1
stage -1.0 2.0 2 1672 1 2 195 1
0
# 4
1 4 1 0 queue0
stage -1.0 2.0 4 1925 1 2 237 1
0
# 5
1 5 1 0 queue1
stage -1.0 2.0 4 1726 1 2 403 1
0
# 6
1 6 1 0 queue0
stage -1.0 2.0 4 1771 1 2 378 1
0
# 7
1 7 1 0 queue1
stage -1.0 2.0 3 1625 1 2 162 1
0
# 8
1 8 1 0 queue0
stage -1.0 2.0 3 1573 1 2 322 1
0
# 9
1 9 1 0 queue1
stage -1.0 2.0 3 1200 1 2 119 1
0
# 10
1 10 1 0 queue0
stage -1.0 2.0 5 1804 1 2 369 1
0
# 11
1 11 1 0 queue1
stage -1.0 2.0 5 1633 1 2 121 1
0
# 12
1 12 1 0 queue0
stage -1.0 2.0 1 1894 1 2 106 1
0
# 13
1 13 1 0 queue1
stage -1.0 2.0 1 1812 1 2 112 1
0
# 14
1 14 1 0 queue0
stage -1.0 3.2 1 1967 1 2 497 1
0
# 15
1 15 1 0 queue1
stage -1.0 2.0 2 1945 1 2 188 1
0
# 16
1 16 1 0 queue0
stage -1.0 15.0 13 1733 1 2 1787 1
0
# 17
1 17 1 0 queue1
stage -1.0 2.0 3 1655 1 2 542 1
0
# 18
1 18 1 0 queue0
stage -1.0 15.0 15 100 1 2 109 1
0
# 19
1 19 1 0 queue1
stage -1.0 6.3 7 1818 1 2 795 1
0
