# 0
1 0 1 0 queue0
stage -1.0 2.0 2.0 128.0 1.0 2.0 2.625 1
0
# 1
1 1 1 0 queue1
stage -1.0 2.0 1.0 136.0 1.0 2.0 96.25 1
0
# 2
1 2 1 0 queue0
stage -1.0 2.0 2.0 174.0 1.0 2.0 3.75 1
0
# 3
1 3 1 0 queue1
stage -1.0 2.0 2.0 158.0 1.0 2.0 5.125 1
0
# 4
1 4 1 0 queue0
stage -1.0 2.0 2.0 6.0 1.0 2.0 1.75 1
0
# 5
1 5 1 0 queue1
stage -1.0 2.0 2.0 6.0 1.0 2.0 1.0 1
0
# 6
1 6 1 0 queue0
stage -1.0 2.0 2.0 6.0 1.0 2.0 1.0 1
0
# 7
1 7 1 0 queue1
stage -1.0 2.0 4.0 68.0 1.0 2.0 2.375 1
0
# 8
1 8 1 0 queue0
stage -1.0 2.0 4.0 69.0 1.0 2.0 1.875 1
0
# 9
1 9 1 0 queue1
stage -1.0 2.0 4.0 47.0 1.0 2.0 1.625 1
0
# 10
1 10 1 0 queue0
stage -1.0 2.0 3.0 127.0 1.0 2.0 3.0 1
0
# 11
1 11 1 0 queue1
stage -1.0 2.0 3.0 109.0 1.0 2.0 1.75 1
0
# 12
1 12 1 0 queue0
stage -1.0 2.0 3.0 12.0 1.0 2.0 1.0 1
0
# 13
1 13 1 0 queue1
stage -1.0 2.0 5.0 92.0 1.0 2.0 3.625 1
0
# 14
1 14 1 0 queue0
stage -1.0 2.0 5.0 179.0 1.0 2.0 27.0 1
0
# 15
1 15 1 0 queue1
stage -1.0 2.0 1.0 47.0 1.0 2.0 1.0 1
0
# 16
1 16 1 0 queue0
stage -1.0 2.0 1.0 47.0 1.0 2.0 2.125 1
0
# 17
1 17 1 0 queue1
stage -1.0 2.0 0.0 8.0 1.0 2.0 1.0 1
0
# 18
1 18 1 0 queue0
stage -1.0 2.0 1.0 113.0 1.0 2.0 2.375 1
0
# 19
1 19 1 0 queue1
stage -1.0 2.0 5.0 8.0 1.0 2.0 1.0 1
0
