# 0
1 0 1 0 queue0
stage -1.0 2.0 2.0 119.0 1.0 2.0 9.0 1 0.0 0.0
0
# 1
1 1 1 0 queue1
stage -1.0 2.0 1.0 109.0 1.0 2.0 15.0 1 0.0 0.0
0
# 2
1 2 1 0 queue0
stage -1.0 2.0 2.0 115.0 1.0 2.0 30.0 1 0.0 0.0
0
# 3
1 3 1 0 queue1
stage -1.0 2.0 2.0 119.0 1.0 2.0 10.0 1 0.0 0.0
0
# 4
1 4 1 0 queue0
stage -1.0 2.0 4.0 188.0 1.0 2.0 27.0 1 0.0 0.0
0
# 5
1 5 1 0 queue1
stage -1.0 2.0 4.0 160.0 1.0 2.0 16.0 1 0.0 0.0
0
# 6
1 6 1 0 queue0
stage -1.0 2.0 4.0 47.0 1.0 2.0 4.0 1 0.0 0.0
0
# 7
1 7 1 0 queue1
stage -1.0 2.0 3.0 125.0 1.0 2.0 10.0 1 0.0 0.0
0
# 8
1 8 1 0 queue0
stage -1.0 2.0 3.0 122.0 1.0 2.0 6.0 1 0.0 0.0
0
# 9
1 9 1 0 queue1
stage -1.0 2.0 3.0 12.0 1.0 2.0 6.0 1 0.0 0.0
0
