# 0
1 0 1 0 queue0
stage -1.0 20.0 12.0 60.0 1.0 2.0 20.0 1 0.0 0.0
0
# 1
1 1 1 0 queue1
stage -1.0 20.0 12.0 60.0 1.0 2.0 20.0 1 0.0 0.0
0
# 2
1 2 1 0 queue0
stage -1.0 20.0 12.0 200.0 1.0 2.0 30.0 1 0.0 0.0
0
# 3
1 3 1 0 queue1
stage -1.0 20.0 12.0 200.0 1.0 2.0 30.0 1 0.0 0.0
0
# 4
1 4 1 0 queue0
stage -1.0 20.0 12.0 40.0 1.0 2.0 20.0 1 0.0 0.0
0
# 5
1 5 1 0 queue1
stage -1.0 20.0 12.0 10.0 1.0 2.0 50.0 1 0.0 0.0
0
# 6
1 6 1 0 queue0
stage -1.0 20.0 12.0 60.0 1.0 2.0 10.0 1 0.0 0.0
0
# 7
1 7 1 0 queue1
stage -1.0 20.0 12.0 10.0 1.0 2.0 50.0 1 0.0 0.0
0
