# 0
1 0 1 0 queue0
stage -1.0 2.0 0.0 1.0 1.0 2.0 1.0 1
0
# 1
1 1 1 0 queue1
stage -1.0 2.0 2.0 3.0 1.0 2.0 1.0 1
0
# 2
1 2 1 0 queue0
stage -1.0 2.0 2.0 115.0 1.0 2.0 2.28125 1
0
# 3
1 3 1 0 queue1
stage -1.0 2.0 1.0 192.0 1.0 2.0 2.75 1
0
# 4
1 4 1 0 queue0
stage -1.0 2.0 2.0 77.0 1.0 2.0 2.46875 1
0
# 5
1 5 1 0 queue1
stage -1.0 2.0 2.0 194.0 1.0 2.0 1.90625 1
0
# 6
1 6 1 0 queue0
stage -1.0 2.0 2.0 6.0 1.0 2.0 1.0 1
0
# 7
1 7 1 0 queue1
stage -1.0 2.0 2.0 6.0 1.0 2.0 1.0 1
0
# 8
1 8 1 0 queue0
stage -1.0 2.0 2.0 6.0 1.0 2.0 1.0 1
0
# 9
1 9 1 0 queue1
stage -1.0 2.0 2.0 2.0 1.0 2.0 1.0 1
0
