# 0
1 0 1 2 queue0
stage -1.0 2.0 0.0 2917.0 1.0 2.0 105.0 1 0.0 0.0
0
# 1
1 1 1 3 queue1
stage -1.0 2.0 2.0 2774.0 1.0 2.0 102.0 1 0.0 0.0
0
# 2
1 2 1 3 queue2
stage -1.0 2.0 2.0 5706.0 1.0 2.0 387.0 1 0.0 0.0
0
# 3
1 3 1 3 queue3
stage -1.0 2.0 1.0 5807.0 1.0 2.0 246.0 1 0.0 0.0
0
# 4
1 4 1 3 queue4
stage -1.0 2.0 2.0 5744.0 1.0 2.0 783.0 1 0.0 0.0
0
# 5
1 5 1 3 queue0
stage -1.0 2.0 2.0 5743.0 1.0 2.0 225.0 1 0.0 0.0
0
# 6
1 6 1 4 queue1
stage -1.0 2.0 2.0 2832.0 1.0 2.0 1775.0 1 0.0 0.0
0
# 7
1 7 1 4 queue2
stage -1.0 2.0 0.0 2924.0 1.0 2.0 266.0 1 0.0 0.0
0
# 8
1 8 1 4 queue3
stage -1.0 2.0 2.0 2887.0 1.0 2.0 1274.0 1 0.0 0.0
0
# 9
1 9 1 4 queue4
stage -1.0 2.0 2.0 2836.0 1.0 2.0 634.0 1 0.0 0.0
0
# 10
1 10 1 4 queue0
stage -1.0 2.0 2.0 2987.0 1.0 2.0 96.0 1 0.0 0.0
0
# 11
1 11 1 4 queue1
stage -1.0 2.0 2.0 2900.0 1.0 2.0 116.0 1 0.0 0.0
0
# 12
1 12 1 4 queue2
stage -1.0 2.5 3.0 2759.0 1.0 2.0 277.0 1 0.0 0.0
0
# 13
1 13 1 6 queue3
stage -1.0 2.0 4.0 2852.0 1.0 2.0 69.0 1 0.0 0.0
0
# 14
1 14 1 6 queue4
stage -1.0 2.0 1.0 2922.0 1.0 2.0 1699.0 1 0.0 0.0
0
# 15
1 15 1 6 queue0
stage -1.0 2.0 4.0 5915.0 1.0 2.0 364.0 1 0.0 0.0
0
# 16
1 16 1 6 queue1
stage -1.0 2.0 4.0 2755.0 1.0 2.0 191.0 1 0.0 0.0
0
# 17
1 17 1 6 queue2
stage -1.0 2.0 4.0 2823.0 1.0 2.0 100.0 1 0.0 0.0
0
# 18
1 18 1 6 queue3
stage -1.0 2.0 4.0 5882.0 1.0 2.0 199.0 1 0.0 0.0
0
# 19
1 19 1 7 queue4
stage -1.0 2.0 4.0 2967.0 1.0 2.0 376.0 1 0.0 0.0
0
# 20
1 20 1 9 queue0
stage -1.0 2.0 4.0 2701.0 1.0 2.0 151.0 1 0.0 0.0
0
# 21
1 21 1 9 queue1
stage -1.0 2.0 4.0 2998.0 1.0 2.0 182.0 1 0.0 0.0
0
# 22
1 22 1 10 queue2
stage -1.0 2.0 5.0 2925.0 1.0 2.0 126.0 1 0.0 0.0
0
# 23
1 23 1 10 queue3
stage -1.0 2.0 1.0 2799.0 1.0 2.0 109.0 1 0.0 0.0
0
# 24
1 24 1 10 queue4
stage -1.0 2.0 3.0 2814.0 1.0 2.0 102.0 1 0.0 0.0
0
# 25
1 25 1 10 queue0
stage -1.0 2.0 3.0 2873.0 1.0 2.0 262.0 1 0.0 0.0
0
# 26
1 26 1 11 queue1
stage -1.0 2.0 3.0 2811.0 1.0 2.0 115.0 1 0.0 0.0
0
# 27
1 27 1 11 queue2
stage -1.0 2.0 3.0 5988.0 1.0 2.0 254.0 1 0.0 0.0
0
# 28
1 28 1 11 queue3
stage -1.0 2.0 3.0 2866.0 1.0 2.0 408.0 1 0.0 0.0
0
# 29
1 29 1 11 queue4
stage -1.0 2.0 3.0 5902.0 1.0 2.0 1102.0 1 0.0 0.0
0
# 30
1 30 1 11 queue0
stage -1.0 2.0 3.0 2761.0 1.0 2.0 152.0 1 0.0 0.0
0
# 31
1 31 1 11 queue1
stage -1.0 2.0 5.0 5743.0 1.0 2.0 134.0 1 0.0 0.0
0
# 32
1 32 1 11 queue2
stage -1.0 2.0 5.0 5723.0 1.0 2.0 438.0 1 0.0 0.0
0
# 33
1 33 1 11 queue3
stage -1.0 2.0 5.0 2911.0 1.0 2.0 138.0 1 0.0 0.0
0
# 34
1 34 1 12 queue4
stage -1.0 2.0 5.0 2729.0 1.0 2.0 297.0 1 0.0 0.0
0
# 35
1 35 1 12 queue0
stage -1.0 2.0 5.0 2971.0 1.0 2.0 108.0 1 0.0 0.0
0
# 36
1 36 1 12 queue1
stage -1.0 2.0 5.0 2882.0 1.0 2.0 281.0 1 0.0 0.0
0
# 37
1 37 1 14 queue2
stage -1.0 2.0 5.0 2797.0 1.0 2.0 152.0 1 0.0 0.0
0
# 38
1 38 1 14 queue3
stage -1.0 2.0 13.0 2954.0 1.0 2.0 117.0 1 0.0 0.0
0
# 39
1 39 1 14 queue4
stage -1.0 32.0 8.0 2980.0 1.0 2.0 1349.0 1 0.0 0.0
0
# 40
1 40 1 14 queue0
stage -1.0 2.0 0.0 2968.0 1.0 2.0 69.0 1 0.0 0.0
0
# 41
1 41 1 15 queue1
stage -1.0 32.0 8.0 2971.0 1.0 2.0 2405.0 1 0.0 0.0
0
# 42
1 42 1 23 queue2
stage -1.0 2.0 0.0 2881.0 1.0 2.0 471.0 1 0.0 0.0
0
# 43
1 43 1 23 queue3
stage -1.0 2.0 0.0 2704.0 1.0 2.0 415.0 1 0.0 0.0
0
# 44
1 44 1 23 queue4
stage -1.0 2.0 1.0 2829.0 1.0 2.0 273.0 1 0.0 0.0
0
# 45
1 45 1 23 queue0
stage -1.0 2.0 1.0 2915.0 1.0 2.0 91.0 1 0.0 0.0
0
# 46
1 46 1 23 queue1
stage -1.0 2.0 1.0 2799.0 1.0 2.0 273.0 1 0.0 0.0
0
# 47
1 47 1 23 queue2
stage -1.0 2.0 1.0 2814.0 1.0 2.0 92.0 1 0.0 0.0
0
# 48
1 48 1 27 queue3
stage -1.0 2.0 1.0 2725.0 1.0 2.0 276.0 1 0.0 0.0
0
# 49
1 49 1 27 queue4
stage -1.0 2.0 1.0 2938.0 1.0 2.0 76.0 1 0.0 0.0
0
# 50
1 50 1 28 queue0
stage -1.0 2.0 1.0 2985.0 1.0 2.0 223.0 1 0.0 0.0
0
# 51
1 51 1 32 queue1
stage -1.0 32.0 8.0 2789.0 1.0 2.0 5411.0 1 0.0 0.0
0
# 52
1 52 1 33 queue2
stage -1.0 2.0 0.0 2952.0 1.0 2.0 291.0 1 0.0 0.0
0
# 53
1 53 1 33 queue3
stage -1.0 2.0 2.0 2799.0 1.0 2.0 126.0 1 0.0 0.0
0
# 54
1 54 1 33 queue4
stage -1.0 2.0 0.0 2980.0 1.0 2.0 172.0 1 0.0 0.0
0
# 55
1 55 1 34 queue0
stage -1.0 2.0 0.0 2991.0 1.0 2.0 223.0 1 0.0 0.0
0
# 56
1 56 1 39 queue1
stage -1.0 2.0 0.0 2748.0 1.0 2.0 87.0 1 0.0 0.0
0
# 57
1 57 1 39 queue2
stage -1.0 2.6 7.0 2774.0 1.0 2.0 174.0 1 0.0 0.0
0
# 58
1 58 1 39 queue3
stage -1.0 2.0 0.0 2971.0 1.0 2.0 150.0 1 0.0 0.0
0
# 59
1 59 1 41 queue4
stage -1.0 2.0 1.0 5937.0 1.0 2.0 158.0 1 0.0 0.0
0
# 60
1 60 1 43 queue0
stage -1.0 2.0 3.0 2974.0 1.0 2.0 263.0 1 0.0 0.0
0
# 61
1 61 1 43 queue1
stage -1.0 2.0 1.0 2740.0 1.0 2.0 99.0 1 0.0 0.0
0
# 62
1 62 1 45 queue2
stage -1.0 2.0 1.0 2993.0 1.0 2.0 109.0 1 0.0 0.0
0
# 63
1 63 1 45 queue3
stage -1.0 2.0 0.0 2925.0 1.0 2.0 204.0 1 0.0 0.0
0
# 64
1 64 1 45 queue4
stage -1.0 2.0 0.0 2815.0 1.0 2.0 138.0 1 0.0 0.0
0
# 65
1 65 1 45 queue0
stage -1.0 2.0 4.0 2859.0 1.0 2.0 798.0 1 0.0 0.0
0
# 66
1 66 1 45 queue1
stage -1.0 2.0 5.0 2778.0 1.0 2.0 1060.0 1 0.0 0.0
0
# 67
1 67 1 45 queue2
stage -1.0 2.0 0.0 2941.0 1.0 2.0 153.0 1 0.0 0.0
0
# 68
1 68 1 45 queue3
stage -1.0 2.0 0.0 2836.0 1.0 2.0 99.0 1 0.0 0.0
0
# 69
1 69 1 45 queue4
stage -1.0 2.5 0.0 2862.0 1.0 2.0 91.0 1 0.0 0.0
0
# 70
1 70 1 45 queue0
stage -1.0 2.0 3.0 2709.0 1.0 2.0 469.0 1 0.0 0.0
0
# 71
1 71 1 45 queue1
stage -1.0 2.0 1.0 2903.0 1.0 2.0 142.0 1 0.0 0.0
0
# 72
1 72 1 45 queue2
stage -1.0 2.0 0.0 2939.0 1.0 2.0 171.0 1 0.0 0.0
0
# 73
1 73 1 45 queue3
stage -1.0 2.0 0.0 2830.0 1.0 2.0 4599.0 1 0.0 0.0
0
# 74
1 74 1 45 queue4
stage -1.0 2.0 0.0 2855.0 1.0 2.0 220.0 1 0.0 0.0
0
# 75
1 75 1 47 queue0
stage -1.0 2.0 1.0 2912.0 1.0 2.0 416.0 1 0.0 0.0
0
# 76
1 76 1 47 queue1
stage -1.0 2.0 0.0 2878.0 1.0 2.0 98.0 1 0.0 0.0
0
# 77
1 77 1 47 queue2
stage -1.0 3.2 1.0 2849.0 1.0 2.0 371.0 1 0.0 0.0
0
# 78
1 78 1 47 queue3
stage -1.0 2.0 2.0 5763.0 1.0 2.0 301.0 1 0.0 0.0
0
# 79
1 79 1 48 queue4
stage -1.0 26.3 24.0 5972.0 1.0 2.0 5940.0 1 0.0 0.0
0
# 80
1 80 1 50 queue0
stage -1.0 2.0 3.0 5993.0 1.0 2.0 277.0 1 0.0 0.0
0
# 81
1 81 1 51 queue1
stage -1.0 2.0 15.0 2796.0 1.0 2.0 265.0 1 0.0 0.0
0
# 82
1 82 1 51 queue2
stage -1.0 2.0 1.0 2779.0 1.0 2.0 118.0 1 0.0 0.0
0
# 83
1 83 1 51 queue3
stage -1.0 2.0 1.0 2955.0 1.0 2.0 119.0 1 0.0 0.0
0
# 84
1 84 1 51 queue4
stage -1.0 2.0 0.0 2907.0 1.0 2.0 106.0 1 0.0 0.0
0
# 85
1 85 1 53 queue0
stage -1.0 2.0 2.0 2900.0 1.0 2.0 175.0 1 0.0 0.0
0
# 86
1 86 1 53 queue1
stage -1.0 2.0 1.0 2944.0 1.0 2.0 751.0 1 0.0 0.0
0
# 87
1 87 1 53 queue2
stage -1.0 2.0 1.0 2794.0 1.0 2.0 298.0 1 0.0 0.0
0
# 88
1 88 1 54 queue3
stage -1.0 2.0 1.0 2831.0 1.0 2.0 76.0 1 0.0 0.0
0
# 89
1 89 1 57 queue4
stage -1.0 26.3 25.0 2837.0 1.0 2.0 5614.0 1 0.0 0.0
0
# 90
1 90 1 58 queue0
stage -1.0 2.0 1.0 2720.0 1.0 2.0 87.0 1 0.0 0.0
0
# 91
1 91 1 59 queue1
stage -1.0 2.0 15.0 2991.0 1.0 2.0 154.0 1 0.0 0.0
0
# 92
1 92 1 59 queue2
stage -1.0 2.0 5.0 2801.0 1.0 2.0 50.0 1 0.0 0.0
0
# 93
1 93 1 59 queue3
stage -1.0 2.0 5.0 2767.0 1.0 2.0 752.0 1 0.0 0.0
0
# 94
1 94 1 59 queue4
stage -1.0 2.0 1.0 2806.0 1.0 2.0 172.0 1 0.0 0.0
0
# 95
1 95 1 59 queue0
stage -1.0 5.3 46.0 2705.0 1.0 2.0 1485.0 1 0.0 0.0
0
# 96
1 96 1 59 queue1
stage -1.0 2.0 15.0 2713.0 1.0 2.0 63.0 1 0.0 0.0
0
# 97
1 97 1 59 queue2
stage -1.0 2.0 13.0 2775.0 1.0 2.0 5971.0 1 0.0 0.0
0
# 98
1 98 1 59 queue3
stage -1.0 2.0 1.0 2859.0 1.0 2.0 100.0 1 0.0 0.0
0
# 99
1 99 1 59 queue4
stage -1.0 2.0 0.0 2969.0 1.0 2.0 97.0 1 0.0 0.0
0
# 100
1 100 1 64 queue0
stage -1.0 2.0 1.0 2888.0 1.0 2.0 86.0 1 0.0 0.0
0
# 101
1 101 1 64 queue1
stage -1.0 2.0 0.0 2979.0 1.0 2.0 755.0 1 0.0 0.0
0
# 102
1 102 1 66 queue2
stage -1.0 2.0 0.0 2726.0 1.0 2.0 182.0 1 0.0 0.0
0
# 103
1 103 1 66 queue3
stage -1.0 6.3 7.0 2820.0 1.0 2.0 846.0 1 0.0 0.0
0
# 104
1 104 1 66 queue4
stage -1.0 2.0 3.0 2706.0 1.0 2.0 91.0 1 0.0 0.0
0
# 105
1 105 1 66 queue0
stage -1.0 2.0 2.0 2726.0 1.0 2.0 170.0 1 0.0 0.0
0
# 106
1 106 1 66 queue1
stage -1.0 32.0 38.0 2850.0 1.0 2.0 1233.0 1 0.0 0.0
0
# 107
1 107 1 68 queue2
stage -1.0 30.7 34.0 5986.0 1.0 2.0 5792.0 1 0.0 0.0
0
# 108
1 108 1 68 queue3
stage -1.0 4.1 5.0 5978.0 1.0 2.0 1167.0 1 0.0 0.0
0
# 109
1 109 1 68 queue4
stage -1.0 2.0 2.0 5840.0 1.0 2.0 916.0 1 0.0 0.0
0
# 110
1 110 1 68 queue0
stage -1.0 2.0 0.0 5811.0 1.0 2.0 966.0 1 0.0 0.0
0
# 111
1 111 1 68 queue1
stage -1.0 2.0 0.0 5746.0 1.0 2.0 170.0 1 0.0 0.0
0
# 112
1 112 1 68 queue2
stage -1.0 2.0 1.0 2813.0 1.0 2.0 135.0 1 0.0 0.0
0
# 113
1 113 1 69 queue3
stage -1.0 2.0 4.0 2977.0 1.0 2.0 150.0 1 0.0 0.0
0
# 114
1 114 1 69 queue4
stage -1.0 2.0 2.0 2910.0 1.0 2.0 458.0 1 0.0 0.0
0
# 115
1 115 1 70 queue0
stage -1.0 2.0 1.0 2735.0 1.0 2.0 84.0 1 0.0 0.0
0
# 116
1 116 1 70 queue1
stage -1.0 2.0 0.0 2780.0 1.0 2.0 124.0 1 0.0 0.0
0
# 117
1 117 1 72 queue2
stage -1.0 2.0 1.0 2823.0 1.0 2.0 210.0 1 0.0 0.0
0
# 118
1 118 1 72 queue3
stage -1.0 2.0 0.0 2812.0 1.0 2.0 151.0 1 0.0 0.0
0
# 119
1 119 1 72 queue4
stage -1.0 2.0 1.0 2772.0 1.0 2.0 184.0 1 0.0 0.0
0
# 120
1 120 1 74 queue0
stage -1.0 2.0 1.0 2926.0 1.0 2.0 816.0 1 0.0 0.0
0
# 121
1 121 1 74 queue1
stage -1.0 2.0 1.0 2934.0 1.0 2.0 301.0 1 0.0 0.0
0
# 122
1 122 1 76 queue2
stage -1.0 2.0 3.0 2916.0 1.0 2.0 528.0 1 0.0 0.0
0
# 123
1 123 1 76 queue3
stage -1.0 2.0 0.0 2767.0 1.0 2.0 355.0 1 0.0 0.0
0
# 124
1 124 1 76 queue4
stage -1.0 2.0 0.0 2875.0 1.0 2.0 295.0 1 0.0 0.0
0
# 125
1 125 1 77 queue0
stage -1.0 2.0 0.0 2967.0 1.0 2.0 191.0 1 0.0 0.0
0
# 126
1 126 1 78 queue1
stage -1.0 2.0 2.0 2876.0 1.0 2.0 1185.0 1 0.0 0.0
0
# 127
1 127 1 78 queue2
stage -1.0 2.0 0.0 2726.0 1.0 2.0 75.0 1 0.0 0.0
0
# 128
1 128 1 79 queue3
stage -1.0 2.0 4.0 2831.0 1.0 2.0 70.0 1 0.0 0.0
0
# 129
1 129 1 79 queue4
stage -1.0 2.0 0.0 2762.0 1.0 2.0 154.0 1 0.0 0.0
0
# 130
1 130 1 81 queue0
stage -1.0 2.0 0.0 2908.0 1.0 2.0 163.0 1 0.0 0.0
0
# 131
1 131 1 81 queue1
stage -1.0 2.0 1.0 2971.0 1.0 2.0 229.0 1 0.0 0.0
0
# 132
1 132 1 81 queue2
stage -1.0 2.0 0.0 2976.0 1.0 2.0 82.0 1 0.0 0.0
0
# 133
1 133 1 82 queue3
stage -1.0 2.0 0.0 2832.0 1.0 2.0 202.0 1 0.0 0.0
0
# 134
1 134 1 83 queue4
stage -1.0 2.0 3.0 2892.0 1.0 2.0 573.0 1 0.0 0.0
0
# 135
1 135 1 83 queue0
stage -1.0 2.0 1.0 2758.0 1.0 2.0 96.0 1 0.0 0.0
0
# 136
1 136 1 84 queue1
stage -1.0 2.0 0.0 2986.0 1.0 2.0 204.0 1 0.0 0.0
0
# 137
1 137 1 85 queue2
stage -1.0 2.0 1.0 2812.0 1.0 2.0 287.0 1 0.0 0.0
0
# 138
1 138 1 88 queue3
stage -1.0 2.0 2.0 2898.0 1.0 2.0 192.0 1 0.0 0.0
0
# 139
1 139 1 89 queue4
stage -1.0 2.0 2.0 2998.0 1.0 2.0 674.0 1 0.0 0.0
0
# 140
1 140 1 89 queue0
stage -1.0 2.0 2.0 2724.0 1.0 2.0 465.0 1 0.0 0.0
0
# 141
1 141 1 89 queue1
stage -1.0 2.0 1.0 2943.0 1.0 2.0 73.0 1 0.0 0.0
0
# 142
1 142 1 93 queue2
stage -1.0 2.0 1.0 2821.0 1.0 2.0 67.0 1 0.0 0.0
0
# 143
1 143 1 93 queue3
stage -1.0 6.2 2.0 2759.0 1.0 2.0 416.0 1 0.0 0.0
0
# 144
1 144 1 95 queue4
stage -1.0 2.0 2.0 2932.0 1.0 2.0 1018.0 1 0.0 0.0
0
# 145
1 145 1 98 queue0
stage -1.0 2.0 0.0 2741.0 1.0 2.0 286.0 1 0.0 0.0
0
# 146
1 146 1 98 queue1
stage -1.0 2.0 0.0 5732.0 1.0 2.0 425.0 1 0.0 0.0
0
# 147
1 147 1 98 queue2
stage -1.0 2.0 0.0 2922.0 1.0 2.0 95.0 1 0.0 0.0
0
# 148
1 148 1 98 queue3
stage -1.0 2.0 1.0 5759.0 1.0 2.0 5897.0 1 0.0 0.0
0
# 149
1 149 1 98 queue4
stage -1.0 32.0 5.0 5957.0 1.0 2.0 5765.0 1 0.0 0.0
0
# 150
1 150 1 98 queue0
stage -1.0 2.0 2.0 5736.0 1.0 2.0 791.0 1 0.0 0.0
0
# 151
1 151 1 98 queue1
stage -1.0 2.0 1.0 2751.0 1.0 2.0 118.0 1 0.0 0.0
0
# 152
1 152 1 99 queue2
stage -1.0 2.0 1.0 5885.0 1.0 2.0 221.0 1 0.0 0.0
0
# 153
1 153 1 99 queue3
stage -1.0 2.0 1.0 2941.0 1.0 2.0 126.0 1 0.0 0.0
0
# 154
1 154 1 99 queue4
stage -1.0 2.0 1.0 2846.0 1.0 2.0 171.0 1 0.0 0.0
0
# 155
1 155 1 101 queue0
stage -1.0 2.0 4.0 2917.0 1.0 2.0 148.0 1 0.0 0.0
0
# 156
1 156 1 101 queue1
stage -1.0 2.0 0.0 2969.0 1.0 2.0 255.0 1 0.0 0.0
0
# 157
1 157 1 101 queue2
stage -1.0 5.0 0.0 2943.0 1.0 2.0 272.0 1 0.0 0.0
0
# 158
1 158 1 101 queue3
stage -1.0 2.0 15.0 2961.0 1.0 2.0 371.0 1 0.0 0.0
0
# 159
1 159 1 102 queue4
stage -1.0 2.0 1.0 2928.0 1.0 2.0 118.0 1 0.0 0.0
0
# 160
1 160 1 104 queue0
stage -1.0 2.0 9.0 2831.0 1.0 2.0 364.0 1 0.0 0.0
0
# 161
1 161 1 104 queue1
stage -1.0 2.0 1.0 2782.0 1.0 2.0 199.0 1 0.0 0.0
0
# 162
1 162 1 104 queue2
stage -1.0 2.0 2.0 2773.0 1.0 2.0 123.0 1 0.0 0.0
0
# 163
1 163 1 104 queue3
stage -1.0 2.0 6.0 2956.0 1.0 2.0 103.0 1 0.0 0.0
0
# 164
1 164 1 104 queue4
stage -1.0 2.0 2.0 2964.0 1.0 2.0 779.0 1 0.0 0.0
0
# 165
1 165 1 104 queue0
stage -1.0 2.0 1.0 2950.0 1.0 2.0 76.0 1 0.0 0.0
0
# 166
1 166 1 105 queue1
stage -1.0 2.0 8.0 2868.0 1.0 2.0 100.0 1 0.0 0.0
0
# 167
1 167 1 105 queue2
stage -1.0 6.1 2.0 2911.0 1.0 2.0 501.0 1 0.0 0.0
0
# 168
1 168 1 105 queue3
stage -1.0 2.0 15.0 2837.0 1.0 2.0 176.0 1 0.0 0.0
0
# 169
1 169 1 105 queue4
stage -1.0 2.0 14.0 2723.0 1.0 2.0 165.0 1 0.0 0.0
0
# 170
1 170 1 105 queue0
stage -1.0 2.0 13.0 2924.0 1.0 2.0 244.0 1 0.0 0.0
0
# 171
1 171 1 105 queue1
stage -1.0 32.0 29.0 2820.0 1.0 2.0 2441.0 1 0.0 0.0
0
# 172
1 172 1 105 queue2
stage -1.0 2.0 1.0 2928.0 1.0 2.0 158.0 1 0.0 0.0
0
# 173
1 173 1 105 queue3
stage -1.0 2.0 1.0 2898.0 1.0 2.0 94.0 1 0.0 0.0
0
# 174
1 174 1 106 queue4
stage -1.0 2.0 1.0 2801.0 1.0 2.0 95.0 1 0.0 0.0
0
# 175
1 175 1 106 queue0
stage -1.0 2.0 1.0 2983.0 1.0 2.0 129.0 1 0.0 0.0
0
# 176
1 176 1 106 queue1
stage -1.0 2.0 1.0 2703.0 1.0 2.0 189.0 1 0.0 0.0
0
# 177
1 177 1 108 queue2
stage -1.0 2.0 1.0 2729.0 1.0 2.0 90.0 1 0.0 0.0
0
# 178
1 178 1 108 queue3
stage -1.0 2.0 1.0 2762.0 1.0 2.0 143.0 1 0.0 0.0
0
# 179
1 179 1 108 queue4
stage -1.0 2.0 1.0 2975.0 1.0 2.0 222.0 1 0.0 0.0
0
# 180
1 180 1 109 queue0
stage -1.0 2.0 1.0 2722.0 1.0 2.0 68.0 1 0.0 0.0
0
# 181
1 181 1 109 queue1
stage -1.0 2.0 0.0 2833.0 1.0 2.0 83.0 1 0.0 0.0
0
# 182
1 182 1 110 queue2
stage -1.0 2.0 3.0 2912.0 1.0 2.0 147.0 1 0.0 0.0
0
# 183
1 183 1 110 queue3
stage -1.0 2.0 1.0 2996.0 1.0 2.0 134.0 1 0.0 0.0
0
# 184
1 184 1 110 queue4
stage -1.0 2.0 0.0 2875.0 1.0 2.0 136.0 1 0.0 0.0
0
# 185
1 185 1 110 queue0
stage -1.0 2.0 1.0 2700.0 1.0 2.0 313.0 1 0.0 0.0
0
# 186
1 186 1 111 queue1
stage -1.0 2.0 0.0 2798.0 1.0 2.0 237.0 1 0.0 0.0
0
# 187
1 187 1 112 queue2
stage -1.0 2.0 1.0 2835.0 1.0 2.0 164.0 1 0.0 0.0
0
# 188
1 188 1 112 queue3
stage -1.0 32.0 16.0 2768.0 1.0 2.0 4697.0 1 0.0 0.0
0
# 189
1 189 1 112 queue4
stage -1.0 2.0 1.0 2904.0 1.0 2.0 90.0 1 0.0 0.0
0
# 190
1 190 1 112 queue0
stage -1.0 28.4 14.0 2793.0 1.0 2.0 4843.0 1 0.0 0.0
0
# 191
1 191 1 112 queue1
stage -1.0 32.0 16.0 2891.0 1.0 2.0 4987.0 1 0.0 0.0
0
# 192
1 192 1 112 queue2
stage -1.0 2.0 0.0 2978.0 1.0 2.0 407.0 1 0.0 0.0
0
# 193
1 193 1 112 queue3
stage -1.0 2.0 2.0 2725.0 1.0 2.0 292.0 1 0.0 0.0
0
# 194
1 194 1 112 queue4
stage -1.0 6.2 8.0 2969.0 1.0 2.0 569.0 1 0.0 0.0
0
# 195
1 195 1 112 queue0
stage -1.0 2.0 1.0 2775.0 1.0 2.0 229.0 1 0.0 0.0
0
# 196
1 196 1 112 queue1
stage -1.0 2.0 2.0 2765.0 1.0 2.0 72.0 1 0.0 0.0
0
# 197
1 197 1 112 queue2
stage -1.0 2.0 2.0 2894.0 1.0 2.0 181.0 1 0.0 0.0
0
# 198
1 198 1 112 queue3
stage -1.0 5.0 2.0 2994.0 1.0 2.0 956.0 1 0.0 0.0
0
# 199
1 199 1 112 queue4
stage -1.0 2.0 15.0 2995.0 1.0 2.0 82.0 1 0.0 0.0
0
# 200
1 200 1 113 queue0
stage -1.0 2.0 2.0 2898.0 1.0 2.0 61.0 1 0.0 0.0
0
# 201
1 201 1 113 queue1
stage -1.0 2.0 13.0 2784.0 1.0 2.0 172.0 1 0.0 0.0
0
# 202
1 202 1 113 queue2
stage -1.0 2.0 0.0 2730.0 1.0 2.0 542.0 1 0.0 0.0
0
# 203
1 203 1 114 queue3
stage -1.0 2.0 0.0 2858.0 1.0 2.0 276.0 1 0.0 0.0
0
# 204
1 204 1 114 queue4
stage -1.0 2.0 0.0 2983.0 1.0 2.0 195.0 1 0.0 0.0
0
# 205
1 205 1 114 queue0
stage -1.0 30.9 28.0 2878.0 1.0 2.0 2081.0 1 0.0 0.0
0
# 206
1 206 1 114 queue1
stage -1.0 2.0 2.0 2899.0 1.0 2.0 276.0 1 0.0 0.0
0
# 207
1 207 1 114 queue2
stage -1.0 2.0 13.0 2909.0 1.0 2.0 134.0 1 0.0 0.0
0
# 208
1 208 1 114 queue3
stage -1.0 2.0 15.0 2911.0 1.0 2.0 113.0 1 0.0 0.0
0
# 209
1 209 1 115 queue4
stage -1.0 2.0 1.0 2709.0 1.0 2.0 297.0 1 0.0 0.0
0
# 210
1 210 1 115 queue0
stage -1.0 2.0 0.0 2827.0 1.0 2.0 534.0 1 0.0 0.0
0
# 211
1 211 1 115 queue1
stage -1.0 2.0 1.0 2929.0 1.0 2.0 251.0 1 0.0 0.0
0
# 212
1 212 1 115 queue2
stage -1.0 2.0 0.0 2727.0 1.0 2.0 220.0 1 0.0 0.0
0
# 213
1 213 1 115 queue3
stage -1.0 2.0 0.0 2989.0 1.0 2.0 190.0 1 0.0 0.0
0
# 214
1 214 1 115 queue4
stage -1.0 2.0 0.0 2833.0 1.0 2.0 153.0 1 0.0 0.0
0
# 215
1 215 1 115 queue0
stage -1.0 2.0 0.0 2798.0 1.0 2.0 701.0 1 0.0 0.0
0
# 216
1 216 1 115 queue1
stage -1.0 2.0 0.0 2720.0 1.0 2.0 259.0 1 0.0 0.0
0
# 217
1 217 1 115 queue2
stage -1.0 2.0 5.0 2703.0 1.0 2.0 91.0 1 0.0 0.0
0
# 218
1 218 1 116 queue3
stage -1.0 2.0 0.0 2948.0 1.0 2.0 2005.0 1 0.0 0.0
0
# 219
1 219 1 116 queue4
stage -1.0 2.0 0.0 2999.0 1.0 2.0 77.0 1 0.0 0.0
0
# 220
1 220 1 117 queue0
stage -1.0 2.0 1.0 2963.0 1.0 2.0 112.0 1 0.0 0.0
0
# 221
1 221 1 120 queue1
stage -1.0 2.0 1.0 2951.0 1.0 2.0 165.0 1 0.0 0.0
0
# 222
1 222 1 120 queue2
stage -1.0 2.0 1.0 2828.0 1.0 2.0 136.0 1 0.0 0.0
0
# 223
1 223 1 121 queue3
stage -1.0 2.0 1.0 2830.0 1.0 2.0 293.0 1 0.0 0.0
0
# 224
1 224 1 122 queue4
stage -1.0 2.0 0.0 2773.0 1.0 2.0 164.0 1 0.0 0.0
0
# 225
1 225 1 123 queue0
stage -1.0 2.0 0.0 2967.0 1.0 2.0 68.0 1 0.0 0.0
0
# 226
1 226 1 123 queue1
stage -1.0 2.5 0.0 2779.0 1.0 2.0 176.0 1 0.0 0.0
0
# 227
1 227 1 123 queue2
stage -1.0 32.0 16.0 2840.0 1.0 2.0 2404.0 1 0.0 0.0
0
# 228
1 228 1 123 queue3
stage -1.0 2.0 0.0 2861.0 1.0 2.0 302.0 1 0.0 0.0
0
# 229
1 229 1 123 queue4
stage -1.0 2.0 0.0 2822.0 1.0 2.0 158.0 1 0.0 0.0
0
# 230
1 230 1 124 queue0
stage -1.0 2.0 0.0 2705.0 1.0 2.0 121.0 1 0.0 0.0
0
# 231
1 231 1 124 queue1
stage -1.0 2.0 0.0 2890.0 1.0 2.0 118.0 1 0.0 0.0
0
# 232
1 232 1 124 queue2
stage -1.0 2.0 0.0 2917.0 1.0 2.0 197.0 1 0.0 0.0
0
# 233
1 233 1 124 queue3
stage -1.0 2.0 0.0 2902.0 1.0 2.0 208.0 1 0.0 0.0
0
# 234
1 234 1 126 queue4
stage -1.0 2.0 1.0 2734.0 1.0 2.0 54.0 1 0.0 0.0
0
# 235
1 235 1 127 queue0
stage -1.0 2.0 1.0 2767.0 1.0 2.0 1476.0 1 0.0 0.0
0
# 236
1 236 1 127 queue1
stage -1.0 2.0 1.0 2930.0 1.0 2.0 84.0 1 0.0 0.0
0
# 237
1 237 1 127 queue2
stage -1.0 2.0 1.0 2805.0 1.0 2.0 75.0 1 0.0 0.0
0
# 238
1 238 1 127 queue3
stage -1.0 9.6 1.0 2990.0 1.0 2.0 487.0 1 0.0 0.0
0
# 239
1 239 1 127 queue4
stage -1.0 2.0 1.0 2707.0 1.0 2.0 597.0 1 0.0 0.0
0
# 240
1 240 1 127 queue0
stage -1.0 2.0 1.0 2966.0 1.0 2.0 283.0 1 0.0 0.0
0
# 241
1 241 1 127 queue1
stage -1.0 2.0 1.0 2957.0 1.0 2.0 229.0 1 0.0 0.0
0
# 242
1 242 1 128 queue2
stage -1.0 2.0 1.0 2784.0 1.0 2.0 114.0 1 0.0 0.0
0
# 243
1 243 1 128 queue3
stage -1.0 2.0 1.0 2902.0 1.0 2.0 481.0 1 0.0 0.0
0
# 244
1 244 1 129 queue4
stage -1.0 32.0 109.0 2797.0 1.0 2.0 1711.0 1 0.0 0.0
0
# 245
1 245 1 129 queue0
stage -1.0 2.0 1.0 2969.0 1.0 2.0 610.0 1 0.0 0.0
0
# 246
1 246 1 129 queue1
stage -1.0 2.0 1.0 2832.0 1.0 2.0 120.0 1 0.0 0.0
0
# 247
1 247 1 129 queue2
stage -1.0 2.0 0.0 2963.0 1.0 2.0 164.0 1 0.0 0.0
0
# 248
1 248 1 129 queue3
stage -1.0 9.5 32.0 2925.0 1.0 2.0 481.0 1 0.0 0.0
0
# 249
1 249 1 129 queue4
stage -1.0 2.0 2.0 2829.0 1.0 2.0 109.0 1 0.0 0.0
0
# 250
1 250 1 129 queue0
stage -1.0 2.0 0.0 2997.0 1.0 2.0 82.0 1 0.0 0.0
0
# 251
1 251 1 129 queue1
stage -1.0 2.0 5.0 2859.0 1.0 2.0 81.0 1 0.0 0.0
0
# 252
1 252 1 129 queue2
stage -1.0 2.0 2.0 2912.0 1.0 2.0 226.0 1 0.0 0.0
0
# 253
1 253 1 130 queue3
stage -1.0 6.2 8.0 2922.0 1.0 2.0 360.0 1 0.0 0.0
0
# 254
1 254 1 130 queue4
stage -1.0 2.0 10.0 2844.0 1.0 2.0 343.0 1 0.0 0.0
0
# 255
1 255 1 130 queue0
stage -1.0 2.0 0.0 2850.0 1.0 2.0 1858.0 1 0.0 0.0
0
# 256
1 256 1 130 queue1
stage -1.0 6.2 8.0 2981.0 1.0 2.0 342.0 1 0.0 0.0
0
# 257
1 257 1 131 queue2
stage -1.0 2.0 2.0 2855.0 1.0 2.0 157.0 1 0.0 0.0
0
# 258
1 258 1 131 queue3
stage -1.0 2.0 1.0 2754.0 1.0 2.0 157.0 1 0.0 0.0
0
# 259
1 259 1 131 queue4
stage -1.0 2.0 2.0 2802.0 1.0 2.0 77.0 1 0.0 0.0
0
# 260
1 260 1 131 queue0
stage -1.0 2.0 1.0 2942.0 1.0 2.0 134.0 1 0.0 0.0
0
# 261
1 261 1 131 queue1
stage -1.0 6.2 8.0 2712.0 1.0 2.0 379.0 1 0.0 0.0
0
# 262
1 262 1 131 queue2
stage -1.0 2.0 0.0 2714.0 1.0 2.0 82.0 1 0.0 0.0
0
# 263
1 263 1 131 queue3
stage -1.0 2.0 1.0 2728.0 1.0 2.0 91.0 1 0.0 0.0
0
# 264
1 264 1 131 queue4
stage -1.0 2.0 1.0 2886.0 1.0 2.0 139.0 1 0.0 0.0
0
# 265
1 265 1 133 queue0
stage -1.0 2.0 2.0 2807.0 1.0 2.0 362.0 1 0.0 0.0
0
# 266
1 266 1 133 queue1
stage -1.0 2.0 0.0 2754.0 1.0 2.0 282.0 1 0.0 0.0
0
# 267
1 267 1 133 queue2
stage -1.0 6.2 8.0 2875.0 1.0 2.0 254.0 1 0.0 0.0
0
# 268
1 268 1 133 queue3
stage -1.0 2.0 1.0 2785.0 1.0 2.0 1929.0 1 0.0 0.0
0
# 269
1 269 1 133 queue4
stage -1.0 2.0 2.0 2750.0 1.0 2.0 154.0 1 0.0 0.0
0
# 270
1 270 1 133 queue0
stage -1.0 2.0 1.0 2799.0 1.0 2.0 388.0 1 0.0 0.0
0
# 271
1 271 1 133 queue1
stage -1.0 2.0 1.0 2833.0 1.0 2.0 60.0 1 0.0 0.0
0
# 272
1 272 1 133 queue2
stage -1.0 2.0 2.0 2712.0 1.0 2.0 105.0 1 0.0 0.0
0
# 273
1 273 1 135 queue3
stage -1.0 2.0 1.0 2732.0 1.0 2.0 150.0 1 0.0 0.0
0
# 274
1 274 1 135 queue4
stage -1.0 2.0 6.0 2962.0 1.0 2.0 172.0 1 0.0 0.0
0
# 275
1 275 1 135 queue0
stage -1.0 2.0 2.0 2864.0 1.0 2.0 996.0 1 0.0 0.0
0
# 276
1 276 1 135 queue1
stage -1.0 2.0 2.0 2909.0 1.0 2.0 118.0 1 0.0 0.0
0
# 277
1 277 1 135 queue2
stage -1.0 10.4 11.0 2962.0 1.0 2.0 5904.0 1 0.0 0.0
0
# 278
1 278 1 136 queue3
stage -1.0 2.0 2.0 2889.0 1.0 2.0 852.0 1 0.0 0.0
0
# 279
1 279 1 136 queue4
stage -1.0 2.0 11.0 2743.0 1.0 2.0 145.0 1 0.0 0.0
0
# 280
1 280 1 136 queue0
stage -1.0 2.0 1.0 2946.0 1.0 2.0 661.0 1 0.0 0.0
0
# 281
1 281 1 140 queue1
stage -1.0 2.0 13.0 2970.0 1.0 2.0 97.0 1 0.0 0.0
0
# 282
1 282 1 140 queue2
stage -1.0 2.0 1.0 2995.0 1.0 2.0 98.0 1 0.0 0.0
0
# 283
1 283 1 141 queue3
stage -1.0 2.0 5.0 2761.0 1.0 2.0 105.0 1 0.0 0.0
0
# 284
1 284 1 141 queue4
stage -1.0 2.0 0.0 2923.0 1.0 2.0 447.0 1 0.0 0.0
0
# 285
1 285 1 141 queue0
stage -1.0 2.0 2.0 2892.0 1.0 2.0 122.0 1 0.0 0.0
0
# 286
1 286 1 144 queue1
stage -1.0 6.2 8.0 2757.0 1.0 2.0 455.0 1 0.0 0.0
0
# 287
1 287 1 145 queue2
stage -1.0 2.0 1.0 2830.0 1.0 2.0 62.0 1 0.0 0.0
0
# 288
1 288 1 146 queue3
stage -1.0 2.0 0.0 2765.0 1.0 2.0 119.0 1 0.0 0.0
0
# 289
1 289 1 146 queue4
stage -1.0 2.0 2.0 2854.0 1.0 2.0 96.0 1 0.0 0.0
0
# 290
1 290 1 146 queue0
stage -1.0 6.2 8.0 2868.0 1.0 2.0 533.0 1 0.0 0.0
0
# 291
1 291 1 146 queue1
stage -1.0 2.0 1.0 2899.0 1.0 2.0 181.0 1 0.0 0.0
0
# 292
1 292 1 146 queue2
stage -1.0 2.0 1.0 2984.0 1.0 2.0 96.0 1 0.0 0.0
0
# 293
1 293 1 147 queue3
stage -1.0 2.0 1.0 2792.0 1.0 2.0 715.0 1 0.0 0.0
0
# 294
1 294 1 147 queue4
stage -1.0 16.8 13.0 2995.0 1.0 2.0 4263.0 1 0.0 0.0
0
# 295
1 295 1 147 queue0
stage -1.0 2.0 1.0 2874.0 1.0 2.0 388.0 1 0.0 0.0
0
# 296
1 296 1 148 queue1
stage -1.0 2.0 5.0 2736.0 1.0 2.0 186.0 1 0.0 0.0
0
# 297
1 297 1 149 queue2
stage -1.0 2.0 1.0 3000.0 1.0 2.0 95.0 1 0.0 0.0
0
# 298
1 298 1 151 queue3
stage -1.0 2.0 1.0 2850.0 1.0 2.0 95.0 1 0.0 0.0
0
# 299
1 299 1 151 queue4
stage -1.0 2.0 7.0 2774.0 1.0 2.0 952.0 1 0.0 0.0
0
# 300
1 300 1 152 queue0
stage -1.0 2.0 1.0 2797.0 1.0 2.0 187.0 1 0.0 0.0
0
# 301
1 301 1 152 queue1
stage -1.0 2.0 1.0 2946.0 1.0 2.0 154.0 1 0.0 0.0
0
# 302
1 302 1 152 queue2
stage -1.0 2.0 10.0 2701.0 1.0 2.0 174.0 1 0.0 0.0
0
# 303
1 303 1 152 queue3
stage -1.0 2.0 1.0 2733.0 1.0 2.0 116.0 1 0.0 0.0
0
# 304
1 304 1 153 queue4
stage -1.0 2.0 1.0 2791.0 1.0 2.0 124.0 1 0.0 0.0
0
# 305
1 305 1 153 queue0
stage -1.0 2.0 1.0 2969.0 1.0 2.0 258.0 1 0.0 0.0
0
# 306
1 306 1 153 queue1
stage -1.0 2.0 0.0 2738.0 1.0 2.0 171.0 1 0.0 0.0
0
# 307
1 307 1 153 queue2
stage -1.0 2.0 2.0 2727.0 1.0 2.0 3426.0 1 0.0 0.0
0
# 308
1 308 1 155 queue3
stage -1.0 6.2 8.0 2728.0 1.0 2.0 174.0 1 0.0 0.0
0
# 309
1 309 1 156 queue4
stage -1.0 2.0 0.0 2830.0 1.0 2.0 394.0 1 0.0 0.0
0
# 310
1 310 1 156 queue0
stage -1.0 2.0 1.0 2878.0 1.0 2.0 594.0 1 0.0 0.0
0
# 311
1 311 1 158 queue1
stage -1.0 2.0 2.0 2970.0 1.0 2.0 211.0 1 0.0 0.0
0
# 312
1 312 1 158 queue2
stage -1.0 6.2 8.0 2837.0 1.0 2.0 1058.0 1 0.0 0.0
0
# 313
1 313 1 158 queue3
stage -1.0 2.0 1.0 2868.0 1.0 2.0 160.0 1 0.0 0.0
0
# 314
1 314 1 158 queue4
stage -1.0 2.0 0.0 2811.0 1.0 2.0 215.0 1 0.0 0.0
0
# 315
1 315 1 159 queue0
stage -1.0 2.0 0.0 2936.0 1.0 2.0 71.0 1 0.0 0.0
0
# 316
1 316 1 161 queue1
stage -1.0 2.0 0.0 2808.0 1.0 2.0 74.0 1 0.0 0.0
0
# 317
1 317 1 162 queue2
stage -1.0 2.0 1.0 2709.0 1.0 2.0 1057.0 1 0.0 0.0
0
# 318
1 318 1 162 queue3
stage -1.0 2.0 1.0 2791.0 1.0 2.0 104.0 1 0.0 0.0
0
# 319
1 319 1 162 queue4
stage -1.0 2.0 1.0 2735.0 1.0 2.0 255.0 1 0.0 0.0
0
# 320
1 320 1 162 queue0
stage -1.0 2.0 1.0 2722.0 1.0 2.0 173.0 1 0.0 0.0
0
# 321
1 321 1 163 queue1
stage -1.0 2.0 0.0 2716.0 1.0 2.0 137.0 1 0.0 0.0
0
# 322
1 322 1 163 queue2
stage -1.0 2.0 3.0 2845.0 1.0 2.0 70.0 1 0.0 0.0
0
# 323
1 323 1 163 queue3
stage -1.0 2.0 0.0 2947.0 1.0 2.0 189.0 1 0.0 0.0
0
# 324
1 324 1 165 queue4
stage -1.0 2.0 0.0 2753.0 1.0 2.0 57.0 1 0.0 0.0
0
# 325
1 325 1 166 queue0
stage -1.0 2.0 3.0 2985.0 1.0 2.0 253.0 1 0.0 0.0
0
# 326
1 326 1 167 queue1
stage -1.0 2.0 0.0 2961.0 1.0 2.0 117.0 1 0.0 0.0
0
# 327
1 327 1 167 queue2
stage -1.0 2.0 0.0 2720.0 1.0 2.0 113.0 1 0.0 0.0
0
# 328
1 328 1 167 queue3
stage -1.0 2.0 1.0 2916.0 1.0 2.0 150.0 1 0.0 0.0
0
# 329
1 329 1 167 queue4
stage -1.0 2.0 1.0 2717.0 1.0 2.0 108.0 1 0.0 0.0
0
# 330
1 330 1 168 queue0
stage -1.0 2.0 1.0 2795.0 1.0 2.0 117.0 1 0.0 0.0
0
# 331
1 331 1 169 queue1
stage -1.0 2.0 1.0 2798.0 1.0 2.0 369.0 1 0.0 0.0
0
# 332
1 332 1 172 queue2
stage -1.0 2.0 1.0 2887.0 1.0 2.0 506.0 1 0.0 0.0
0
# 333
1 333 1 172 queue3
stage -1.0 2.0 1.0 2740.0 1.0 2.0 43.0 1 0.0 0.0
0
# 334
1 334 1 172 queue4
stage -1.0 2.0 1.0 2832.0 1.0 2.0 386.0 1 0.0 0.0
0
# 335
1 335 1 177 queue0
stage -1.0 2.0 0.0 2909.0 1.0 2.0 1782.0 1 0.0 0.0
0
# 336
1 336 1 178 queue1
stage -1.0 2.0 0.0 2745.0 1.0 2.0 136.0 1 0.0 0.0
0
# 337
1 337 1 178 queue2
stage -1.0 2.0 0.0 2765.0 1.0 2.0 80.0 1 0.0 0.0
0
# 338
1 338 1 179 queue3
stage -1.0 2.0 0.0 2709.0 1.0 2.0 112.0 1 0.0 0.0
0
# 339
1 339 1 180 queue4
stage -1.0 2.0 1.0 2707.0 1.0 2.0 337.0 1 0.0 0.0
0
# 340
1 340 1 180 queue0
stage -1.0 2.0 0.0 2819.0 1.0 2.0 201.0 1 0.0 0.0
0
# 341
1 341 1 180 queue1
stage -1.0 2.0 3.0 2996.0 1.0 2.0 177.0 1 0.0 0.0
0
# 342
1 342 1 180 queue2
stage -1.0 2.0 0.0 2923.0 1.0 2.0 61.0 1 0.0 0.0
0
# 343
1 343 1 180 queue3
stage -1.0 26.3 27.0 2907.0 1.0 2.0 5626.0 1 0.0 0.0
0
# 344
1 344 1 182 queue4
stage -1.0 2.0 0.0 2932.0 1.0 2.0 89.0 1 0.0 0.0
0
# 345
1 345 1 182 queue0
stage -1.0 2.0 2.0 2783.0 1.0 2.0 120.0 1 0.0 0.0
0
# 346
1 346 1 182 queue1
stage -1.0 2.0 0.0 2805.0 1.0 2.0 197.0 1 0.0 0.0
0
# 347
1 347 1 185 queue2
stage -1.0 6.2 8.0 2721.0 1.0 2.0 1051.0 1 0.0 0.0
0
# 348
1 348 1 185 queue3
stage -1.0 7.9 4.0 2837.0 1.0 2.0 707.0 1 0.0 0.0
0
# 349
1 349 1 186 queue4
stage -1.0 2.0 1.0 2867.0 1.0 2.0 163.0 1 0.0 0.0
0
# 350
1 350 1 186 queue0
stage -1.0 2.0 3.0 2808.0 1.0 2.0 518.0 1 0.0 0.0
0
# 351
1 351 1 186 queue1
stage -1.0 2.0 1.0 2934.0 1.0 2.0 138.0 1 0.0 0.0
0
# 352
1 352 1 187 queue2
stage -1.0 19.0 47.0 2985.0 1.0 2.0 3052.0 1 0.0 0.0
0
# 353
1 353 1 188 queue3
stage -1.0 2.0 5.0 2937.0 1.0 2.0 203.0 1 0.0 0.0
0
# 354
1 354 1 189 queue4
stage -1.0 2.0 7.0 2741.0 1.0 2.0 131.0 1 0.0 0.0
0
# 355
1 355 1 189 queue0
stage -1.0 2.0 0.0 2967.0 1.0 2.0 292.0 1 0.0 0.0
0
# 356
1 356 1 189 queue1
stage -1.0 2.0 0.0 2711.0 1.0 2.0 237.0 1 0.0 0.0
0
# 357
1 357 1 190 queue2
stage -1.0 2.0 0.0 2879.0 1.0 2.0 130.0 1 0.0 0.0
0
# 358
1 358 1 190 queue3
stage -1.0 2.0 0.0 5945.0 1.0 2.0 560.0 1 0.0 0.0
0
# 359
1 359 1 190 queue4
stage -1.0 2.0 0.0 2831.0 1.0 2.0 91.0 1 0.0 0.0
0
# 360
1 360 1 190 queue0
stage -1.0 2.0 0.0 2876.0 1.0 2.0 60.0 1 0.0 0.0
0
# 361
1 361 1 190 queue1
stage -1.0 2.0 0.0 5763.0 1.0 2.0 217.0 1 0.0 0.0
0
# 362
1 362 1 190 queue2
stage -1.0 2.0 0.0 5977.0 1.0 2.0 453.0 1 0.0 0.0
0
# 363
1 363 1 191 queue3
stage -1.0 2.0 3.0 5992.0 1.0 2.0 285.0 1 0.0 0.0
0
# 364
1 364 1 191 queue4
stage -1.0 2.0 0.0 5747.0 1.0 2.0 1172.0 1 0.0 0.0
0
# 365
1 365 1 191 queue0
stage -1.0 2.0 5.0 5964.0 1.0 2.0 163.0 1 0.0 0.0
0
# 366
1 366 1 191 queue1
stage -1.0 2.0 1.0 5714.0 1.0 2.0 166.0 1 0.0 0.0
0
# 367
1 367 1 191 queue2
stage -1.0 2.0 5.0 5816.0 1.0 2.0 190.0 1 0.0 0.0
0
# 368
1 368 1 191 queue3
stage -1.0 2.0 0.0 5921.0 1.0 2.0 566.0 1 0.0 0.0
0
# 369
1 369 1 191 queue4
stage -1.0 2.0 5.0 2791.0 1.0 2.0 131.0 1 0.0 0.0
0
# 370
1 370 1 191 queue0
stage -1.0 2.0 0.0 5842.0 1.0 2.0 5105.0 1 0.0 0.0
0
# 371
1 371 1 191 queue1
stage -1.0 2.0 0.0 5811.0 1.0 2.0 368.0 1 0.0 0.0
0
# 372
1 372 1 192 queue2
stage -1.0 2.0 0.0 2814.0 1.0 2.0 231.0 1 0.0 0.0
0
# 373
1 373 1 192 queue3
stage -1.0 2.0 2.0 2784.0 1.0 2.0 399.0 1 0.0 0.0
0
# 374
1 374 1 192 queue4
stage -1.0 2.0 0.0 2986.0 1.0 2.0 393.0 1 0.0 0.0
0
# 375
1 375 1 192 queue0
stage -1.0 6.2 8.0 2758.0 1.0 2.0 544.0 1 0.0 0.0
0
# 376
1 376 1 192 queue1
stage -1.0 2.0 1.0 2882.0 1.0 2.0 662.0 1 0.0 0.0
0
# 377
1 377 1 192 queue2
stage -1.0 2.0 0.0 2950.0 1.0 2.0 137.0 1 0.0 0.0
0
# 378
1 378 1 192 queue3
stage -1.0 2.0 0.0 2731.0 1.0 2.0 158.0 1 0.0 0.0
0
# 379
1 379 1 192 queue4
stage -1.0 2.0 0.0 2732.0 1.0 2.0 109.0 1 0.0 0.0
0
# 380
1 380 1 192 queue0
stage -1.0 2.0 0.0 2746.0 1.0 2.0 109.0 1 0.0 0.0
0
# 381
1 381 1 192 queue1
stage -1.0 2.0 3.0 2821.0 1.0 2.0 123.0 1 0.0 0.0
0
# 382
1 382 1 192 queue2
stage -1.0 2.0 0.0 2875.0 1.0 2.0 1711.0 1 0.0 0.0
0
# 383
1 383 1 194 queue3
stage -1.0 3.8 0.0 2833.0 1.0 2.0 1620.0 1 0.0 0.0
0
# 384
1 384 1 194 queue4
stage -1.0 2.0 2.0 2837.0 1.0 2.0 229.0 1 0.0 0.0
0
# 385
1 385 1 194 queue0
stage -1.0 2.0 1.0 2784.0 1.0 2.0 145.0 1 0.0 0.0
0
# 386
1 386 1 195 queue1
stage -1.0 2.0 1.0 2888.0 1.0 2.0 123.0 1 0.0 0.0
0
# 387
1 387 1 195 queue2
stage -1.0 2.0 1.0 2928.0 1.0 2.0 192.0 1 0.0 0.0
0
# 388
1 388 1 196 queue3
stage -1.0 2.0 0.0 2799.0 1.0 2.0 91.0 1 0.0 0.0
0
# 389
1 389 1 196 queue4
stage -1.0 2.0 1.0 2989.0 1.0 2.0 115.0 1 0.0 0.0
0
# 390
1 390 1 196 queue0
stage -1.0 2.0 3.0 2884.0 1.0 2.0 65.0 1 0.0 0.0
0
# 391
1 391 1 196 queue1
stage -1.0 2.0 1.0 2765.0 1.0 2.0 144.0 1 0.0 0.0
0
# 392
1 392 1 198 queue2
stage -1.0 2.0 2.0 2897.0 1.0 2.0 230.0 1 0.0 0.0
0
# 393
1 393 1 198 queue3
stage -1.0 2.0 0.0 2830.0 1.0 2.0 587.0 1 0.0 0.0
0
# 394
1 394 1 198 queue4
stage -1.0 2.0 3.0 2905.0 1.0 2.0 132.0 1 0.0 0.0
0
# 395
1 395 1 198 queue0
stage -1.0 2.0 15.0 2702.0 1.0 2.0 94.0 1 0.0 0.0
0
# 396
1 396 1 198 queue1
stage -1.0 2.0 1.0 2992.0 1.0 2.0 190.0 1 0.0 0.0
0
# 397
1 397 1 198 queue2
stage -1.0 2.0 1.0 2918.0 1.0 2.0 693.0 1 0.0 0.0
0
# 398
1 398 1 198 queue3
stage -1.0 2.0 0.0 2849.0 1.0 2.0 268.0 1 0.0 0.0
0
# 399
1 399 1 198 queue4
stage -1.0 2.0 0.0 2889.0 1.0 2.0 432.0 1 0.0 0.0
0
# 400
1 400 1 198 queue0
stage -1.0 2.0 1.0 2933.0 1.0 2.0 263.0 1 0.0 0.0
0
# 401
1 401 1 198 queue1
stage -1.0 2.0 0.0 2884.0 1.0 2.0 177.0 1 0.0 0.0
0
# 402
1 402 1 199 queue2
stage -1.0 2.3 0.0 2759.0 1.0 2.0 169.0 1 0.0 0.0
0
# 403
1 403 1 199 queue3
stage -1.0 2.0 1.0 2765.0 1.0 2.0 164.0 1 0.0 0.0
0
# 404
1 404 1 200 queue4
stage -1.0 2.0 0.0 2803.0 1.0 2.0 82.0 1 0.0 0.0
0
# 405
1 405 1 201 queue0
stage -1.0 2.0 0.0 2893.0 1.0 2.0 154.0 1 0.0 0.0
0
# 406
1 406 1 202 queue1
stage -1.0 2.0 0.0 2898.0 1.0 2.0 72.0 1 0.0 0.0
0
# 407
1 407 1 202 queue2
stage -1.0 3.9 2.0 2984.0 1.0 2.0 252.0 1 0.0 0.0
0
# 408
1 408 1 202 queue3
stage -1.0 2.0 5.0 2741.0 1.0 2.0 64.0 1 0.0 0.0
0
# 409
1 409 1 202 queue4
stage -1.0 2.0 0.0 2978.0 1.0 2.0 304.0 1 0.0 0.0
0
# 410
1 410 1 202 queue0
stage -1.0 2.0 1.0 2795.0 1.0 2.0 115.0 1 0.0 0.0
0
# 411
1 411 1 203 queue1
stage -1.0 2.0 3.0 2828.0 1.0 2.0 248.0 1 0.0 0.0
0
# 412
1 412 1 203 queue2
stage -1.0 2.0 1.0 2871.0 1.0 2.0 119.0 1 0.0 0.0
0
# 413
1 413 1 204 queue3
stage -1.0 2.0 0.0 2854.0 1.0 2.0 114.0 1 0.0 0.0
0
# 414
1 414 1 204 queue4
stage -1.0 2.0 0.0 2796.0 1.0 2.0 862.0 1 0.0 0.0
0
# 415
1 415 1 204 queue0
stage -1.0 2.0 0.0 2939.0 1.0 2.0 287.0 1 0.0 0.0
0
# 416
1 416 1 205 queue1
stage -1.0 2.0 0.0 2890.0 1.0 2.0 314.0 1 0.0 0.0
0
# 417
1 417 1 205 queue2
stage -1.0 2.0 0.0 2772.0 1.0 2.0 115.0 1 0.0 0.0
0
# 418
1 418 1 210 queue3
stage -1.0 2.0 0.0 2968.0 1.0 2.0 92.0 1 0.0 0.0
0
# 419
1 419 1 211 queue4
stage -1.0 2.0 0.0 2808.0 1.0 2.0 213.0 1 0.0 0.0
0
# 420
1 420 1 211 queue0
stage -1.0 2.0 0.0 2773.0 1.0 2.0 96.0 1 0.0 0.0
0
# 421
1 421 1 211 queue1
stage -1.0 2.0 1.0 2806.0 1.0 2.0 115.0 1 0.0 0.0
0
# 422
1 422 1 211 queue2
stage -1.0 2.0 0.0 2799.0 1.0 2.0 5822.0 1 0.0 0.0
0
# 423
1 423 1 211 queue3
stage -1.0 2.0 0.0 2778.0 1.0 2.0 128.0 1 0.0 0.0
0
# 424
1 424 1 212 queue4
stage -1.0 2.0 1.0 2861.0 1.0 2.0 196.0 1 0.0 0.0
0
# 425
1 425 1 214 queue0
stage -1.0 2.0 0.0 2957.0 1.0 2.0 79.0 1 0.0 0.0
0
# 426
1 426 1 214 queue1
stage -1.0 2.0 0.0 2904.0 1.0 2.0 5746.0 1 0.0 0.0
0
# 427
1 427 1 215 queue2
stage -1.0 2.0 0.0 2803.0 1.0 2.0 165.0 1 0.0 0.0
0
# 428
1 428 1 215 queue3
stage -1.0 2.0 1.0 2883.0 1.0 2.0 183.0 1 0.0 0.0
0
# 429
1 429 1 215 queue4
stage -1.0 2.0 1.0 2725.0 1.0 2.0 161.0 1 0.0 0.0
0
# 430
1 430 1 215 queue0
stage -1.0 2.0 0.0 2842.0 1.0 2.0 100.0 1 0.0 0.0
0
# 431
1 431 1 215 queue1
stage -1.0 2.0 2.0 2952.0 1.0 2.0 236.0 1 0.0 0.0
0
# 432
1 432 1 215 queue2
stage -1.0 2.0 0.0 2792.0 1.0 2.0 96.0 1 0.0 0.0
0
# 433
1 433 1 215 queue3
stage -1.0 2.0 2.0 2765.0 1.0 2.0 160.0 1 0.0 0.0
0
# 434
1 434 1 215 queue4
stage -1.0 2.0 0.0 2746.0 1.0 2.0 1541.0 1 0.0 0.0
0
# 435
1 435 1 215 queue0
stage -1.0 2.0 1.0 2863.0 1.0 2.0 382.0 1 0.0 0.0
0
# 436
1 436 1 215 queue1
stage -1.0 2.0 1.0 2973.0 1.0 2.0 114.0 1 0.0 0.0
0
# 437
1 437 1 215 queue2
stage -1.0 2.0 1.0 2959.0 1.0 2.0 171.0 1 0.0 0.0
0
# 438
1 438 1 215 queue3
stage -1.0 2.0 3.0 2829.0 1.0 2.0 425.0 1 0.0 0.0
0
# 439
1 439 1 215 queue4
stage -1.0 2.0 1.0 2813.0 1.0 2.0 215.0 1 0.0 0.0
0
# 440
1 440 1 215 queue0
stage -1.0 9.6 10.0 2791.0 1.0 2.0 611.0 1 0.0 0.0
0
# 441
1 441 1 217 queue1
stage -1.0 2.0 1.0 2875.0 1.0 2.0 356.0 1 0.0 0.0
0
# 442
1 442 1 217 queue2
stage -1.0 2.0 1.0 2958.0 1.0 2.0 110.0 1 0.0 0.0
0
# 443
1 443 1 217 queue3
stage -1.0 2.0 2.0 2907.0 1.0 2.0 295.0 1 0.0 0.0
0
# 444
1 444 1 218 queue4
stage -1.0 3.0 2.0 2786.0 1.0 2.0 112.0 1 0.0 0.0
0
# 445
1 445 1 218 queue0
stage -1.0 2.0 1.0 2936.0 1.0 2.0 273.0 1 0.0 0.0
0
# 446
1 446 1 219 queue1
stage -1.0 2.0 2.0 2780.0 1.0 2.0 99.0 1 0.0 0.0
0
# 447
1 447 1 219 queue2
stage -1.0 2.0 3.0 2883.0 1.0 2.0 362.0 1 0.0 0.0
0
# 448
1 448 1 219 queue3
stage -1.0 9.4 10.0 2994.0 1.0 2.0 1237.0 1 0.0 0.0
0
# 449
1 449 1 219 queue4
stage -1.0 9.7 10.0 2805.0 1.0 2.0 3215.0 1 0.0 0.0
0
# 450
1 450 1 220 queue0
stage -1.0 2.0 5.0 2810.0 1.0 2.0 135.0 1 0.0 0.0
0
# 451
1 451 1 221 queue1
stage -1.0 2.0 2.0 2784.0 1.0 2.0 113.0 1 0.0 0.0
0
# 452
1 452 1 221 queue2
stage -1.0 2.0 2.0 2760.0 1.0 2.0 140.0 1 0.0 0.0
0
# 453
1 453 1 221 queue3
stage -1.0 2.0 2.0 2796.0 1.0 2.0 177.0 1 0.0 0.0
0
# 454
1 454 1 221 queue4
stage -1.0 9.5 10.0 2917.0 1.0 2.0 598.0 1 0.0 0.0
0
# 455
1 455 1 223 queue0
stage -1.0 9.4 10.0 2804.0 1.0 2.0 565.0 1 0.0 0.0
0
# 456
1 456 1 223 queue1
stage -1.0 2.0 2.0 2771.0 1.0 2.0 113.0 1 0.0 0.0
0
# 457
1 457 1 224 queue2
stage -1.0 2.0 2.0 2912.0 1.0 2.0 127.0 1 0.0 0.0
0
# 458
1 458 1 224 queue3
stage -1.0 2.0 2.0 2754.0 1.0 2.0 68.0 1 0.0 0.0
0
# 459
1 459 1 225 queue4
stage -1.0 2.0 2.0 2977.0 1.0 2.0 343.0 1 0.0 0.0
0
# 460
1 460 1 225 queue0
stage -1.0 9.4 10.0 2727.0 1.0 2.0 498.0 1 0.0 0.0
0
# 461
1 461 1 226 queue1
stage -1.0 2.0 2.0 2701.0 1.0 2.0 281.0 1 0.0 0.0
0
# 462
1 462 1 226 queue2
stage -1.0 2.0 2.0 2874.0 1.0 2.0 535.0 1 0.0 0.0
0
# 463
1 463 1 226 queue3
stage -1.0 32.0 16.0 2920.0 1.0 2.0 2141.0 1 0.0 0.0
0
# 464
1 464 1 227 queue4
stage -1.0 2.0 2.0 2922.0 1.0 2.0 176.0 1 0.0 0.0
0
# 465
1 465 1 227 queue0
stage -1.0 2.0 4.0 2898.0 1.0 2.0 172.0 1 0.0 0.0
0
# 466
1 466 1 229 queue1
stage -1.0 2.0 2.0 2763.0 1.0 2.0 116.0 1 0.0 0.0
0
# 467
1 467 1 230 queue2
stage -1.0 2.0 1.0 2809.0 1.0 2.0 99.0 1 0.0 0.0
0
# 468
1 468 1 230 queue3
stage -1.0 2.0 1.0 2776.0 1.0 2.0 207.0 1 0.0 0.0
0
# 469
1 469 1 230 queue4
stage -1.0 2.0 1.0 2729.0 1.0 2.0 115.0 1 0.0 0.0
0
# 470
1 470 1 230 queue0
stage -1.0 2.0 1.0 2700.0 1.0 2.0 174.0 1 0.0 0.0
0
# 471
1 471 1 230 queue1
stage -1.0 2.0 1.0 2707.0 1.0 2.0 84.0 1 0.0 0.0
0
# 472
1 472 1 231 queue2
stage -1.0 2.0 1.0 2857.0 1.0 2.0 91.0 1 0.0 0.0
0
# 473
1 473 1 231 queue3
stage -1.0 2.0 10.0 2857.0 1.0 2.0 277.0 1 0.0 0.0
0
# 474
1 474 1 231 queue4
stage -1.0 2.0 10.0 2979.0 1.0 2.0 135.0 1 0.0 0.0
0
# 475
1 475 1 231 queue0
stage -1.0 2.0 3.0 2909.0 1.0 2.0 139.0 1 0.0 0.0
0
# 476
1 476 1 231 queue1
stage -1.0 2.0 10.0 2723.0 1.0 2.0 139.0 1 0.0 0.0
0
# 477
1 477 1 232 queue2
stage -1.0 2.0 10.0 2794.0 1.0 2.0 83.0 1 0.0 0.0
0
# 478
1 478 1 232 queue3
stage -1.0 2.0 3.0 2914.0 1.0 2.0 275.0 1 0.0 0.0
0
# 479
1 479 1 233 queue4
stage -1.0 2.0 1.0 2870.0 1.0 2.0 232.0 1 0.0 0.0
0
# 480
1 480 1 235 queue0
stage -1.0 2.1 1.0 2890.0 1.0 2.0 556.0 1 0.0 0.0
0
# 481
1 481 1 235 queue1
stage -1.0 2.0 1.0 2850.0 1.0 2.0 71.0 1 0.0 0.0
0
# 482
1 482 1 235 queue2
stage -1.0 2.6 1.0 2953.0 1.0 2.0 164.0 1 0.0 0.0
0
# 483
1 483 1 235 queue3
stage -1.0 17.8 19.0 2866.0 1.0 2.0 1454.0 1 0.0 0.0
0
# 484
1 484 1 235 queue4
stage -1.0 2.0 2.0 2726.0 1.0 2.0 119.0 1 0.0 0.0
0
# 485
1 485 1 236 queue0
stage -1.0 2.0 1.0 2973.0 1.0 2.0 151.0 1 0.0 0.0
0
# 486
1 486 1 236 queue1
stage -1.0 2.0 1.0 2888.0 1.0 2.0 124.0 1 0.0 0.0
0
# 487
1 487 1 236 queue2
stage -1.0 2.0 1.0 2984.0 1.0 2.0 152.0 1 0.0 0.0
0
# 488
1 488 1 236 queue3
stage -1.0 2.0 0.0 2753.0 1.0 2.0 105.0 1 0.0 0.0
0
# 489
1 489 1 236 queue4
stage -1.0 2.0 0.0 2758.0 1.0 2.0 146.0 1 0.0 0.0
0
# 490
1 490 1 237 queue0
stage -1.0 2.0 0.0 2747.0 1.0 2.0 51.0 1 0.0 0.0
0
# 491
1 491 1 237 queue1
stage -1.0 2.0 0.0 2801.0 1.0 2.0 310.0 1 0.0 0.0
0
# 492
1 492 1 237 queue2
stage -1.0 2.0 3.0 2712.0 1.0 2.0 562.0 1 0.0 0.0
0
# 493
1 493 1 237 queue3
stage -1.0 2.0 0.0 2821.0 1.0 2.0 566.0 1 0.0 0.0
0
# 494
1 494 1 237 queue4
stage -1.0 8.0 4.0 2736.0 1.0 2.0 3588.0 1 0.0 0.0
0
# 495
1 495 1 239 queue0
stage -1.0 2.0 1.0 2984.0 1.0 2.0 197.0 1 0.0 0.0
0
# 496
1 496 1 239 queue1
stage -1.0 2.0 3.0 5250.0 1.0 2.0 317.0 1 0.0 0.0
0
# 497
1 497 1 239 queue2
stage -1.0 2.0 1.0 5250.0 1.0 2.0 378.0 1 0.0 0.0
0
# 498
1 498 1 239 queue3
stage -1.0 2.0 2.0 5250.0 1.0 2.0 188.0 1 0.0 0.0
0
# 499
1 499 1 240 queue4
stage -1.0 2.0 1.0 5490.0 1.0 2.0 243.0 1 0.0 0.0
0
