# 0
1 0 1 0 queue0
stage -1.0 20.0 3.0 2000.0 1.0 2.0 2857.0 1 -0.04 0.07
0
# 1
1 1 1 0 queue1
stage -1.0 20.0 16.0 3000.0 1.0 2.0 1000.0 1 0.08 -0.23
0
# 2
1 2 1 0 queue2
stage -1.0 20.0 19.0 3000.0 1.0 2.0 1200.0 1 0.09 0.13
0
# 3
1 3 1 0 queue3
stage -1.0 20.0 7.0 3000.0 1.0 2.0 300.0 1 -0.09 0.19
0
# 4
1 4 1 0 queue0
stage -1.0 20.0 24.0 1000.0 1.0 2.0 1429.0 1 0.2 0.0
0
# 5
1 5 1 0 queue1
stage -1.0 20.0 24.0 1200.0 1.0 2.0 1000.0 1 0.06 -0.04
0
# 6
1 6 1 0 queue2
stage -1.0 20.0 24.0 3000.0 1.0 2.0 900.0 1 -0.1 0.22
0
# 7
1 7 1 0 queue3
stage -1.0 20.0 7.0 3000.0 1.0 2.0 300.0 1 -0.03 -0.1
0
# 8
1 8 1 0 queue0
stage -1.0 20.0 7.0 500.0 1.0 2.0 714.0 1 -0.13 0.02
0
# 9
1 9 1 0 queue1
stage -1.0 20.0 24.0 2000.0 1.0 2.0 1000.0 1 -0.07 -0.06
0
# 10
1 10 1 0 queue2
stage -1.0 20.0 24.0 3000.0 1.0 2.0 1000.0 1 0.22 0.05
0
# 11
1 11 1 0 queue3
stage -1.0 20.0 7.0 3000.0 1.0 2.0 300.0 1 0.0 0.11
0
# 12
1 12 1 0 queue0
stage -1.0 20.0 24.0 700.0 1.0 2.0 1000.0 1 -0.18 0.3
0
# 13
1 13 1 0 queue1
stage -1.0 20.0 41.0 3000.0 1.0 2.0 1500.0 1 -0.08 -0.23
0
# 14
1 14 1 0 queue2
stage -1.0 20.0 7.0 3200.0 1.0 2.0 1100.0 1 0.0 -0.02
0
# 15
1 15 1 0 queue3
stage -1.0 20.0 7.0 3000.0 1.0 2.0 300.0 1 -0.16 0.07
0
# 16
1 16 1 0 queue0
stage -1.0 20.0 41.0 1400.0 1.0 2.0 2000.0 1 -0.04 0.28
0
# 17
1 17 1 0 queue1
stage -1.0 20.0 37.0 2400.0 1.0 2.0 2000.0 1 -0.09 0.13
0
# 18
1 18 1 0 queue2
stage -1.0 20.0 41.0 3000.0 1.0 2.0 1500.0 1 -0.08 -0.03
0
# 19
1 19 1 0 queue3
stage -1.0 20.0 7.0 3000.0 1.0 2.0 400.0 1 0.17 0.0
0
# 20
1 20 1 0 queue0
stage -1.0 20.0 3.0 2000.0 1.0 2.0 2857.0 1 0.0 0.17
0
# 21
1 21 1 0 queue1
stage -1.0 20.0 16.0 2000.0 1.0 2.0 1000.0 1 -0.03 -0.08
0
# 22
1 22 1 0 queue2
stage -1.0 20.0 19.0 3000.0 1.0 2.0 1000.0 1 0.13 -0.09
0
# 23
1 23 1 0 queue3
stage -1.0 20.0 7.0 3000.0 1.0 2.0 300.0 1 0.28 -0.04
0
# 24
1 24 1 0 queue0
stage -1.0 20.0 24.0 1000.0 1.0 2.0 1429.0 1 0.07 -0.16
0
# 25
1 25 1 0 queue1
stage -1.0 20.0 24.0 2400.0 1.0 2.0 1000.0 1 -0.02 0.0
0
# 26
1 26 1 0 queue2
stage -1.0 20.0 24.0 600.0 1.0 2.0 600.0 1 -0.23 -0.08
0
# 27
1 27 1 0 queue3
stage -1.0 20.0 7.0 3000.0 1.0 2.0 300.0 1 0.3 -0.18
0
# 28
1 28 1 0 queue0
stage -1.0 20.0 7.0 500.0 1.0 2.0 714.0 1 0.11 0.0
0
# 29
1 29 1 0 queue1
stage -1.0 20.0 24.0 2400.0 1.0 2.0 900.0 1 0.05 0.22
0
# 30
1 30 1 0 queue2
stage -1.0 20.0 24.0 800.0 1.0 2.0 800.0 1 -0.06 -0.07
0
# 31
1 31 1 0 queue3
stage -1.0 20.0 7.0 3000.0 1.0 2.0 300.0 1 0.02 -0.13
0
# 32
1 32 1 0 queue0
stage -1.0 20.0 24.0 700.0 1.0 2.0 1000.0 1 -0.1 -0.03
0
# 33
1 33 1 0 queue1
stage -1.0 20.0 41.0 3000.0 1.0 2.0 1000.0 1 0.22 -0.1
0
# 34
1 34 1 0 queue2
stage -1.0 20.0 7.0 700.0 1.0 2.0 700.0 1 -0.04 0.06
0
# 35
1 35 1 0 queue3
stage -1.0 20.0 7.0 3000.0 1.0 2.0 300.0 1 0.0 0.2
0
# 36
1 36 1 0 queue0
stage -1.0 20.0 41.0 1400.0 1.0 2.0 2000.0 1 0.19 -0.09
0
# 37
1 37 1 0 queue1
stage -1.0 20.0 37.0 500.0 1.0 2.0 800.0 1 0.13 0.09
0
# 38
1 38 1 0 queue2
stage -1.0 20.0 41.0 800.0 1.0 2.0 800.0 1 -0.23 0.08
0
# 39
1 39 1 0 queue3
stage -1.0 20.0 7.0 3000.0 1.0 2.0 400.0 1 0.07 -0.04
0
