# 0
1 0 1 32 queue0
stage -1.0 32.0 13.0 86.0 1.0 2.0 71.0 1 0.0 0.0
0
# 1
1 1 1 345 queue1
stage -1.0 32.0 3.0 110.0 1.0 2.0 90.0 1 0.0 0.0
0
# 2
1 2 1 949 queue2
stage -1.0 32.0 2.0 32.0 1.0 2.0 36.0 1 0.0 0.0
0
# 3
1 3 1 822 queue3
stage -1.0 32.0 6.0 73.0 1.0 2.0 74.0 1 0.0 0.0
0
# 4
1 4 1 225 queue4
stage -1.0 32.0 12.0 53.0 1.0 2.0 42.0 1 0.0 0.0
0
# 5
1 5 1 1040 queue5
stage -1.0 32.0 6.0 229.0 1.0 2.0 179.0 1 0.0 0.0
0
# 6
1 6 1 641 queue6
stage -1.0 32.0 6.0 137.0 1.0 2.0 141.0 1 0.0 0.0
0
# 7
1 7 1 659 queue7
stage -1.0 32.0 9.0 193.0 1.0 2.0 176.0 1 0.0 0.0
0
# 8
1 8 1 581 queue8
stage -1.0 32.0 11.0 184.0 1.0 2.0 180.0 1 0.0 0.0
0
# 9
1 9 1 231 queue9
stage -1.0 32.0 6.0 181.0 1.0 2.0 165.0 1 0.0 0.0
0
# 10
1 10 1 866 queue0
stage -1.0 32.0 11.0 52.0 1.0 2.0 58.0 1 0.0 0.0
0
# 11
1 11 1 152 queue1
stage -1.0 32.0 9.0 62.0 1.0 2.0 52.0 1 0.0 0.0
0
# 12
1 12 1 899 queue2
stage -1.0 32.0 14.0 28.0 1.0 2.0 30.0 1 0.0 0.0
0
# 13
1 13 1 659 queue3
stage -1.0 32.0 9.0 82.0 1.0 2.0 78.0 1 0.0 0.0
0
# 14
1 14 1 609 queue4
stage -1.0 32.0 15.0 53.0 1.0 2.0 52.0 1 0.0 0.0
0
# 15
1 15 1 807 queue5
stage -1.0 32.0 13.0 136.0 1.0 2.0 151.0 1 0.0 0.0
0
# 16
1 16 1 498 queue6
stage -1.0 32.0 6.0 213.0 1.0 2.0 178.0 1 0.0 0.0
0
# 17
1 17 1 356 queue7
stage -1.0 32.0 1.0 220.0 1.0 2.0 204.0 1 0.0 0.0
0
# 18
1 18 1 567 queue8
stage -1.0 32.0 16.0 129.0 1.0 2.0 143.0 1 0.0 0.0
0
# 19
1 19 1 437 queue9
stage -1.0 32.0 8.0 216.0 1.0 2.0 196.0 1 0.0 0.0
0
# 20
1 20 1 840 queue0
stage -1.0 32.0 11.0 121.0 1.0 2.0 95.0 1 0.0 0.0
0
# 21
1 21 1 529 queue1
stage -1.0 32.0 14.0 41.0 1.0 2.0 37.0 1 0.0 0.0
0
# 22
1 22 1 1366 queue2
stage -1.0 32.0 6.0 95.0 1.0 2.0 84.0 1 0.0 0.0
0
# 23
1 23 1 628 queue3
stage -1.0 32.0 8.0 55.0 1.0 2.0 51.0 1 0.0 0.0
0
# 24
1 24 1 154 queue4
stage -1.0 32.0 9.0 48.0 1.0 2.0 56.0 1 0.0 0.0
0
# 25
1 25 1 743 queue5
stage -1.0 32.0 7.0 190.0 1.0 2.0 162.0 1 0.0 0.0
0
# 26
1 26 1 480 queue6
stage -1.0 32.0 9.0 221.0 1.0 2.0 165.0 1 0.0 0.0
0
# 27
1 27 1 187 queue7
stage -1.0 32.0 14.0 180.0 1.0 2.0 157.0 1 0.0 0.0
0
# 28
1 28 1 859 queue8
stage -1.0 32.0 12.0 216.0 1.0 2.0 207.0 1 0.0 0.0
0
# 29
1 29 1 1128 queue9
stage -1.0 32.0 13.0 127.0 1.0 2.0 151.0 1 0.0 0.0
0
# 30
1 30 1 194 queue0
stage -1.0 32.0 3.0 68.0 1.0 2.0 64.0 1 0.0 0.0
0
# 31
1 31 1 348 queue1
stage -1.0 32.0 11.0 135.0 1.0 2.0 133.0 1 0.0 0.0
0
# 32
1 32 1 428 queue2
stage -1.0 32.0 10.0 91.0 1.0 2.0 62.0 1 0.0 0.0
0
# 33
1 33 1 274 queue3
stage -1.0 32.0 8.0 159.0 1.0 2.0 148.0 1 0.0 0.0
0
# 34
1 34 1 1064 queue4
stage -1.0 32.0 4.0 72.0 1.0 2.0 87.0 1 0.0 0.0
0
# 35
1 35 1 2 queue5
stage -1.0 32.0 10.0 215.0 1.0 2.0 198.0 1 0.0 0.0
0
# 36
1 36 1 615 queue6
stage -1.0 32.0 7.0 170.0 1.0 2.0 147.0 1 0.0 0.0
0
# 37
1 37 1 162 queue7
stage -1.0 32.0 1.0 207.0 1.0 2.0 151.0 1 0.0 0.0
0
# 38
1 38 1 696 queue8
stage -1.0 32.0 3.0 187.0 1.0 2.0 162.0 1 0.0 0.0
0
# 39
1 39 1 524 queue9
stage -1.0 32.0 5.0 178.0 1.0 2.0 140.0 1 0.0 0.0
0
# 40
1 40 1 186 queue0
stage -1.0 32.0 11.0 118.0 1.0 2.0 95.0 1 0.0 0.0
0
# 41
1 41 1 779 queue1
stage -1.0 32.0 13.0 51.0 1.0 2.0 58.0 1 0.0 0.0
0
# 42
1 42 1 240 queue2
stage -1.0 32.0 10.0 47.0 1.0 2.0 43.0 1 0.0 0.0
0
# 43
1 43 1 825 queue3
stage -1.0 32.0 15.0 38.0 1.0 2.0 42.0 1 0.0 0.0
0
# 44
1 44 1 315 queue4
stage -1.0 32.0 2.0 66.0 1.0 2.0 66.0 1 0.0 0.0
0
# 45
1 45 1 2 queue5
stage -1.0 32.0 2.0 189.0 1.0 2.0 183.0 1 0.0 0.0
0
# 46
1 46 1 646 queue6
stage -1.0 32.0 12.0 178.0 1.0 2.0 174.0 1 0.0 0.0
0
# 47
1 47 1 466 queue7
stage -1.0 32.0 9.0 214.0 1.0 2.0 198.0 1 0.0 0.0
0
# 48
1 48 1 259 queue8
stage -1.0 32.0 8.0 142.0 1.0 2.0 151.0 1 0.0 0.0
0
# 49
1 49 1 545 queue9
stage -1.0 32.0 7.0 220.0 1.0 2.0 218.0 1 0.0 0.0
0
# 50
1 50 1 551 queue0
stage -1.0 32.0 9.0 94.0 1.0 2.0 101.0 1 0.0 0.0
0
# 51
1 51 1 425 queue1
stage -1.0 32.0 16.0 64.0 1.0 2.0 42.0 1 0.0 0.0
0
# 52
1 52 1 1130 queue2
stage -1.0 32.0 4.0 82.0 1.0 2.0 65.0 1 0.0 0.0
0
# 53
1 53 1 1013 queue3
stage -1.0 32.0 10.0 57.0 1.0 2.0 35.0 1 0.0 0.0
0
# 54
1 54 1 340 queue4
stage -1.0 32.0 11.0 165.0 1.0 2.0 110.0 1 0.0 0.0
0
# 55
1 55 1 591 queue5
stage -1.0 32.0 3.0 127.0 1.0 2.0 129.0 1 0.0 0.0
0
# 56
1 56 1 929 queue6
stage -1.0 32.0 8.0 144.0 1.0 2.0 179.0 1 0.0 0.0
0
# 57
1 57 1 683 queue7
stage -1.0 32.0 9.0 205.0 1.0 2.0 155.0 1 0.0 0.0
0
# 58
1 58 1 563 queue8
stage -1.0 32.0 6.0 180.0 1.0 2.0 131.0 1 0.0 0.0
0
# 59
1 59 1 350 queue9
stage -1.0 32.0 2.0 201.0 1.0 2.0 190.0 1 0.0 0.0
0
# 60
1 60 1 415 queue0
stage -1.0 32.0 7.0 41.0 1.0 2.0 37.0 1 0.0 0.0
0
# 61
1 61 1 991 queue1
stage -1.0 32.0 8.0 73.0 1.0 2.0 62.0 1 0.0 0.0
0
# 62
1 62 1 347 queue2
stage -1.0 32.0 15.0 95.0 1.0 2.0 54.0 1 0.0 0.0
0
# 63
1 63 1 416 queue3
stage -1.0 32.0 13.0 148.0 1.0 2.0 121.0 1 0.0 0.0
0
# 64
1 64 1 645 queue4
stage -1.0 32.0 5.0 50.0 1.0 2.0 41.0 1 0.0 0.0
0
# 65
1 65 1 522 queue5
stage -1.0 32.0 13.0 208.0 1.0 2.0 110.0 1 0.0 0.0
0
# 66
1 66 1 628 queue6
stage -1.0 32.0 12.0 210.0 1.0 2.0 170.0 1 0.0 0.0
0
# 67
1 67 1 360 queue7
stage -1.0 32.0 15.0 215.0 1.0 2.0 197.0 1 0.0 0.0
0
# 68
1 68 1 326 queue8
stage -1.0 32.0 2.0 180.0 1.0 2.0 91.0 1 0.0 0.0
0
# 69
1 69 1 594 queue9
stage -1.0 32.0 5.0 175.0 1.0 2.0 131.0 1 0.0 0.0
0
# 70
1 70 1 149 queue0
stage -1.0 32.0 5.0 50.0 1.0 2.0 55.0 1 0.0 0.0
0
# 71
1 71 1 573 queue1
stage -1.0 32.0 7.0 87.0 1.0 2.0 58.0 1 0.0 0.0
0
# 72
1 72 1 201 queue2
stage -1.0 32.0 6.0 64.0 1.0 2.0 29.0 1 0.0 0.0
0
# 73
1 73 1 246 queue3
stage -1.0 32.0 14.0 67.0 1.0 2.0 55.0 1 0.0 0.0
0
# 74
1 74 1 353 queue4
stage -1.0 32.0 5.0 163.0 1.0 2.0 106.0 1 0.0 0.0
0
# 75
1 75 1 412 queue5
stage -1.0 32.0 1.0 178.0 1.0 2.0 169.0 1 0.0 0.0
0
# 76
1 76 1 570 queue6
stage -1.0 32.0 4.0 216.0 1.0 2.0 160.0 1 0.0 0.0
0
# 77
1 77 1 921 queue7
stage -1.0 32.0 1.0 194.0 1.0 2.0 111.0 1 0.0 0.0
0
# 78
1 78 1 306 queue8
stage -1.0 32.0 10.0 132.0 1.0 2.0 151.0 1 0.0 0.0
0
# 79
1 79 1 672 queue9
stage -1.0 32.0 14.0 222.0 1.0 2.0 174.0 1 0.0 0.0
0
# 80
1 80 1 366 queue0
stage -1.0 32.0 6.0 28.0 1.0 2.0 30.0 1 0.0 0.0
0
# 81
1 81 1 591 queue1
stage -1.0 32.0 13.0 117.0 1.0 2.0 122.0 1 0.0 0.0
0
# 82
1 82 1 770 queue2
stage -1.0 32.0 3.0 62.0 1.0 2.0 51.0 1 0.0 0.0
0
# 83
1 83 1 1015 queue3
stage -1.0 32.0 7.0 171.0 1.0 2.0 91.0 1 0.0 0.0
0
# 84
1 84 1 1124 queue4
stage -1.0 32.0 14.0 127.0 1.0 2.0 86.0 1 0.0 0.0
0
# 85
1 85 1 460 queue5
stage -1.0 32.0 11.0 163.0 1.0 2.0 134.0 1 0.0 0.0
0
# 86
1 86 1 180 queue6
stage -1.0 32.0 12.0 221.0 1.0 2.0 128.0 1 0.0 0.0
0
# 87
1 87 1 376 queue7
stage -1.0 32.0 11.0 220.0 1.0 2.0 130.0 1 0.0 0.0
0
# 88
1 88 1 516 queue8
stage -1.0 32.0 15.0 203.0 1.0 2.0 188.0 1 0.0 0.0
0
# 89
1 89 1 537 queue9
stage -1.0 32.0 7.0 201.0 1.0 2.0 169.0 1 0.0 0.0
0
# 90
1 90 1 205 queue0
stage -1.0 32.0 3.0 62.0 1.0 2.0 38.0 1 0.0 0.0
0
# 91
1 91 1 1093 queue1
stage -1.0 32.0 13.0 53.0 1.0 2.0 50.0 1 0.0 0.0
0
# 92
1 92 1 365 queue2
stage -1.0 32.0 10.0 176.0 1.0 2.0 108.0 1 0.0 0.0
0
# 93
1 93 1 114 queue3
stage -1.0 32.0 9.0 49.0 1.0 2.0 42.0 1 0.0 0.0
0
# 94
1 94 1 1052 queue4
stage -1.0 32.0 12.0 151.0 1.0 2.0 72.0 1 0.0 0.0
0
# 95
1 95 1 611 queue5
stage -1.0 32.0 10.0 204.0 1.0 2.0 134.0 1 0.0 0.0
0
# 96
1 96 1 344 queue6
stage -1.0 32.0 2.0 216.0 1.0 2.0 176.0 1 0.0 0.0
0
# 97
1 97 1 1066 queue7
stage -1.0 32.0 12.0 249.0 1.0 2.0 195.0 1 0.0 0.0
0
# 98
1 98 1 210 queue8
stage -1.0 32.0 5.0 179.0 1.0 2.0 130.0 1 0.0 0.0
0
# 99
1 99 1 452 queue9
stage -1.0 32.0 8.0 183.0 1.0 2.0 168.0 1 0.0 0.0
0
# 100
1 100 1 642 queue0
stage -1.0 32.0 8.0 62.0 1.0 2.0 42.0 1 0.0 0.0
0
# 101
1 101 1 234 queue1
stage -1.0 32.0 7.0 154.0 1.0 2.0 69.0 1 0.0 0.0
0
# 102
1 102 1 153 queue2
stage -1.0 32.0 13.0 70.0 1.0 2.0 28.0 1 0.0 0.0
0
# 103
1 103 1 782 queue3
stage -1.0 32.0 7.0 48.0 1.0 2.0 11.0 1 0.0 0.0
0
# 104
1 104 1 1098 queue4
stage -1.0 32.0 4.0 85.0 1.0 2.0 31.0 1 0.0 0.0
0
# 105
1 105 1 1321 queue5
stage -1.0 32.0 4.0 206.0 1.0 2.0 140.0 1 0.0 0.0
0
# 106
1 106 1 644 queue6
stage -1.0 32.0 1.0 201.0 1.0 2.0 195.0 1 0.0 0.0
0
# 107
1 107 1 339 queue7
stage -1.0 32.0 9.0 207.0 1.0 2.0 88.0 1 0.0 0.0
0
# 108
1 108 1 881 queue8
stage -1.0 32.0 8.0 202.0 1.0 2.0 157.0 1 0.0 0.0
0
# 109
1 109 1 624 queue9
stage -1.0 32.0 15.0 234.0 1.0 2.0 126.0 1 0.0 0.0
0
# 110
1 110 1 506 queue0
stage -1.0 32.0 3.0 58.0 1.0 2.0 38.0 1 0.0 0.0
0
# 111
1 111 1 846 queue1
stage -1.0 32.0 16.0 54.0 1.0 2.0 18.0 1 0.0 0.0
0
# 112
1 112 1 430 queue2
stage -1.0 32.0 15.0 172.0 1.0 2.0 114.0 1 0.0 0.0
0
# 113
1 113 1 796 queue3
stage -1.0 32.0 3.0 78.0 1.0 2.0 28.0 1 0.0 0.0
0
# 114
1 114 1 681 queue4
stage -1.0 32.0 2.0 134.0 1.0 2.0 63.0 1 0.0 0.0
0
# 115
1 115 1 624 queue5
stage -1.0 32.0 7.0 204.0 1.0 2.0 47.0 1 0.0 0.0
0
# 116
1 116 1 625 queue6
stage -1.0 32.0 10.0 193.0 1.0 2.0 80.0 1 0.0 0.0
0
# 117
1 117 1 58 queue7
stage -1.0 32.0 15.0 187.0 1.0 2.0 108.0 1 0.0 0.0
0
# 118
1 118 1 424 queue8
stage -1.0 32.0 12.0 214.0 1.0 2.0 159.0 1 0.0 0.0
0
# 119
1 119 1 1006 queue9
stage -1.0 32.0 5.0 209.0 1.0 2.0 162.0 1 0.0 0.0
0
# 120
1 120 1 1302 queue0
stage -1.0 32.0 3.0 76.0 1.0 2.0 24.0 1 0.0 0.0
0
# 121
1 121 1 625 queue1
stage -1.0 32.0 7.0 131.0 1.0 2.0 44.0 1 0.0 0.0
0
# 122
1 122 1 304 queue2
stage -1.0 32.0 16.0 27.0 1.0 2.0 30.0 1 0.0 0.0
0
# 123
1 123 1 611 queue3
stage -1.0 32.0 11.0 53.0 1.0 2.0 21.0 1 0.0 0.0
0
# 124
1 124 1 131 queue4
stage -1.0 32.0 1.0 122.0 1.0 2.0 104.0 1 0.0 0.0
0
# 125
1 125 1 587 queue5
stage -1.0 32.0 13.0 181.0 1.0 2.0 86.0 1 0.0 0.0
0
# 126
1 126 1 40 queue6
stage -1.0 32.0 2.0 182.0 1.0 2.0 85.0 1 0.0 0.0
0
# 127
1 127 1 754 queue7
stage -1.0 32.0 10.0 172.0 1.0 2.0 41.0 1 0.0 0.0
0
# 128
1 128 1 19 queue8
stage -1.0 32.0 7.0 189.0 1.0 2.0 78.0 1 0.0 0.0
0
# 129
1 129 1 987 queue9
stage -1.0 32.0 12.0 175.0 1.0 2.0 136.0 1 0.0 0.0
0
# 130
1 130 1 484 queue0
stage -1.0 32.0 16.0 35.0 1.0 2.0 38.0 1 0.0 0.0
0
# 131
1 131 1 514 queue1
stage -1.0 32.0 11.0 93.0 1.0 2.0 41.0 1 0.0 0.0
0
# 132
1 132 1 657 queue2
stage -1.0 32.0 6.0 55.0 1.0 2.0 20.0 1 0.0 0.0
0
# 133
1 133 1 145 queue3
stage -1.0 32.0 13.0 40.0 1.0 2.0 29.0 1 0.0 0.0
0
# 134
1 134 1 1129 queue4
stage -1.0 32.0 10.0 72.0 1.0 2.0 28.0 1 0.0 0.0
0
# 135
1 135 1 349 queue5
stage -1.0 32.0 6.0 195.0 1.0 2.0 52.0 1 0.0 0.0
0
# 136
1 136 1 302 queue6
stage -1.0 32.0 5.0 205.0 1.0 2.0 97.0 1 0.0 0.0
0
# 137
1 137 1 335 queue7
stage -1.0 32.0 2.0 216.0 1.0 2.0 162.0 1 0.0 0.0
0
# 138
1 138 1 612 queue8
stage -1.0 32.0 11.0 196.0 1.0 2.0 77.0 1 0.0 0.0
0
# 139
1 139 1 1007 queue9
stage -1.0 32.0 6.0 200.0 1.0 2.0 91.0 1 0.0 0.0
0
# 140
1 140 1 596 queue0
stage -1.0 32.0 14.0 177.0 1.0 2.0 59.0 1 0.0 0.0
0
# 141
1 141 1 807 queue1
stage -1.0 32.0 1.0 66.0 1.0 2.0 70.0 1 0.0 0.0
0
# 142
1 142 1 212 queue2
stage -1.0 32.0 3.0 175.0 1.0 2.0 75.0 1 0.0 0.0
0
# 143
1 143 1 496 queue3
stage -1.0 32.0 2.0 176.0 1.0 2.0 118.0 1 0.0 0.0
0
# 144
1 144 1 359 queue4
stage -1.0 32.0 15.0 115.0 1.0 2.0 39.0 1 0.0 0.0
0
# 145
1 145 1 997 queue5
stage -1.0 32.0 14.0 223.0 1.0 2.0 59.0 1 0.0 0.0
0
# 146
1 146 1 302 queue6
stage -1.0 32.0 8.0 226.0 1.0 2.0 81.0 1 0.0 0.0
0
# 147
1 147 1 140 queue7
stage -1.0 32.0 11.0 139.0 1.0 2.0 141.0 1 0.0 0.0
0
# 148
1 148 1 377 queue8
stage -1.0 32.0 4.0 202.0 1.0 2.0 82.0 1 0.0 0.0
0
# 149
1 149 1 151 queue9
stage -1.0 32.0 16.0 198.0 1.0 2.0 126.0 1 0.0 0.0
0
# 150
1 150 1 452 queue0
stage -1.0 32.0 12.0 44.0 1.0 2.0 21.0 1 0.0 0.0
0
# 151
1 151 1 202 queue1
stage -1.0 32.0 7.0 53.0 1.0 2.0 17.0 1 0.0 0.0
0
# 152
1 152 1 647 queue2
stage -1.0 32.0 15.0 74.0 1.0 2.0 57.0 1 0.0 0.0
0
# 153
1 153 1 987 queue3
stage -1.0 32.0 10.0 49.0 1.0 2.0 11.0 1 0.0 0.0
0
# 154
1 154 1 504 queue4
stage -1.0 32.0 1.0 105.0 1.0 2.0 86.0 1 0.0 0.0
0
# 155
1 155 1 543 queue5
stage -1.0 32.0 10.0 186.0 1.0 2.0 92.0 1 0.0 0.0
0
# 156
1 156 1 523 queue6
stage -1.0 32.0 2.0 203.0 1.0 2.0 105.0 1 0.0 0.0
0
# 157
1 157 1 264 queue7
stage -1.0 32.0 3.0 208.0 1.0 2.0 32.0 1 0.0 0.0
0
# 158
1 158 1 1121 queue8
stage -1.0 32.0 10.0 196.0 1.0 2.0 88.0 1 0.0 0.0
0
# 159
1 159 1 334 queue9
stage -1.0 32.0 6.0 155.0 1.0 2.0 79.0 1 0.0 0.0
0
# 160
1 160 1 605 queue0
stage -1.0 32.0 3.0 178.0 1.0 2.0 44.0 1 0.0 0.0
0
# 161
1 161 1 676 queue1
stage -1.0 32.0 2.0 149.0 1.0 2.0 90.0 1 0.0 0.0
0
# 162
1 162 1 977 queue2
stage -1.0 32.0 8.0 128.0 1.0 2.0 50.0 1 0.0 0.0
0
# 163
1 163 1 1114 queue3
stage -1.0 32.0 2.0 114.0 1.0 2.0 50.0 1 0.0 0.0
0
# 164
1 164 1 537 queue4
stage -1.0 32.0 12.0 43.0 1.0 2.0 8.0 1 0.0 0.0
0
# 165
1 165 1 520 queue5
stage -1.0 32.0 13.0 193.0 1.0 2.0 144.0 1 0.0 0.0
0
# 166
1 166 1 272 queue6
stage -1.0 32.0 3.0 203.0 1.0 2.0 119.0 1 0.0 0.0
0
# 167
1 167 1 527 queue7
stage -1.0 32.0 7.0 218.0 1.0 2.0 93.0 1 0.0 0.0
0
# 168
1 168 1 557 queue8
stage -1.0 32.0 13.0 207.0 1.0 2.0 115.0 1 0.0 0.0
0
# 169
1 169 1 613 queue9
stage -1.0 32.0 4.0 152.0 1.0 2.0 35.0 1 0.0 0.0
0
# 170
1 170 1 1062 queue0
stage -1.0 32.0 7.0 82.0 1.0 2.0 13.0 1 0.0 0.0
0
# 171
1 171 1 1052 queue1
stage -1.0 32.0 3.0 74.0 1.0 2.0 15.0 1 0.0 0.0
0
# 172
1 172 1 729 queue2
stage -1.0 32.0 5.0 65.0 1.0 2.0 13.0 1 0.0 0.0
0
# 173
1 173 1 997 queue3
stage -1.0 32.0 3.0 83.0 1.0 2.0 14.0 1 0.0 0.0
0
# 174
1 174 1 351 queue4
stage -1.0 32.0 4.0 50.0 1.0 2.0 13.0 1 0.0 0.0
0
# 175
1 175 1 435 queue5
stage -1.0 32.0 5.0 216.0 1.0 2.0 60.0 1 0.0 0.0
0
# 176
1 176 1 481 queue6
stage -1.0 32.0 14.0 197.0 1.0 2.0 162.0 1 0.0 0.0
0
# 177
1 177 1 494 queue7
stage -1.0 32.0 8.0 202.0 1.0 2.0 55.0 1 0.0 0.0
0
# 178
1 178 1 855 queue8
stage -1.0 32.0 5.0 179.0 1.0 2.0 40.0 1 0.0 0.0
0
# 179
1 179 1 768 queue9
stage -1.0 32.0 5.0 211.0 1.0 2.0 97.0 1 0.0 0.0
0
# 180
1 180 1 176 queue0
stage -1.0 32.0 16.0 51.0 1.0 2.0 22.0 1 0.0 0.0
0
# 181
1 181 1 806 queue1
stage -1.0 32.0 11.0 54.0 1.0 2.0 16.0 1 0.0 0.0
0
# 182
1 182 1 327 queue2
stage -1.0 32.0 15.0 36.0 1.0 2.0 38.0 1 0.0 0.0
0
# 183
1 183 1 544 queue3
stage -1.0 32.0 16.0 45.0 1.0 2.0 16.0 1 0.0 0.0
0
# 184
1 184 1 480 queue4
stage -1.0 32.0 2.0 50.0 1.0 2.0 21.0 1 0.0 0.0
0
# 185
1 185 1 770 queue5
stage -1.0 32.0 6.0 194.0 1.0 2.0 50.0 1 0.0 0.0
0
# 186
1 186 1 503 queue6
stage -1.0 32.0 12.0 234.0 1.0 2.0 113.0 1 0.0 0.0
0
# 187
1 187 1 691 queue7
stage -1.0 32.0 7.0 213.0 1.0 2.0 79.0 1 0.0 0.0
0
# 188
1 188 1 534 queue8
stage -1.0 32.0 7.0 125.0 1.0 2.0 153.0 1 0.0 0.0
0
# 189
1 189 1 184 queue9
stage -1.0 32.0 8.0 170.0 1.0 2.0 42.0 1 0.0 0.0
0
# 190
1 190 1 939 queue0
stage -1.0 32.0 13.0 108.0 1.0 2.0 30.0 1 0.0 0.0
0
# 191
1 191 1 190 queue1
stage -1.0 32.0 16.0 90.0 1.0 2.0 37.0 1 0.0 0.0
0
# 192
1 192 1 71 queue2
stage -1.0 32.0 5.0 72.0 1.0 2.0 82.0 1 0.0 0.0
0
# 193
1 193 1 326 queue3
stage -1.0 32.0 4.0 141.0 1.0 2.0 37.0 1 0.0 0.0
0
# 194
1 194 1 1192 queue4
stage -1.0 32.0 4.0 126.0 1.0 2.0 33.0 1 0.0 0.0
0
# 195
1 195 1 341 queue5
stage -1.0 32.0 5.0 196.0 1.0 2.0 98.0 1 0.0 0.0
0
# 196
1 196 1 471 queue6
stage -1.0 32.0 6.0 187.0 1.0 2.0 54.0 1 0.0 0.0
0
# 197
1 197 1 629 queue7
stage -1.0 32.0 13.0 189.0 1.0 2.0 46.0 1 0.0 0.0
0
# 198
1 198 1 711 queue8
stage -1.0 32.0 16.0 229.0 1.0 2.0 204.0 1 0.0 0.0
0
# 199
1 199 1 985 queue9
stage -1.0 32.0 5.0 201.0 1.0 2.0 61.0 1 0.0 0.0
0
# 200
1 200 1 1165 queue0
stage -1.0 32.0 10.0 108.0 1.0 2.0 69.0 1 0.0 0.0
0
# 201
1 201 1 483 queue1
stage -1.0 32.0 2.0 62.0 1.0 2.0 52.0 1 0.0 0.0
0
# 202
1 202 1 699 queue2
stage -1.0 32.0 8.0 116.0 1.0 2.0 93.0 1 0.0 0.0
0
# 203
1 203 1 632 queue3
stage -1.0 32.0 1.0 69.0 1.0 2.0 60.0 1 0.0 0.0
0
# 204
1 204 1 1113 queue4
stage -1.0 32.0 3.0 134.0 1.0 2.0 78.0 1 0.0 0.0
0
# 205
1 205 1 729 queue5
stage -1.0 32.0 2.0 130.0 1.0 2.0 137.0 1 0.0 0.0
0
# 206
1 206 1 899 queue6
stage -1.0 32.0 16.0 186.0 1.0 2.0 104.0 1 0.0 0.0
0
# 207
1 207 1 34 queue7
stage -1.0 32.0 13.0 111.0 1.0 2.0 111.0 1 0.0 0.0
0
# 208
1 208 1 349 queue8
stage -1.0 32.0 7.0 199.0 1.0 2.0 158.0 1 0.0 0.0
0
# 209
1 209 1 695 queue9
stage -1.0 32.0 6.0 184.0 1.0 2.0 150.0 1 0.0 0.0
0
# 210
1 210 1 1156 queue0
stage -1.0 32.0 12.0 45.0 1.0 2.0 29.0 1 0.0 0.0
0
# 211
1 211 1 230 queue1
stage -1.0 32.0 4.0 147.0 1.0 2.0 95.0 1 0.0 0.0
0
# 212
1 212 1 177 queue2
stage -1.0 32.0 15.0 102.0 1.0 2.0 62.0 1 0.0 0.0
0
# 213
1 213 1 547 queue3
stage -1.0 32.0 8.0 73.0 1.0 2.0 58.0 1 0.0 0.0
0
# 214
1 214 1 524 queue4
stage -1.0 32.0 9.0 86.0 1.0 2.0 55.0 1 0.0 0.0
0
# 215
1 215 1 804 queue5
stage -1.0 32.0 13.0 179.0 1.0 2.0 107.0 1 0.0 0.0
0
# 216
1 216 1 325 queue6
stage -1.0 32.0 3.0 186.0 1.0 2.0 100.0 1 0.0 0.0
0
# 217
1 217 1 811 queue7
stage -1.0 32.0 11.0 164.0 1.0 2.0 100.0 1 0.0 0.0
0
# 218
1 218 1 227 queue8
stage -1.0 32.0 12.0 206.0 1.0 2.0 164.0 1 0.0 0.0
0
# 219
1 219 1 514 queue9
stage -1.0 32.0 8.0 176.0 1.0 2.0 130.0 1 0.0 0.0
0
# 220
1 220 1 478 queue0
stage -1.0 32.0 5.0 59.0 1.0 2.0 48.0 1 0.0 0.0
0
# 221
1 221 1 841 queue1
stage -1.0 32.0 10.0 60.0 1.0 2.0 44.0 1 0.0 0.0
0
# 222
1 222 1 312 queue2
stage -1.0 32.0 4.0 61.0 1.0 2.0 36.0 1 0.0 0.0
0
# 223
1 223 1 752 queue3
stage -1.0 32.0 15.0 98.0 1.0 2.0 62.0 1 0.0 0.0
0
# 224
1 224 1 850 queue4
stage -1.0 32.0 15.0 77.0 1.0 2.0 54.0 1 0.0 0.0
0
# 225
1 225 1 145 queue5
stage -1.0 32.0 4.0 204.0 1.0 2.0 162.0 1 0.0 0.0
0
# 226
1 226 1 712 queue6
stage -1.0 32.0 3.0 193.0 1.0 2.0 120.0 1 0.0 0.0
0
# 227
1 227 1 666 queue7
stage -1.0 32.0 16.0 201.0 1.0 2.0 138.0 1 0.0 0.0
0
# 228
1 228 1 660 queue8
stage -1.0 32.0 8.0 211.0 1.0 2.0 98.0 1 0.0 0.0
0
# 229
1 229 1 868 queue9
stage -1.0 32.0 14.0 240.0 1.0 2.0 167.0 1 0.0 0.0
0
# 230
1 230 1 1094 queue0
stage -1.0 32.0 10.0 80.0 1.0 2.0 64.0 1 0.0 0.0
0
# 231
1 231 1 616 queue1
stage -1.0 32.0 10.0 68.0 1.0 2.0 48.0 1 0.0 0.0
0
# 232
1 232 1 89 queue2
stage -1.0 32.0 9.0 72.0 1.0 2.0 43.0 1 0.0 0.0
0
# 233
1 233 1 1088 queue3
stage -1.0 32.0 3.0 93.0 1.0 2.0 63.0 1 0.0 0.0
0
# 234
1 234 1 849 queue4
stage -1.0 32.0 2.0 128.0 1.0 2.0 92.0 1 0.0 0.0
0
# 235
1 235 1 1001 queue5
stage -1.0 32.0 16.0 194.0 1.0 2.0 154.0 1 0.0 0.0
0
# 236
1 236 1 457 queue6
stage -1.0 32.0 13.0 196.0 1.0 2.0 137.0 1 0.0 0.0
0
# 237
1 237 1 323 queue7
stage -1.0 32.0 7.0 203.0 1.0 2.0 181.0 1 0.0 0.0
0
# 238
1 238 1 255 queue8
stage -1.0 32.0 14.0 195.0 1.0 2.0 194.0 1 0.0 0.0
0
# 239
1 239 1 359 queue9
stage -1.0 32.0 16.0 169.0 1.0 2.0 142.0 1 0.0 0.0
0
# 240
1 240 1 199 queue0
stage -1.0 32.0 16.0 89.0 1.0 2.0 61.0 1 0.0 0.0
0
# 241
1 241 1 798 queue1
stage -1.0 32.0 14.0 41.0 1.0 2.0 26.0 1 0.0 0.0
0
# 242
1 242 1 795 queue2
stage -1.0 32.0 9.0 100.0 1.0 2.0 58.0 1 0.0 0.0
0
# 243
1 243 1 667 queue3
stage -1.0 32.0 14.0 81.0 1.0 2.0 52.0 1 0.0 0.0
0
# 244
1 244 1 321 queue4
stage -1.0 32.0 14.0 175.0 1.0 2.0 122.0 1 0.0 0.0
0
# 245
1 245 1 1035 queue5
stage -1.0 32.0 7.0 175.0 1.0 2.0 111.0 1 0.0 0.0
0
# 246
1 246 1 303 queue6
stage -1.0 32.0 7.0 198.0 1.0 2.0 119.0 1 0.0 0.0
0
# 247
1 247 1 1274 queue7
stage -1.0 32.0 12.0 180.0 1.0 2.0 142.0 1 0.0 0.0
0
# 248
1 248 1 733 queue8
stage -1.0 32.0 5.0 209.0 1.0 2.0 125.0 1 0.0 0.0
0
# 249
1 249 1 91 queue9
stage -1.0 32.0 2.0 192.0 1.0 2.0 129.0 1 0.0 0.0
0
# 250
1 250 1 705 queue0
stage -1.0 32.0 13.0 130.0 1.0 2.0 30.0 1 0.0 0.0
0
# 251
1 251 1 478 queue1
stage -1.0 32.0 3.0 113.0 1.0 2.0 20.0 1 0.0 0.0
0
# 252
1 252 1 751 queue2
stage -1.0 32.0 4.0 62.0 1.0 2.0 16.0 1 0.0 0.0
0
# 253
1 253 1 980 queue3
stage -1.0 32.0 9.0 120.0 1.0 2.0 30.0 1 0.0 0.0
0
# 254
1 254 1 1011 queue4
stage -1.0 32.0 12.0 69.0 1.0 2.0 11.0 1 0.0 0.0
0
# 255
1 255 1 1078 queue5
stage -1.0 32.0 8.0 199.0 1.0 2.0 34.0 1 0.0 0.0
0
# 256
1 256 1 219 queue6
stage -1.0 32.0 8.0 193.0 1.0 2.0 87.0 1 0.0 0.0
0
# 257
1 257 1 171 queue7
stage -1.0 32.0 13.0 166.0 1.0 2.0 32.0 1 0.0 0.0
0
# 258
1 258 1 766 queue8
stage -1.0 32.0 8.0 232.0 1.0 2.0 46.0 1 0.0 0.0
0
# 259
1 259 1 1382 queue9
stage -1.0 32.0 9.0 218.0 1.0 2.0 32.0 1 0.0 0.0
0
# 260
1 260 1 121 queue0
stage -1.0 32.0 8.0 123.0 1.0 2.0 27.0 1 0.0 0.0
0
# 261
1 261 1 1234 queue1
stage -1.0 32.0 13.0 59.0 1.0 2.0 31.0 1 0.0 0.0
0
# 262
1 262 1 924 queue2
stage -1.0 32.0 3.0 84.0 1.0 2.0 18.0 1 0.0 0.0
0
# 263
1 263 1 282 queue3
stage -1.0 32.0 12.0 103.0 1.0 2.0 22.0 1 0.0 0.0
0
# 264
1 264 1 47 queue4
stage -1.0 32.0 13.0 93.0 1.0 2.0 12.0 1 0.0 0.0
0
# 265
1 265 1 207 queue5
stage -1.0 32.0 4.0 180.0 1.0 2.0 51.0 1 0.0 0.0
0
# 266
1 266 1 817 queue6
stage -1.0 32.0 14.0 209.0 1.0 2.0 42.0 1 0.0 0.0
0
# 267
1 267 1 626 queue7
stage -1.0 32.0 14.0 216.0 1.0 2.0 39.0 1 0.0 0.0
0
# 268
1 268 1 27 queue8
stage -1.0 32.0 4.0 218.0 1.0 2.0 50.0 1 0.0 0.0
0
# 269
1 269 1 443 queue9
stage -1.0 32.0 14.0 181.0 1.0 2.0 63.0 1 0.0 0.0
0
# 270
1 270 1 582 queue0
stage -1.0 32.0 5.0 148.0 1.0 2.0 36.0 1 0.0 0.0
0
# 271
1 271 1 553 queue1
stage -1.0 32.0 2.0 146.0 1.0 2.0 20.0 1 0.0 0.0
0
# 272
1 272 1 96 queue2
stage -1.0 32.0 9.0 45.0 1.0 2.0 30.0 1 0.0 0.0
0
# 273
1 273 1 87 queue3
stage -1.0 32.0 7.0 144.0 1.0 2.0 40.0 1 0.0 0.0
0
# 274
1 274 1 732 queue4
stage -1.0 32.0 9.0 49.0 1.0 2.0 14.0 1 0.0 0.0
0
# 275
1 275 1 308 queue5
stage -1.0 32.0 16.0 218.0 1.0 2.0 52.0 1 0.0 0.0
0
# 276
1 276 1 638 queue6
stage -1.0 32.0 10.0 170.0 1.0 2.0 48.0 1 0.0 0.0
0
# 277
1 277 1 413 queue7
stage -1.0 32.0 11.0 222.0 1.0 2.0 74.0 1 0.0 0.0
0
# 278
1 278 1 922 queue8
stage -1.0 32.0 5.0 198.0 1.0 2.0 26.0 1 0.0 0.0
0
# 279
1 279 1 830 queue9
stage -1.0 32.0 12.0 186.0 1.0 2.0 32.0 1 0.0 0.0
0
# 280
1 280 1 916 queue0
stage -1.0 32.0 16.0 154.0 1.0 2.0 24.0 1 0.0 0.0
0
# 281
1 281 1 514 queue1
stage -1.0 32.0 7.0 97.0 1.0 2.0 20.0 1 0.0 0.0
0
# 282
1 282 1 1081 queue2
stage -1.0 32.0 13.0 97.0 1.0 2.0 14.0 1 0.0 0.0
0
# 283
1 283 1 419 queue3
stage -1.0 32.0 2.0 89.0 1.0 2.0 20.0 1 0.0 0.0
0
# 284
1 284 1 432 queue4
stage -1.0 32.0 8.0 45.0 1.0 2.0 8.0 1 0.0 0.0
0
# 285
1 285 1 677 queue5
stage -1.0 32.0 14.0 213.0 1.0 2.0 32.0 1 0.0 0.0
0
# 286
1 286 1 583 queue6
stage -1.0 32.0 7.0 211.0 1.0 2.0 25.0 1 0.0 0.0
0
# 287
1 287 1 11 queue7
stage -1.0 32.0 1.0 242.0 1.0 2.0 38.0 1 0.0 0.0
0
# 288
1 288 1 506 queue8
stage -1.0 32.0 5.0 202.0 1.0 2.0 48.0 1 0.0 0.0
0
# 289
1 289 1 288 queue9
stage -1.0 32.0 13.0 197.0 1.0 2.0 62.0 1 0.0 0.0
0
# 290
1 290 1 628 queue0
stage -1.0 32.0 15.0 66.0 1.0 2.0 13.0 1 0.0 0.0
0
# 291
1 291 1 400 queue1
stage -1.0 32.0 3.0 80.0 1.0 2.0 17.0 1 0.0 0.0
0
# 292
1 292 1 697 queue2
stage -1.0 32.0 15.0 47.0 1.0 2.0 9.0 1 0.0 0.0
0
# 293
1 293 1 331 queue3
stage -1.0 32.0 9.0 101.0 1.0 2.0 13.0 1 0.0 0.0
0
# 294
1 294 1 1036 queue4
stage -1.0 32.0 9.0 86.0 1.0 2.0 15.0 1 0.0 0.0
0
# 295
1 295 1 908 queue5
stage -1.0 32.0 10.0 184.0 1.0 2.0 57.0 1 0.0 0.0
0
# 296
1 296 1 435 queue6
stage -1.0 32.0 12.0 190.0 1.0 2.0 34.0 1 0.0 0.0
0
# 297
1 297 1 985 queue7
stage -1.0 32.0 15.0 198.0 1.0 2.0 45.0 1 0.0 0.0
0
# 298
1 298 1 1221 queue8
stage -1.0 32.0 5.0 216.0 1.0 2.0 88.0 1 0.0 0.0
0
# 299
1 299 1 780 queue9
stage -1.0 32.0 12.0 226.0 1.0 2.0 36.0 1 0.0 0.0
0
# 300
1 300 1 589 queue0
stage -1.0 32.0 3.0 76.0 1.0 2.0 25.0 1 0.0 0.0
0
# 301
1 301 1 847 queue1
stage -1.0 32.0 12.0 50.0 1.0 2.0 10.0 1 0.0 0.0
0
# 302
1 302 1 295 queue2
stage -1.0 32.0 6.0 124.0 1.0 2.0 21.0 1 0.0 0.0
0
# 303
1 303 1 1018 queue3
stage -1.0 32.0 5.0 78.0 1.0 2.0 7.0 1 0.0 0.0
0
# 304
1 304 1 679 queue4
stage -1.0 32.0 5.0 53.0 1.0 2.0 4.0 1 0.0 0.0
0
# 305
1 305 1 542 queue5
stage -1.0 32.0 16.0 199.0 1.0 2.0 29.0 1 0.0 0.0
0
# 306
1 306 1 21 queue6
stage -1.0 32.0 10.0 158.0 1.0 2.0 22.0 1 0.0 0.0
0
# 307
1 307 1 942 queue7
stage -1.0 32.0 5.0 193.0 1.0 2.0 18.0 1 0.0 0.0
0
# 308
1 308 1 481 queue8
stage -1.0 32.0 10.0 188.0 1.0 2.0 37.0 1 0.0 0.0
0
# 309
1 309 1 1054 queue9
stage -1.0 32.0 7.0 183.0 1.0 2.0 15.0 1 0.0 0.0
0
# 310
1 310 1 513 queue0
stage -1.0 32.0 10.0 157.0 1.0 2.0 10.0 1 0.0 0.0
0
# 311
1 311 1 151 queue1
stage -1.0 32.0 7.0 56.0 1.0 2.0 11.0 1 0.0 0.0
0
# 312
1 312 1 415 queue2
stage -1.0 32.0 9.0 67.0 1.0 2.0 13.0 1 0.0 0.0
0
# 313
1 313 1 701 queue3
stage -1.0 32.0 15.0 87.0 1.0 2.0 11.0 1 0.0 0.0
0
# 314
1 314 1 468 queue4
stage -1.0 32.0 11.0 46.0 1.0 2.0 55.0 1 0.0 0.0
0
# 315
1 315 1 758 queue5
stage -1.0 32.0 8.0 204.0 1.0 2.0 19.0 1 0.0 0.0
0
# 316
1 316 1 360 queue6
stage -1.0 32.0 14.0 168.0 1.0 2.0 21.0 1 0.0 0.0
0
# 317
1 317 1 497 queue7
stage -1.0 32.0 16.0 231.0 1.0 2.0 28.0 1 0.0 0.0
0
# 318
1 318 1 740 queue8
stage -1.0 32.0 10.0 122.0 1.0 2.0 133.0 1 0.0 0.0
0
# 319
1 319 1 200 queue9
stage -1.0 32.0 2.0 191.0 1.0 2.0 88.0 1 0.0 0.0
0
# 320
1 320 1 81 queue0
stage -1.0 32.0 6.0 116.0 1.0 2.0 43.0 1 0.0 0.0
0
# 321
1 321 1 821 queue1
stage -1.0 32.0 9.0 100.0 1.0 2.0 36.0 1 0.0 0.0
0
# 322
1 322 1 233 queue2
stage -1.0 32.0 14.0 175.0 1.0 2.0 34.0 1 0.0 0.0
0
# 323
1 323 1 945 queue3
stage -1.0 32.0 8.0 147.0 1.0 2.0 35.0 1 0.0 0.0
0
# 324
1 324 1 629 queue4
stage -1.0 32.0 13.0 76.0 1.0 2.0 11.0 1 0.0 0.0
0
# 325
1 325 1 297 queue5
stage -1.0 32.0 8.0 211.0 1.0 2.0 22.0 1 0.0 0.0
0
# 326
1 326 1 930 queue6
stage -1.0 32.0 13.0 205.0 1.0 2.0 13.0 1 0.0 0.0
0
# 327
1 327 1 320 queue7
stage -1.0 32.0 8.0 170.0 1.0 2.0 13.0 1 0.0 0.0
0
# 328
1 328 1 1163 queue8
stage -1.0 32.0 5.0 235.0 1.0 2.0 24.0 1 0.0 0.0
0
# 329
1 329 1 1152 queue9
stage -1.0 32.0 3.0 196.0 1.0 2.0 12.0 1 0.0 0.0
0
# 330
1 330 1 1030 queue0
stage -1.0 32.0 3.0 41.0 1.0 2.0 4.0 1 0.0 0.0
0
# 331
1 331 1 662 queue1
stage -1.0 32.0 4.0 124.0 1.0 2.0 10.0 1 0.0 0.0
0
# 332
1 332 1 355 queue2
stage -1.0 32.0 7.0 48.0 1.0 2.0 12.0 1 0.0 0.0
0
# 333
1 333 1 696 queue3
stage -1.0 32.0 5.0 117.0 1.0 2.0 23.0 1 0.0 0.0
0
# 334
1 334 1 1227 queue4
stage -1.0 32.0 5.0 111.0 1.0 2.0 11.0 1 0.0 0.0
0
# 335
1 335 1 820 queue5
stage -1.0 32.0 1.0 183.0 1.0 2.0 14.0 1 0.0 0.0
0
# 336
1 336 1 1018 queue6
stage -1.0 32.0 9.0 223.0 1.0 2.0 27.0 1 0.0 0.0
0
# 337
1 337 1 629 queue7
stage -1.0 32.0 15.0 204.0 1.0 2.0 15.0 1 0.0 0.0
0
# 338
1 338 1 823 queue8
stage -1.0 32.0 3.0 176.0 1.0 2.0 67.0 1 0.0 0.0
0
# 339
1 339 1 333 queue9
stage -1.0 32.0 10.0 200.0 1.0 2.0 53.0 1 0.0 0.0
0
# 340
1 340 1 1216 queue0
stage -1.0 32.0 6.0 164.0 1.0 2.0 68.0 1 0.0 0.0
0
# 341
1 341 1 700 queue1
stage -1.0 32.0 11.0 78.0 1.0 2.0 8.0 1 0.0 0.0
0
# 342
1 342 1 751 queue2
stage -1.0 32.0 14.0 44.0 1.0 2.0 11.0 1 0.0 0.0
0
# 343
1 343 1 532 queue3
stage -1.0 32.0 12.0 161.0 1.0 2.0 9.0 1 0.0 0.0
0
# 344
1 344 1 759 queue4
stage -1.0 32.0 10.0 158.0 1.0 2.0 17.0 1 0.0 0.0
0
# 345
1 345 1 244 queue5
stage -1.0 32.0 13.0 181.0 1.0 2.0 17.0 1 0.0 0.0
0
# 346
1 346 1 1009 queue6
stage -1.0 32.0 9.0 200.0 1.0 2.0 22.0 1 0.0 0.0
0
# 347
1 347 1 653 queue7
stage -1.0 32.0 16.0 201.0 1.0 2.0 19.0 1 0.0 0.0
0
# 348
1 348 1 412 queue8
stage -1.0 32.0 1.0 205.0 1.0 2.0 18.0 1 0.0 0.0
0
# 349
1 349 1 46 queue9
stage -1.0 32.0 7.0 173.0 1.0 2.0 11.0 1 0.0 0.0
0
# 350
1 350 1 516 queue0
stage -1.0 32.0 1.0 64.0 1.0 2.0 15.0 1 0.0 0.0
0
# 351
1 351 1 51 queue1
stage -1.0 32.0 15.0 51.0 1.0 2.0 32.0 1 0.0 0.0
0
# 352
1 352 1 888 queue2
stage -1.0 32.0 14.0 80.0 1.0 2.0 28.0 1 0.0 0.0
0
# 353
1 353 1 177 queue3
stage -1.0 32.0 13.0 164.0 1.0 2.0 8.0 1 0.0 0.0
0
# 354
1 354 1 854 queue4
stage -1.0 32.0 4.0 54.0 1.0 2.0 6.0 1 0.0 0.0
0
# 355
1 355 1 696 queue5
stage -1.0 32.0 4.0 225.0 1.0 2.0 191.0 1 0.0 0.0
0
# 356
1 356 1 1302 queue6
stage -1.0 32.0 15.0 193.0 1.0 2.0 11.0 1 0.0 0.0
0
# 357
1 357 1 920 queue7
stage -1.0 32.0 12.0 203.0 1.0 2.0 15.0 1 0.0 0.0
0
# 358
1 358 1 596 queue8
stage -1.0 32.0 12.0 208.0 1.0 2.0 84.0 1 0.0 0.0
0
# 359
1 359 1 850 queue9
stage -1.0 32.0 10.0 221.0 1.0 2.0 218.0 1 0.0 0.0
0
# 360
1 360 1 47 queue0
stage -1.0 32.0 2.0 159.0 1.0 2.0 11.0 1 0.0 0.0
0
# 361
1 361 1 370 queue1
stage -1.0 32.0 1.0 67.0 1.0 2.0 13.0 1 0.0 0.0
0
# 362
1 362 1 261 queue2
stage -1.0 32.0 7.0 42.0 1.0 2.0 2.0 1 0.0 0.0
0
# 363
1 363 1 103 queue3
stage -1.0 32.0 15.0 82.0 1.0 2.0 5.0 1 0.0 0.0
0
# 364
1 364 1 576 queue4
stage -1.0 32.0 5.0 74.0 1.0 2.0 8.0 1 0.0 0.0
0
# 365
1 365 1 1269 queue5
stage -1.0 32.0 5.0 223.0 1.0 2.0 167.0 1 0.0 0.0
0
# 366
1 366 1 595 queue6
stage -1.0 32.0 10.0 178.0 1.0 2.0 6.0 1 0.0 0.0
0
# 367
1 367 1 690 queue7
stage -1.0 32.0 9.0 198.0 1.0 2.0 47.0 1 0.0 0.0
0
# 368
1 368 1 676 queue8
stage -1.0 32.0 11.0 233.0 1.0 2.0 70.0 1 0.0 0.0
0
# 369
1 369 1 925 queue9
stage -1.0 32.0 12.0 159.0 1.0 2.0 4.0 1 0.0 0.0
0
# 370
1 370 1 44 queue0
stage -1.0 32.0 8.0 60.0 1.0 2.0 3.0 1 0.0 0.0
0
# 371
1 371 1 764 queue1
stage -1.0 32.0 16.0 168.0 1.0 2.0 8.0 1 0.0 0.0
0
# 372
1 372 1 164 queue2
stage -1.0 32.0 16.0 86.0 1.0 2.0 4.0 1 0.0 0.0
0
# 373
1 373 1 847 queue3
stage -1.0 32.0 14.0 93.0 1.0 2.0 79.0 1 0.0 0.0
0
# 374
1 374 1 1102 queue4
stage -1.0 32.0 4.0 134.0 1.0 2.0 5.0 1 0.0 0.0
0
# 375
1 375 1 402 queue5
stage -1.0 32.0 3.0 236.0 1.0 2.0 18.0 1 0.0 0.0
0
# 376
1 376 1 193 queue6
stage -1.0 32.0 12.0 229.0 1.0 2.0 12.0 1 0.0 0.0
0
# 377
1 377 1 1013 queue7
stage -1.0 32.0 6.0 189.0 1.0 2.0 22.0 1 0.0 0.0
0
# 378
1 378 1 610 queue8
stage -1.0 32.0 5.0 178.0 1.0 2.0 19.0 1 0.0 0.0
0
# 379
1 379 1 187 queue9
stage -1.0 32.0 4.0 211.0 1.0 2.0 27.0 1 0.0 0.0
0
# 380
1 380 1 365 queue0
stage -1.0 32.0 5.0 76.0 1.0 2.0 21.0 1 0.0 0.0
0
# 381
1 381 1 521 queue1
stage -1.0 32.0 8.0 115.0 1.0 2.0 19.0 1 0.0 0.0
0
# 382
1 382 1 775 queue2
stage -1.0 32.0 3.0 123.0 1.0 2.0 12.0 1 0.0 0.0
0
# 383
1 383 1 576 queue3
stage -1.0 32.0 3.0 41.0 1.0 2.0 15.0 1 0.0 0.0
0
# 384
1 384 1 899 queue4
stage -1.0 32.0 1.0 80.0 1.0 2.0 13.0 1 0.0 0.0
0
# 385
1 385 1 298 queue5
stage -1.0 32.0 13.0 215.0 1.0 2.0 23.0 1 0.0 0.0
0
# 386
1 386 1 1043 queue6
stage -1.0 32.0 5.0 205.0 1.0 2.0 28.0 1 0.0 0.0
0
# 387
1 387 1 752 queue7
stage -1.0 32.0 13.0 168.0 1.0 2.0 33.0 1 0.0 0.0
0
# 388
1 388 1 563 queue8
stage -1.0 32.0 12.0 231.0 1.0 2.0 29.0 1 0.0 0.0
0
# 389
1 389 1 605 queue9
stage -1.0 32.0 14.0 180.0 1.0 2.0 34.0 1 0.0 0.0
0
# 390
1 390 1 923 queue0
stage -1.0 32.0 16.0 83.0 1.0 2.0 7.0 1 0.0 0.0
0
# 391
1 391 1 768 queue1
stage -1.0 32.0 9.0 44.0 1.0 2.0 6.0 1 0.0 0.0
0
# 392
1 392 1 681 queue2
stage -1.0 32.0 10.0 68.0 1.0 2.0 24.0 1 0.0 0.0
0
# 393
1 393 1 279 queue3
stage -1.0 32.0 15.0 148.0 1.0 2.0 37.0 1 0.0 0.0
0
# 394
1 394 1 247 queue4
stage -1.0 32.0 14.0 112.0 1.0 2.0 9.0 1 0.0 0.0
0
# 395
1 395 1 388 queue5
stage -1.0 32.0 16.0 207.0 1.0 2.0 18.0 1 0.0 0.0
0
# 396
1 396 1 653 queue6
stage -1.0 32.0 5.0 192.0 1.0 2.0 16.0 1 0.0 0.0
0
# 397
1 397 1 155 queue7
stage -1.0 32.0 8.0 190.0 1.0 2.0 20.0 1 0.0 0.0
0
# 398
1 398 1 599 queue8
stage -1.0 32.0 4.0 210.0 1.0 2.0 128.0 1 0.0 0.0
0
# 399
1 399 1 720 queue9
stage -1.0 32.0 16.0 209.0 1.0 2.0 29.0 1 0.0 0.0
0
# 400
1 400 1 422 queue0
stage -1.0 32.0 11.0 73.0 1.0 2.0 8.0 1 0.0 0.0
0
# 401
1 401 1 315 queue1
stage -1.0 32.0 1.0 75.0 1.0 2.0 11.0 1 0.0 0.0
0
# 402
1 402 1 813 queue2
stage -1.0 32.0 16.0 48.0 1.0 2.0 6.0 1 0.0 0.0
0
# 403
1 403 1 56 queue3
stage -1.0 32.0 4.0 170.0 1.0 2.0 18.0 1 0.0 0.0
0
# 404
1 404 1 285 queue4
stage -1.0 32.0 6.0 64.0 1.0 2.0 7.0 1 0.0 0.0
0
# 405
1 405 1 913 queue5
stage -1.0 32.0 1.0 161.0 1.0 2.0 19.0 1 0.0 0.0
0
# 406
1 406 1 366 queue6
stage -1.0 32.0 15.0 180.0 1.0 2.0 24.0 1 0.0 0.0
0
# 407
1 407 1 953 queue7
stage -1.0 32.0 6.0 172.0 1.0 2.0 21.0 1 0.0 0.0
0
# 408
1 408 1 520 queue8
stage -1.0 32.0 5.0 232.0 1.0 2.0 24.0 1 0.0 0.0
0
# 409
1 409 1 608 queue9
stage -1.0 32.0 15.0 169.0 1.0 2.0 16.0 1 0.0 0.0
0
# 410
1 410 1 1310 queue0
stage -1.0 32.0 6.0 75.0 1.0 2.0 8.0 1 0.0 0.0
0
# 411
1 411 1 347 queue1
stage -1.0 32.0 12.0 126.0 1.0 2.0 16.0 1 0.0 0.0
0
# 412
1 412 1 558 queue2
stage -1.0 32.0 3.0 53.0 1.0 2.0 5.0 1 0.0 0.0
0
# 413
1 413 1 1139 queue3
stage -1.0 32.0 7.0 71.0 1.0 2.0 7.0 1 0.0 0.0
0
# 414
1 414 1 747 queue4
stage -1.0 32.0 10.0 99.0 1.0 2.0 12.0 1 0.0 0.0
0
# 415
1 415 1 392 queue5
stage -1.0 32.0 14.0 168.0 1.0 2.0 20.0 1 0.0 0.0
0
# 416
1 416 1 58 queue6
stage -1.0 32.0 5.0 209.0 1.0 2.0 32.0 1 0.0 0.0
0
# 417
1 417 1 791 queue7
stage -1.0 32.0 13.0 176.0 1.0 2.0 16.0 1 0.0 0.0
0
# 418
1 418 1 309 queue8
stage -1.0 32.0 16.0 178.0 1.0 2.0 21.0 1 0.0 0.0
0
# 419
1 419 1 265 queue9
stage -1.0 32.0 8.0 195.0 1.0 2.0 25.0 1 0.0 0.0
0
# 420
1 420 1 293 queue0
stage -1.0 32.0 16.0 61.0 1.0 2.0 8.0 1 0.0 0.0
0
# 421
1 421 1 323 queue1
stage -1.0 32.0 5.0 98.0 1.0 2.0 14.0 1 0.0 0.0
0
# 422
1 422 1 625 queue2
stage -1.0 32.0 13.0 68.0 1.0 2.0 7.0 1 0.0 0.0
0
# 423
1 423 1 420 queue3
stage -1.0 32.0 4.0 110.0 1.0 2.0 13.0 1 0.0 0.0
0
# 424
1 424 1 230 queue4
stage -1.0 32.0 10.0 153.0 1.0 2.0 25.0 1 0.0 0.0
0
# 425
1 425 1 599 queue5
stage -1.0 32.0 14.0 175.0 1.0 2.0 23.0 1 0.0 0.0
0
# 426
1 426 1 760 queue6
stage -1.0 32.0 9.0 192.0 1.0 2.0 23.0 1 0.0 0.0
0
# 427
1 427 1 1212 queue7
stage -1.0 32.0 9.0 200.0 1.0 2.0 24.0 1 0.0 0.0
0
# 428
1 428 1 1189 queue8
stage -1.0 32.0 14.0 190.0 1.0 2.0 25.0 1 0.0 0.0
0
# 429
1 429 1 381 queue9
stage -1.0 32.0 7.0 195.0 1.0 2.0 20.0 1 0.0 0.0
0
# 430
1 430 1 483 queue0
stage -1.0 32.0 8.0 128.0 1.0 2.0 16.0 1 0.0 0.0
0
# 431
1 431 1 489 queue1
stage -1.0 32.0 12.0 67.0 1.0 2.0 6.0 1 0.0 0.0
0
# 432
1 432 1 593 queue2
stage -1.0 32.0 10.0 89.0 1.0 2.0 11.0 1 0.0 0.0
0
# 433
1 433 1 86 queue3
stage -1.0 32.0 11.0 113.0 1.0 2.0 14.0 1 0.0 0.0
0
# 434
1 434 1 979 queue4
stage -1.0 32.0 4.0 97.0 1.0 2.0 14.0 1 0.0 0.0
0
# 435
1 435 1 173 queue5
stage -1.0 32.0 13.0 213.0 1.0 2.0 30.0 1 0.0 0.0
0
# 436
1 436 1 654 queue6
stage -1.0 32.0 8.0 204.0 1.0 2.0 26.0 1 0.0 0.0
0
# 437
1 437 1 633 queue7
stage -1.0 32.0 12.0 206.0 1.0 2.0 24.0 1 0.0 0.0
0
# 438
1 438 1 31 queue8
stage -1.0 32.0 3.0 147.0 1.0 2.0 19.0 1 0.0 0.0
0
# 439
1 439 1 1276 queue9
stage -1.0 32.0 9.0 218.0 1.0 2.0 22.0 1 0.0 0.0
0
# 440
1 440 1 665 queue0
stage -1.0 32.0 7.0 60.0 1.0 2.0 6.0 1 0.0 0.0
0
# 441
1 441 1 610 queue1
stage -1.0 32.0 13.0 115.0 1.0 2.0 15.0 1 0.0 0.0
0
# 442
1 442 1 1008 queue2
stage -1.0 32.0 8.0 75.0 1.0 2.0 12.0 1 0.0 0.0
0
# 443
1 443 1 287 queue3
stage -1.0 32.0 15.0 155.0 1.0 2.0 21.0 1 0.0 0.0
0
# 444
1 444 1 509 queue4
stage -1.0 32.0 6.0 80.0 1.0 2.0 13.0 1 0.0 0.0
0
# 445
1 445 1 690 queue5
stage -1.0 32.0 12.0 189.0 1.0 2.0 25.0 1 0.0 0.0
0
# 446
1 446 1 261 queue6
stage -1.0 32.0 1.0 185.0 1.0 2.0 26.0 1 0.0 0.0
0
# 447
1 447 1 772 queue7
stage -1.0 32.0 11.0 214.0 1.0 2.0 31.0 1 0.0 0.0
0
# 448
1 448 1 1032 queue8
stage -1.0 32.0 8.0 246.0 1.0 2.0 27.0 1 0.0 0.0
0
# 449
1 449 1 529 queue9
stage -1.0 32.0 12.0 176.0 1.0 2.0 26.0 1 0.0 0.0
0
# 450
1 450 1 826 queue0
stage -1.0 32.0 2.0 55.0 1.0 2.0 4.0 1 0.0 0.0
0
# 451
1 451 1 324 queue1
stage -1.0 32.0 15.0 68.0 1.0 2.0 4.0 1 0.0 0.0
0
# 452
1 452 1 944 queue2
stage -1.0 32.0 5.0 71.0 1.0 2.0 4.0 1 0.0 0.0
0
# 453
1 453 1 702 queue3
stage -1.0 32.0 14.0 173.0 1.0 2.0 9.0 1 0.0 0.0
0
# 454
1 454 1 122 queue4
stage -1.0 32.0 12.0 86.0 1.0 2.0 7.0 1 0.0 0.0
0
# 455
1 455 1 342 queue5
stage -1.0 32.0 13.0 199.0 1.0 2.0 10.0 1 0.0 0.0
0
# 456
1 456 1 3 queue6
stage -1.0 32.0 7.0 209.0 1.0 2.0 16.0 1 0.0 0.0
0
# 457
1 457 1 1124 queue7
stage -1.0 32.0 9.0 212.0 1.0 2.0 16.0 1 0.0 0.0
0
# 458
1 458 1 218 queue8
stage -1.0 32.0 9.0 209.0 1.0 2.0 11.0 1 0.0 0.0
0
# 459
1 459 1 788 queue9
stage -1.0 32.0 4.0 186.0 1.0 2.0 12.0 1 0.0 0.0
0
# 460
1 460 1 645 queue0
stage -1.0 32.0 16.0 116.0 1.0 2.0 11.0 1 0.0 0.0
0
# 461
1 461 1 836 queue1
stage -1.0 32.0 10.0 76.0 1.0 2.0 4.0 1 0.0 0.0
0
# 462
1 462 1 310 queue2
stage -1.0 32.0 3.0 119.0 1.0 2.0 8.0 1 0.0 0.0
0
# 463
1 463 1 232 queue3
stage -1.0 32.0 16.0 57.0 1.0 2.0 3.0 1 0.0 0.0
0
# 464
1 464 1 170 queue4
stage -1.0 32.0 3.0 51.0 1.0 2.0 7.0 1 0.0 0.0
0
# 465
1 465 1 713 queue5
stage -1.0 32.0 2.0 199.0 1.0 2.0 30.0 1 0.0 0.0
0
# 466
1 466 1 215 queue6
stage -1.0 32.0 3.0 186.0 1.0 2.0 9.0 1 0.0 0.0
0
# 467
1 467 1 676 queue7
stage -1.0 32.0 7.0 193.0 1.0 2.0 12.0 1 0.0 0.0
0
# 468
1 468 1 474 queue8
stage -1.0 32.0 7.0 188.0 1.0 2.0 12.0 1 0.0 0.0
0
# 469
1 469 1 534 queue9
stage -1.0 32.0 3.0 212.0 1.0 2.0 12.0 1 0.0 0.0
0
# 470
1 470 1 699 queue0
stage -1.0 32.0 10.0 162.0 1.0 2.0 21.0 1 0.0 0.0
0
# 471
1 471 1 520 queue1
stage -1.0 32.0 13.0 47.0 1.0 2.0 3.0 1 0.0 0.0
0
# 472
1 472 1 863 queue2
stage -1.0 32.0 7.0 88.0 1.0 2.0 6.0 1 0.0 0.0
0
# 473
1 473 1 180 queue3
stage -1.0 32.0 15.0 119.0 1.0 2.0 8.0 1 0.0 0.0
0
# 474
1 474 1 1356 queue4
stage -1.0 32.0 8.0 70.0 1.0 2.0 6.0 1 0.0 0.0
0
# 475
1 475 1 297 queue5
stage -1.0 32.0 16.0 216.0 1.0 2.0 15.0 1 0.0 0.0
0
# 476
1 476 1 429 queue6
stage -1.0 32.0 1.0 231.0 1.0 2.0 21.0 1 0.0 0.0
0
# 477
1 477 1 480 queue7
stage -1.0 32.0 1.0 203.0 1.0 2.0 15.0 1 0.0 0.0
0
# 478
1 478 1 684 queue8
stage -1.0 32.0 14.0 213.0 1.0 2.0 20.0 1 0.0 0.0
0
# 479
1 479 1 350 queue9
stage -1.0 32.0 3.0 197.0 1.0 2.0 12.0 1 0.0 0.0
0
# 480
1 480 1 87 queue0
stage -1.0 32.0 4.0 72.0 1.0 2.0 4.0 1 0.0 0.0
0
# 481
1 481 1 705 queue1
stage -1.0 32.0 11.0 58.0 1.0 2.0 3.0 1 0.0 0.0
0
# 482
1 482 1 385 queue2
stage -1.0 32.0 13.0 43.0 1.0 2.0 3.0 1 0.0 0.0
0
# 483
1 483 1 1171 queue3
stage -1.0 32.0 15.0 146.0 1.0 2.0 10.0 1 0.0 0.0
0
# 484
1 484 1 469 queue4
stage -1.0 32.0 4.0 129.0 1.0 2.0 9.0 1 0.0 0.0
0
# 485
1 485 1 11 queue5
stage -1.0 32.0 12.0 177.0 1.0 2.0 9.0 1 0.0 0.0
0
# 486
1 486 1 484 queue6
stage -1.0 32.0 2.0 196.0 1.0 2.0 13.0 1 0.0 0.0
0
# 487
1 487 1 978 queue7
stage -1.0 32.0 7.0 165.0 1.0 2.0 8.0 1 0.0 0.0
0
# 488
1 488 1 267 queue8
stage -1.0 32.0 13.0 166.0 1.0 2.0 13.0 1 0.0 0.0
0
# 489
1 489 1 634 queue9
stage -1.0 32.0 7.0 197.0 1.0 2.0 20.0 1 0.0 0.0
0
# 490
1 490 1 977 queue0
stage -1.0 32.0 1.0 54.0 1.0 2.0 4.0 1 0.0 0.0
0
# 491
1 491 1 1044 queue1
stage -1.0 32.0 10.0 70.0 1.0 2.0 5.0 1 0.0 0.0
0
# 492
1 492 1 916 queue2
stage -1.0 32.0 7.0 130.0 1.0 2.0 10.0 1 0.0 0.0
0
# 493
1 493 1 694 queue3
stage -1.0 32.0 2.0 82.0 1.0 2.0 4.0 1 0.0 0.0
0
# 494
1 494 1 671 queue4
stage -1.0 32.0 13.0 64.0 1.0 2.0 5.0 1 0.0 0.0
0
# 495
1 495 1 925 queue5
stage -1.0 32.0 2.0 215.0 1.0 2.0 10.0 1 0.0 0.0
0
# 496
1 496 1 601 queue6
stage -1.0 32.0 12.0 222.0 1.0 2.0 11.0 1 0.0 0.0
0
# 497
1 497 1 994 queue7
stage -1.0 32.0 9.0 184.0 1.0 2.0 8.0 1 0.0 0.0
0
# 498
1 498 1 895 queue8
stage -1.0 32.0 1.0 224.0 1.0 2.0 14.0 1 0.0 0.0
0
# 499
1 499 1 643 queue9
stage -1.0 32.0 14.0 213.0 1.0 2.0 13.0 1 0.0 0.0
0
