# 0
1 0 1 2 queue0
stage -1.0 32.0 5.0 118.0 1.0 2.0 377.0 1 0.01 0.2
0
# 1
1 1 1 3 queue1
stage -1.0 32.0 12.0 83.0 1.0 2.0 169.0 1 0.07 -0.19
0
# 2
1 2 1 3 queue2
stage -1.0 32.0 16.0 147.0 1.0 2.0 304.0 1 -0.04 -0.18
0
# 3
1 3 1 3 queue3
stage -1.0 32.0 3.0 88.0 1.0 2.0 236.0 1 -0.1 -0.09
0
# 4
1 4 1 3 queue4
stage -1.0 32.0 5.0 51.0 1.0 2.0 118.0 1 0.13 0.08
0
# 5
1 5 1 3 queue0
stage -1.0 32.0 5.0 135.0 1.0 2.0 400.0 1 -0.25 -0.08
0
# 6
1 6 1 3 queue1
stage -1.0 32.0 4.0 129.0 1.0 2.0 357.0 1 0.26 0.14
0
# 7
1 7 1 3 queue2
stage -1.0 32.0 6.0 157.0 1.0 2.0 340.0 1 -0.04 -0.13
0
# 8
1 8 1 4 queue3
stage -1.0 32.0 5.0 54.0 1.0 2.0 127.0 1 -0.23 0.03
0
# 9
1 9 1 4 queue4
stage -1.0 32.0 8.0 97.0 1.0 2.0 200.0 1 -0.06 0.1
0
# 10
1 10 1 4 queue0
stage -1.0 32.0 14.0 67.0 1.0 2.0 158.0 1 0.1 -0.03
0
# 11
1 11 1 4 queue1
stage -1.0 32.0 9.0 93.0 1.0 2.0 400.0 1 0.03 0.05
0
# 12
1 12 1 4 queue2
stage -1.0 32.0 5.0 153.0 1.0 2.0 304.0 1 0.08 0.03
0
# 13
1 13 1 4 queue3
stage -1.0 32.0 13.0 119.0 1.0 2.0 210.0 1 0.15 0.13
0
# 14
1 14 1 4 queue4
stage -1.0 32.0 10.0 70.0 1.0 2.0 162.0 1 0.05 -0.06
0
# 15
1 15 1 5 queue0
stage -1.0 32.0 1.0 45.0 1.0 2.0 97.0 1 0.09 0.06
0
# 16
1 16 1 5 queue1
stage -1.0 32.0 13.0 86.0 1.0 2.0 188.0 1 0.14 0.12
0
# 17
1 17 1 6 queue2
stage -1.0 32.0 3.0 158.0 1.0 2.0 400.0 1 0.18 0.08
0
# 18
1 18 1 6 queue3
stage -1.0 32.0 8.0 91.0 1.0 2.0 213.0 1 0.06 0.0
0
# 19
1 19 1 6 queue4
stage -1.0 32.0 6.0 41.0 1.0 2.0 156.0 1 -0.11 0.22
0
# 20
1 20 1 6 queue0
stage -1.0 32.0 13.0 52.0 1.0 2.0 78.0 1 0.22 0.07
0
# 21
1 21 1 8 queue1
stage -1.0 32.0 9.0 64.0 1.0 2.0 400.0 1 0.2 0.14
0
# 22
1 22 1 8 queue2
stage -1.0 32.0 10.0 52.0 1.0 2.0 160.0 1 -0.11 0.11
0
# 23
1 23 1 10 queue3
stage -1.0 32.0 11.0 60.0 1.0 2.0 400.0 1 0.11 -0.07
0
# 24
1 24 1 10 queue4
stage -1.0 32.0 12.0 107.0 1.0 2.0 400.0 1 -0.07 -0.11
0
# 25
1 25 1 10 queue0
stage -1.0 32.0 2.0 77.0 1.0 2.0 98.0 1 -0.11 -0.07
0
# 26
1 26 1 10 queue1
stage -1.0 32.0 15.0 57.0 1.0 2.0 88.0 1 -0.07 0.11
0
# 27
1 27 1 10 queue2
stage -1.0 32.0 14.0 51.0 1.0 2.0 144.0 1 0.11 -0.11
0
# 28
1 28 1 11 queue3
stage -1.0 32.0 16.0 87.0 1.0 2.0 84.0 1 0.14 0.2
0
# 29
1 29 1 11 queue4
stage -1.0 32.0 8.0 45.0 1.0 2.0 345.0 1 0.07 0.22
0
# 30
1 30 1 11 queue0
stage -1.0 32.0 16.0 47.0 1.0 2.0 88.0 1 0.22 -0.11
0
# 31
1 31 1 11 queue1
stage -1.0 32.0 13.0 40.0 1.0 2.0 84.0 1 0.0 0.06
0
# 32
1 32 1 11 queue2
stage -1.0 32.0 14.0 130.0 1.0 2.0 140.0 1 0.08 0.18
0
# 33
1 33 1 11 queue3
stage -1.0 32.0 7.0 46.0 1.0 2.0 47.0 1 0.12 0.14
0
# 34
1 34 1 11 queue4
stage -1.0 32.0 13.0 59.0 1.0 2.0 204.0 1 0.06 0.09
0
# 35
1 35 1 12 queue0
stage -1.0 32.0 15.0 75.0 1.0 2.0 127.0 1 -0.06 0.05
0
# 36
1 36 1 12 queue1
stage -1.0 32.0 5.0 53.0 1.0 2.0 97.0 1 0.13 0.15
0
# 37
1 37 1 12 queue2
stage -1.0 32.0 3.0 50.0 1.0 2.0 66.0 1 0.03 0.08
0
# 38
1 38 1 14 queue3
stage -1.0 32.0 10.0 141.0 1.0 2.0 167.0 1 0.05 0.03
0
# 39
1 39 1 14 queue4
stage -1.0 32.0 3.0 88.0 1.0 2.0 97.0 1 -0.03 0.1
0
# 40
1 40 1 14 queue0
stage -1.0 32.0 10.0 138.0 1.0 2.0 122.0 1 0.1 -0.06
0
# 41
1 41 1 14 queue1
stage -1.0 32.0 9.0 67.0 1.0 2.0 50.0 1 0.03 -0.23
0
# 42
1 42 1 14 queue2
stage -1.0 32.0 2.0 72.0 1.0 2.0 54.0 1 -0.13 -0.04
0
# 43
1 43 1 15 queue3
stage -1.0 32.0 2.0 58.0 1.0 2.0 55.0 1 0.14 0.26
0
# 44
1 44 1 16 queue4
stage -1.0 32.0 4.0 53.0 1.0 2.0 53.0 1 -0.08 -0.25
0
# 45
1 45 1 16 queue0
stage -1.0 32.0 1.0 74.0 1.0 2.0 59.0 1 0.08 0.13
0
# 46
1 46 1 18 queue1
stage -1.0 32.0 16.0 150.0 1.0 2.0 93.0 1 -0.09 -0.1
0
# 47
1 47 1 19 queue2
stage -1.0 32.0 8.0 82.0 1.0 2.0 70.0 1 -0.18 -0.04
0
# 48
1 48 1 26 queue3
stage -1.0 32.0 15.0 66.0 1.0 2.0 51.0 1 -0.19 0.07
0
# 49
1 49 1 189 queue4
stage -1.0 32.0 2.0 69.0 1.0 2.0 63.0 1 0.2 0.01
0
