# 0
1 0 1 0 queue0
stage -1.0 2.0 2.0 124.0 1.0 2.0 7.0 1 0.0 0.0
0
# 1
1 1 1 0 queue1
stage -1.0 2.0 1.0 126.0 1.0 2.0 6.0 1 0.0 0.0
0
# 2
1 2 1 0 queue2
stage -1.0 2.0 2.0 161.0 1.0 2.0 46.0 1 0.0 0.0
0
# 3
1 3 1 0 queue3
stage -1.0 2.0 2.0 134.0 1.0 2.0 6.0 1 0.0 0.0
0
# 4
1 4 1 0 queue4
stage -1.0 2.0 4.0 183.0 1.0 2.0 13.0 1 0.0 0.0
0
# 5
1 5 1 0 queue5
stage -1.0 2.0 4.0 129.0 1.0 2.0 47.0 1 0.0 0.0
0
# 6
1 6 1 0 queue6
stage -1.0 2.0 4.0 47.0 1.0 2.0 7.0 1 0.0 0.0
0
# 7
1 7 1 0 queue7
stage -1.0 2.0 3.0 197.0 1.0 2.0 16.0 1 0.0 0.0
0
# 8
1 8 1 0 queue8
stage -1.0 2.0 3.0 172.0 1.0 2.0 7.0 1 0.0 0.0
0
# 9
1 9 1 0 queue9
stage -1.0 2.0 5.0 195.0 1.0 2.0 7.0 1 0.0 0.0
0
# 10
1 10 1 0 queue0
stage -1.0 2.0 5.0 190.0 1.0 2.0 45.0 1 0.0 0.0
0
# 11
1 11 1 0 queue1
stage -1.0 2.0 1.0 47.0 1.0 2.0 2.0 1 0.0 0.0
0
# 12
1 12 1 0 queue2
stage -1.0 2.0 1.0 47.0 1.0 2.0 2.0 1 0.0 0.0
0
# 13
1 13 1 0 queue3
stage -1.0 36.6 9.0 1.0 1.0 2.0 2.0 1 0.0 0.0
0
# 14
1 14 1 0 queue4
stage -1.0 2.0 1.0 118.0 1.0 2.0 6.0 1 0.0 0.0
0
# 15
1 15 1 0 queue5
stage -1.0 2.0 5.0 8.0 1.0 2.0 2.0 1 0.0 0.0
0
# 16
1 16 1 0 queue6
stage -1.0 2.0 1.0 31.0 1.0 2.0 3.0 1 0.0 0.0
0
# 17
1 17 1 0 queue7
stage -1.0 3.2 1.0 33.0 1.0 2.0 2.0 1 0.0 0.0
0
# 18
1 18 1 0 queue8
stage -1.0 2.0 2.0 131.0 1.0 2.0 7.0 1 0.0 0.0
0
# 19
1 19 1 0 queue9
stage -1.0 26.3 24.0 168.0 1.0 2.0 84.0 1 0.0 0.0
0
# 20
1 20 1 0 queue0
stage -1.0 2.0 3.0 105.0 1.0 2.0 7.0 1 0.0 0.0
0
# 21
1 21 1 0 queue1
stage -1.0 26.3 25.0 1.0 1.0 2.0 12.0 1 0.0 0.0
0
# 22
1 22 1 0 queue2
stage -1.0 6.3 7.0 21.0 1.0 2.0 3.0 1 0.0 0.0
0
# 23
1 23 1 0 queue3
stage -1.0 64.0 76.0 1.0 1.0 2.0 1.0 1 0.0 0.0
0
# 24
1 24 1 0 queue4
stage -1.0 30.7 34.0 197.0 1.0 2.0 200.0 1 0.0 0.0
0
# 25
1 25 1 0 queue5
stage -1.0 4.1 5.0 156.0 1.0 2.0 17.0 1 0.0 0.0
0
# 26
1 26 1 0 queue6
stage -1.0 2.0 2.0 162.0 1.0 2.0 7.0 1 0.0 0.0
0
# 27
1 27 1 0 queue7
stage -1.0 2.0 0.0 123.0 1.0 2.0 35.0 1 0.0 0.0
0
# 28
1 28 1 0 queue8
stage -1.0 2.0 0.0 120.0 1.0 2.0 5.0 1 0.0 0.0
0
# 29
1 29 1 0 queue9
stage -1.0 2.0 0.0 20.0 1.0 2.0 1.0 1 0.0 0.0
0
# 30
1 30 1 0 queue0
stage -1.0 2.0 1.0 6.0 1.0 2.0 2.0 1 0.0 0.0
0
# 31
1 31 1 1 queue1
stage -1.0 2.0 3.0 87.0 1.0 2.0 13.0 1 0.0 0.0
0
# 32
1 32 1 1 queue2
stage -1.0 2.0 0.0 87.0 1.0 2.0 7.0 1 0.0 0.0
0
# 33
1 33 1 1 queue3
stage -1.0 2.0 0.0 181.0 1.0 2.0 7.0 1 0.0 0.0
0
# 34
1 34 1 1 queue4
stage -1.0 2.0 1.0 151.0 1.0 2.0 6.0 1 0.0 0.0
0
# 35
1 35 1 1 queue5
stage -1.0 64.0 10.0 155.0 1.0 2.0 135.0 1 0.0 0.0
0
# 36
1 36 1 1 queue6
stage -1.0 2.0 2.0 129.0 1.0 2.0 5.0 1 0.0 0.0
0
# 37
1 37 1 1 queue7
stage -1.0 2.0 1.0 125.0 1.0 2.0 5.0 1 0.0 0.0
0
# 38
1 38 1 1 queue8
stage -1.0 2.0 14.0 19.0 1.0 2.0 2.0 1 0.0 0.0
0
# 39
1 39 1 1 queue9
stage -1.0 2.0 13.0 19.0 1.0 2.0 1.0 1 0.0 0.0
0
# 40
1 40 1 1 queue0
stage -1.0 40.2 36.0 2.0 1.0 2.0 10.0 1 0.0 0.0
0
# 41
1 41 1 1 queue1
stage -1.0 2.0 1.0 19.0 1.0 2.0 2.0 1 0.0 0.0
0
# 42
1 42 1 1 queue2
stage -1.0 2.0 1.0 24.0 1.0 2.0 1.0 1 0.0 0.0
0
# 43
1 43 1 1 queue3
stage -1.0 2.0 0.0 24.0 1.0 2.0 1.0 1 0.0 0.0
0
# 44
1 44 1 1 queue4
stage -1.0 62.5 32.0 1.0 1.0 2.0 1.0 1 0.0 0.0
0
# 45
1 45 1 1 queue5
stage -1.0 28.4 14.0 19.0 1.0 2.0 19.0 1 0.0 0.0
0
# 46
1 46 1 1 queue6
stage -1.0 35.6 18.0 19.0 1.0 2.0 172.0 1 0.0 0.0
0
# 47
1 47 1 1 queue7
stage -1.0 2.0 2.0 24.0 1.0 2.0 1.0 1 0.0 0.0
0
# 48
1 48 1 1 queue8
stage -1.0 6.2 8.0 19.0 1.0 2.0 2.0 1 0.0 0.0
0
# 49
1 49 1 1 queue9
stage -1.0 2.0 1.0 18.0 1.0 2.0 1.0 1 0.0 0.0
0
# 50
1 50 1 1 queue0
stage -1.0 2.0 2.0 24.0 1.0 2.0 1.0 1 0.0 0.0
0
# 51
1 51 1 1 queue1
stage -1.0 2.0 0.0 24.0 1.0 2.0 1.0 1 0.0 0.0
0
# 52
1 52 1 1 queue2
stage -1.0 2.0 0.0 5.0 1.0 2.0 1.0 1 0.0 0.0
0
# 53
1 53 1 1 queue3
stage -1.0 30.9 28.0 19.0 1.0 2.0 13.0 1 0.0 0.0
0
# 54
1 54 1 1 queue4
stage -1.0 2.0 2.0 18.0 1.0 2.0 1.0 1 0.0 0.0
0
# 55
1 55 1 1 queue5
stage -1.0 2.0 13.0 18.0 1.0 2.0 7.0 1 0.0 0.0
0
# 56
1 56 1 1 queue6
stage -1.0 2.0 1.0 18.0 1.0 2.0 3.0 1 0.0 0.0
0
# 57
1 57 1 1 queue7
stage -1.0 2.0 0.0 18.0 1.0 2.0 1.0 1 0.0 0.0
0
# 58
1 58 1 1 queue8
stage -1.0 62.5 32.0 19.0 1.0 2.0 23.0 1 0.0 0.0
0
# 59
1 59 1 1 queue9
stage -1.0 6.2 8.0 18.0 1.0 2.0 2.0 1 0.0 0.0
0
# 60
1 60 1 1 queue0
stage -1.0 2.0 0.0 18.0 1.0 2.0 4.0 1 0.0 0.0
0
# 61
1 61 1 1 queue1
stage -1.0 6.2 8.0 17.0 1.0 2.0 2.0 1 0.0 0.0
0
# 62
1 62 1 1 queue2
stage -1.0 16.8 13.0 24.0 1.0 2.0 8.0 1 0.0 0.0
0
# 63
1 63 1 1 queue3
stage -1.0 2.0 1.0 17.0 1.0 2.0 2.0 1 0.0 0.0
0
# 64
1 64 1 1 queue4
stage -1.0 2.0 5.0 24.0 1.0 2.0 1.0 1 0.0 0.0
0
# 65
1 65 1 1 queue5
stage -1.0 2.0 2.0 17.0 1.0 2.0 4.0 1 0.0 0.0
0
# 66
1 66 1 1 queue6
stage -1.0 2.0 1.0 20.0 1.0 2.0 2.0 1 0.0 0.0
0
# 67
1 67 1 1 queue7
stage -1.0 19.0 47.0 10.0 1.0 2.0 4.0 1 0.0 0.0
0
# 68
1 68 1 1 queue8
stage -1.0 2.0 0.0 132.0 1.0 2.0 7.0 1 0.0 0.0
0
# 69
1 69 1 1 queue9
stage -1.0 2.0 0.0 134.0 1.0 2.0 5.0 1 0.0 0.0
0
# 70
1 70 1 1 queue0
stage -1.0 2.0 0.0 184.0 1.0 2.0 13.0 1 0.0 0.0
0
# 71
1 71 1 1 queue1
stage -1.0 2.0 3.0 188.0 1.0 2.0 172.0 1 0.0 0.0
0
# 72
1 72 1 1 queue2
stage -1.0 2.0 0.0 150.0 1.0 2.0 8.0 1 0.0 0.0
0
# 73
1 73 1 1 queue3
stage -1.0 2.0 5.0 104.0 1.0 2.0 4.0 1 0.0 0.0
0
# 74
1 74 1 1 queue4
stage -1.0 2.0 1.0 166.0 1.0 2.0 11.0 1 0.0 0.0
0
# 75
1 75 1 1 queue5
stage -1.0 2.0 5.0 141.0 1.0 2.0 8.0 1 0.0 0.0
0
# 76
1 76 1 1 queue6
stage -1.0 2.0 0.0 178.0 1.0 2.0 8.0 1 0.0 0.0
0
# 77
1 77 1 1 queue7
stage -1.0 2.0 0.0 125.0 1.0 2.0 36.0 1 0.0 0.0
0
# 78
1 78 1 1 queue8
stage -1.0 2.0 0.0 174.0 1.0 2.0 8.0 1 0.0 0.0
0
# 79
1 79 1 1 queue9
stage -1.0 2.0 0.0 29.0 1.0 2.0 2.0 1 0.0 0.0
0
# 80
1 80 1 1 queue0
stage -1.0 2.0 3.0 14.0 1.0 2.0 5.0 1 0.0 0.0
0
# 81
1 81 1 1 queue1
stage -1.0 2.0 15.0 13.0 1.0 2.0 2.0 1 0.0 0.0
0
# 82
1 82 1 1 queue2
stage -1.0 2.0 0.0 15.0 1.0 2.0 1.0 1 0.0 0.0
0
# 83
1 83 1 1 queue3
stage -1.0 2.0 1.0 48.0 1.0 2.0 2.0 1 0.0 0.0
0
# 84
1 84 1 1 queue4
stage -1.0 2.0 0.0 29.0 1.0 2.0 1.0 1 0.0 0.0
0
# 85
1 85 1 1 queue5
stage -1.0 2.0 1.0 13.0 1.0 2.0 3.0 1 0.0 0.0
0
# 86
1 86 1 1 queue6
stage -1.0 2.0 2.0 40.0 1.0 2.0 1.0 1 0.0 0.0
0
# 87
1 87 1 1 queue7
stage -1.0 2.0 0.0 29.0 1.0 2.0 1.0 1 0.0 0.0
0
# 88
1 88 1 1 queue8
stage -1.0 2.0 2.0 29.0 1.0 2.0 3.0 1 0.0 0.0
0
# 89
1 89 1 1 queue9
stage -1.0 2.0 0.0 29.0 1.0 2.0 2.0 1 0.0 0.0
0
# 90
1 90 1 1 queue0
stage -1.0 2.0 1.0 13.0 1.0 2.0 3.0 1 0.0 0.0
0
# 91
1 91 1 1 queue1
stage -1.0 2.0 1.0 13.0 1.0 2.0 1.0 1 0.0 0.0
0
# 92
1 92 1 1 queue2
stage -1.0 9.6 10.0 14.0 1.0 2.0 3.0 1 0.0 0.0
0
# 93
1 93 1 1 queue3
stage -1.0 2.0 1.0 19.0 1.0 2.0 1.0 1 0.0 0.0
0
# 94
1 94 1 1 queue4
stage -1.0 9.5 10.0 22.0 1.0 2.0 4.0 1 0.0 0.0
0
# 95
1 95 1 2 queue5
stage -1.0 64.0 33.0 3.0 1.0 2.0 7.0 1 0.0 0.0
0
# 96
1 96 1 2 queue6
stage -1.0 2.0 2.0 6.0 1.0 2.0 5.0 1 0.0 0.0
0
# 97
1 97 1 2 queue7
stage -1.0 2.0 3.0 39.0 1.0 2.0 2.0 1 0.0 0.0
0
# 98
1 98 1 2 queue8
stage -1.0 2.0 3.0 175.0 1.0 2.0 7.0 1 0.0 0.0
0
# 99
1 99 1 2 queue9
stage -1.0 2.0 1.0 175.0 1.0 2.0 12.0 1 0.0 0.0
0
# 100
1 100 1 2 queue0
stage -1.0 2.0 2.0 175.0 1.0 2.0 9.0 1 0.0 0.0
0
# 101
1 101 1 2 queue1
stage -1.0 2.0 1.0 183.0 1.0 2.0 8.0 1 0.0 0.0
0
# 102
1 102 1 2 queue2
stage -1.0 2.0 0.0 149.0 1.0 2.0 43.0 1 0.0 0.0
0
# 103
1 103 1 2 queue3
stage -1.0 2.0 7.0 130.0 1.0 2.0 6.0 1 0.0 0.0
0
# 104
1 104 1 2 queue4
stage -1.0 3.5 8.0 18.0 1.0 2.0 2.0 1 0.0 0.0
0
# 105
1 105 1 2 queue5
stage -1.0 2.0 1.0 15.0 1.0 2.0 5.0 1 0.0 0.0
0
# 106
1 106 1 2 queue6
stage -1.0 2.0 3.0 18.0 1.0 2.0 3.0 1 0.0 0.0
0
# 107
1 107 1 2 queue7
stage -1.0 2.0 11.0 18.0 1.0 2.0 1.0 1 0.0 0.0
0
# 108
1 108 1 2 queue8
stage -1.0 27.5 14.0 5.0 1.0 2.0 3.0 1 0.0 0.0
0
# 109
1 109 1 2 queue9
stage -1.0 6.2 8.0 13.0 1.0 2.0 2.0 1 0.0 0.0
0
# 110
1 110 1 2 queue0
stage -1.0 2.0 1.0 9.0 1.0 2.0 2.0 1 0.0 0.0
0
# 111
1 111 1 2 queue1
stage -1.0 20.2 4.0 10.0 1.0 2.0 4.0 1 0.0 0.0
0
# 112
1 112 1 2 queue2
stage -1.0 64.0 80.0 1.0 1.0 2.0 1.0 1 0.0 0.0
0
# 113
1 113 1 2 queue3
stage -1.0 2.0 0.0 22.0 1.0 2.0 2.0 1 0.0 0.0
0
# 114
1 114 1 2 queue4
stage -1.0 2.0 0.0 22.0 1.0 2.0 1.0 1 0.0 0.0
0
# 115
1 115 1 2 queue5
stage -1.0 2.0 3.0 22.0 1.0 2.0 6.0 1 0.0 0.0
0
# 116
1 116 1 2 queue6
stage -1.0 2.0 0.0 22.0 1.0 2.0 2.0 1 0.0 0.0
0
# 117
1 117 1 2 queue7
stage -1.0 2.0 2.0 28.0 1.0 2.0 1.0 1 0.0 0.0
0
# 118
1 118 1 2 queue8
stage -1.0 2.0 2.0 28.0 1.0 2.0 2.0 1 0.0 0.0
0
# 119
1 119 1 2 queue9
stage -1.0 2.0 2.0 28.0 1.0 2.0 1.0 1 0.0 0.0
0
# 120
1 120 1 2 queue0
stage -1.0 2.0 2.0 140.0 1.0 2.0 10.0 1 0.0 0.0
0
# 121
1 121 1 2 queue1
stage -1.0 64.0 65.0 1.0 1.0 2.0 29.0 1 0.0 0.0
0
# 122
1 122 1 2 queue2
stage -1.0 31.3 47.0 9.0 1.0 2.0 7.0 1 0.0 0.0
0
# 123
1 123 1 2 queue3
stage -1.0 2.0 15.0 140.0 1.0 2.0 6.0 1 0.0 0.0
0
# 124
1 124 1 2 queue4
stage -1.0 2.0 2.0 140.0 1.0 2.0 9.0 1 0.0 0.0
0
# 125
1 125 1 2 queue5
stage -1.0 27.0 27.0 140.0 1.0 2.0 100.0 1 0.0 0.0
0
# 126
1 126 1 2 queue6
stage -1.0 2.0 2.0 62.0 1.0 2.0 3.0 1 0.0 0.0
0
# 127
1 127 1 2 queue7
stage -1.0 2.0 3.0 40.0 1.0 2.0 11.0 1 0.0 0.0
0
# 128
1 128 1 2 queue8
stage -1.0 2.0 1.0 119.0 1.0 2.0 5.0 1 0.0 0.0
0
# 129
1 129 1 2 queue9
stage -1.0 2.0 3.0 29.0 1.0 2.0 2.0 1 0.0 0.0
0
# 130
1 130 1 2 queue0
stage -1.0 2.0 1.0 29.0 1.0 2.0 10.0 1 0.0 0.0
0
# 131
1 131 1 2 queue1
stage -1.0 2.0 2.0 29.0 1.0 2.0 4.0 1 0.0 0.0
0
# 132
1 132 1 2 queue2
stage -1.0 2.0 1.0 111.0 1.0 2.0 9.0 1 0.0 0.0
0
# 133
1 133 1 2 queue3
stage -1.0 2.0 15.0 104.0 1.0 2.0 4.0 1 0.0 0.0
0
# 134
1 134 1 3 queue4
stage -1.0 2.0 1.0 34.0 1.0 2.0 1.0 1 0.0 0.0
0
# 135
1 135 1 3 queue5
stage -1.0 2.0 2.0 7.0 1.0 2.0 2.0 1 0.0 0.0
0
# 136
1 136 1 3 queue6
stage -1.0 2.0 1.0 118.0 1.0 2.0 4.0 1 0.0 0.0
0
# 137
1 137 1 3 queue7
stage -1.0 2.0 5.0 118.0 1.0 2.0 5.0 1 0.0 0.0
0
# 138
1 138 1 3 queue8
stage -1.0 2.0 0.0 47.0 1.0 2.0 4.0 1 0.0 0.0
0
# 139
1 139 1 3 queue9
stage -1.0 10.7 1.0 47.0 1.0 2.0 14.0 1 0.0 0.0
0
# 140
1 140 1 3 queue0
stage -1.0 2.0 0.0 145.0 1.0 2.0 38.0 1 0.0 0.0
0
# 141
1 141 1 3 queue1
stage -1.0 24.4 29.0 1.0 1.0 2.0 1.0 1 0.0 0.0
0
# 142
1 142 1 3 queue2
stage -1.0 2.0 0.0 186.0 1.0 2.0 8.0 1 0.0 0.0
0
# 143
1 143 1 3 queue3
stage -1.0 2.0 1.0 185.0 1.0 2.0 10.0 1 0.0 0.0
0
# 144
1 144 1 3 queue4
stage -1.0 2.0 1.0 174.0 1.0 2.0 7.0 1 0.0 0.0
0
# 145
1 145 1 3 queue5
stage -1.0 2.0 1.0 116.0 1.0 2.0 8.0 1 0.0 0.0
0
# 146
1 146 1 3 queue6
stage -1.0 2.0 3.0 5.0 1.0 2.0 5.0 1 0.0 0.0
0
# 147
1 147 1 3 queue7
stage -1.0 2.7 5.0 16.0 1.0 2.0 1.0 1 0.0 0.0
0
# 148
1 148 1 3 queue8
stage -1.0 2.0 1.0 175.0 1.0 2.0 7.0 1 0.0 0.0
0
# 149
1 149 1 4 queue9
stage -1.0 2.0 1.0 147.0 1.0 2.0 10.0 1 0.0 0.0
0
# 150
1 150 1 4 queue0
stage -1.0 2.0 3.0 30.0 1.0 2.0 2.0 1 0.0 0.0
0
# 151
1 151 1 4 queue1
stage -1.0 2.0 1.0 30.0 1.0 2.0 1.0 1 0.0 0.0
0
# 152
1 152 1 4 queue2
stage -1.0 63.7 30.0 1.0 1.0 2.0 9.0 1 0.0 0.0
0
# 153
1 153 1 4 queue3
stage -1.0 64.0 33.0 1.0 1.0 2.0 1.0 1 0.0 0.0
0
# 154
1 154 1 4 queue4
stage -1.0 2.0 1.0 88.0 1.0 2.0 6.0 1 0.0 0.0
0
# 155
1 155 1 4 queue5
stage -1.0 2.0 0.0 3.0 1.0 2.0 1.0 1 0.0 0.0
0
# 156
1 156 1 4 queue6
stage -1.0 3.9 0.0 4.0 1.0 2.0 1.0 1 0.0 0.0
0
# 157
1 157 1 4 queue7
stage -1.0 29.5 15.0 3.0 1.0 2.0 4.0 1 0.0 0.0
0
# 158
1 158 1 4 queue8
stage -1.0 50.2 23.0 2.0 1.0 2.0 2.0 1 0.0 0.0
0
# 159
1 159 1 4 queue9
stage -1.0 2.0 1.0 30.0 1.0 2.0 1.0 1 0.0 0.0
0
# 160
1 160 1 4 queue0
stage -1.0 13.6 17.0 2.0 1.0 2.0 3.0 1 0.0 0.0
0
# 161
1 161 1 4 queue1
stage -1.0 2.0 2.0 88.0 1.0 2.0 3.0 1 0.0 0.0
0
# 162
1 162 1 4 queue2
stage -1.0 2.0 2.0 88.0 1.0 2.0 3.0 1 0.0 0.0
0
# 163
1 163 1 4 queue3
stage -1.0 2.0 0.0 11.0 1.0 2.0 1.0 1 0.0 0.0
0
# 164
1 164 1 4 queue4
stage -1.0 64.0 43.0 6.0 1.0 2.0 10.0 1 0.0 0.0
0
# 165
1 165 1 4 queue5
stage -1.0 2.0 15.0 6.0 1.0 2.0 2.0 1 0.0 0.0
0
# 166
1 166 1 4 queue6
stage -1.0 2.0 3.0 11.0 1.0 2.0 1.0 1 0.0 0.0
0
# 167
1 167 1 4 queue7
stage -1.0 51.3 24.0 6.0 1.0 2.0 7.0 1 0.0 0.0
0
# 168
1 168 1 5 queue8
stage -1.0 2.0 2.0 119.0 1.0 2.0 7.0 1 0.0 0.0
0
# 169
1 169 1 5 queue9
stage -1.0 62.8 32.0 1.0 1.0 2.0 1.0 1 0.0 0.0
0
# 170
1 170 1 5 queue0
stage -1.0 4.4 2.0 7.0 1.0 2.0 1.0 1 0.0 0.0
0
# 171
1 171 1 5 queue1
stage -1.0 59.6 12.0 7.0 1.0 2.0 190.0 1 0.0 0.0
0
# 172
1 172 1 5 queue2
stage -1.0 2.0 2.0 28.0 1.0 2.0 1.0 1 0.0 0.0
0
# 173
1 173 1 5 queue3
stage -1.0 2.0 2.0 28.0 1.0 2.0 1.0 1 0.0 0.0
0
# 174
1 174 1 5 queue4
stage -1.0 2.0 2.0 28.0 1.0 2.0 2.0 1 0.0 0.0
0
# 175
1 175 1 5 queue5
stage -1.0 64.0 30.0 1.0 1.0 2.0 2.0 1 0.0 0.0
0
# 176
1 176 1 5 queue6
stage -1.0 62.8 32.0 3.0 1.0 2.0 4.0 1 0.0 0.0
0
# 177
1 177 1 5 queue7
stage -1.0 10.6 1.0 1.0 1.0 2.0 2.0 1 0.0 0.0
0
# 178
1 178 1 5 queue8
stage -1.0 2.0 2.0 48.0 1.0 2.0 2.0 1 0.0 0.0
0
# 179
1 179 1 5 queue9
stage -1.0 2.0 2.0 48.0 1.0 2.0 3.0 1 0.0 0.0
0
# 180
1 180 1 5 queue0
stage -1.0 2.0 0.0 48.0 1.0 2.0 17.0 1 0.0 0.0
0
# 181
1 181 1 5 queue1
stage -1.0 2.0 0.0 48.0 1.0 2.0 7.0 1 0.0 0.0
0
# 182
1 182 1 5 queue2
stage -1.0 51.5 24.0 2.0 1.0 2.0 4.0 1 0.0 0.0
0
# 183
1 183 1 6 queue3
stage -1.0 2.0 2.0 176.0 1.0 2.0 7.0 1 0.0 0.0
0
# 184
1 184 1 6 queue4
stage -1.0 52.3 25.0 4.0 1.0 2.0 4.0 1 0.0 0.0
0
# 185
1 185 1 6 queue5
stage -1.0 9.6 1.0 3.0 1.0 2.0 3.0 1 0.0 0.0
0
# 186
1 186 1 6 queue6
stage -1.0 2.0 0.0 29.0 1.0 2.0 1.0 1 0.0 0.0
0
# 187
1 187 1 6 queue7
stage -1.0 2.0 0.0 29.0 1.0 2.0 1.0 1 0.0 0.0
0
# 188
1 188 1 6 queue8
stage -1.0 2.0 0.0 29.0 1.0 2.0 3.0 1 0.0 0.0
0
# 189
1 189 1 6 queue9
stage -1.0 2.0 0.0 29.0 1.0 2.0 2.0 1 0.0 0.0
0
# 190
1 190 1 6 queue0
stage -1.0 15.5 14.0 1.0 1.0 2.0 2.0 1 0.0 0.0
0
# 191
1 191 1 6 queue1
stage -1.0 2.0 3.0 83.0 1.0 2.0 9.0 1 0.0 0.0
0
# 192
1 192 1 6 queue2
stage -1.0 18.7 47.0 5.0 1.0 2.0 2.0 1 0.0 0.0
0
# 193
1 193 1 6 queue3
stage -1.0 2.0 1.0 83.0 1.0 2.0 5.0 1 0.0 0.0
0
# 194
1 194 1 6 queue4
stage -1.0 2.0 0.0 83.0 1.0 2.0 3.0 1 0.0 0.0
0
# 195
1 195 1 6 queue5
stage -1.0 2.0 0.0 83.0 1.0 2.0 6.0 1 0.0 0.0
0
# 196
1 196 1 6 queue6
stage -1.0 2.0 0.0 2.0 1.0 2.0 2.0 1 0.0 0.0
0
# 197
1 197 1 6 queue7
stage -1.0 2.0 10.0 83.0 1.0 2.0 4.0 1 0.0 0.0
0
# 198
1 198 1 6 queue8
stage -1.0 2.0 2.0 83.0 1.0 2.0 3.0 1 0.0 0.0
0
# 199
1 199 1 6 queue9
stage -1.0 2.0 2.0 83.0 1.0 2.0 6.0 1 0.0 0.0
0
# 200
1 200 1 6 queue0
stage -1.0 2.0 2.0 83.0 1.0 2.0 4.0 1 0.0 0.0
0
# 201
1 201 1 6 queue1
stage -1.0 51.8 24.0 1.0 1.0 2.0 1.0 1 0.0 0.0
0
# 202
1 202 1 6 queue2
stage -1.0 2.0 2.0 11.0 1.0 2.0 3.0 1 0.0 0.0
0
# 203
1 203 1 6 queue3
stage -1.0 31.6 20.0 33.0 1.0 2.0 23.0 1 0.0 0.0
0
# 204
1 204 1 6 queue4
stage -1.0 2.0 3.0 107.0 1.0 2.0 8.0 1 0.0 0.0
0
# 205
1 205 1 6 queue5
stage -1.0 2.0 3.0 165.0 1.0 2.0 60.0 1 0.0 0.0
0
# 206
1 206 1 6 queue6
stage -1.0 2.0 1.0 180.0 1.0 2.0 26.0 1 0.0 0.0
0
# 207
1 207 1 6 queue7
stage -1.0 2.0 1.0 159.0 1.0 2.0 13.0 1 0.0 0.0
0
# 208
1 208 1 6 queue8
stage -1.0 2.0 1.0 175.0 1.0 2.0 7.0 1 0.0 0.0
0
# 209
1 209 1 6 queue9
stage -1.0 2.0 0.0 138.0 1.0 2.0 5.0 1 0.0 0.0
0
# 210
1 210 1 6 queue0
stage -1.0 2.0 4.0 153.0 1.0 2.0 36.0 1 0.0 0.0
0
# 211
1 211 1 6 queue1
stage -1.0 2.0 4.0 165.0 1.0 2.0 6.0 1 0.0 0.0
0
# 212
1 212 1 6 queue2
stage -1.0 2.0 0.0 117.0 1.0 2.0 4.0 1 0.0 0.0
0
# 213
1 213 1 6 queue3
stage -1.0 2.0 0.0 36.0 1.0 2.0 3.0 1 0.0 0.0
0
# 214
1 214 1 6 queue4
stage -1.0 2.0 1.0 36.0 1.0 2.0 2.0 1 0.0 0.0
0
# 215
1 215 1 6 queue5
stage -1.0 2.0 1.0 36.0 1.0 2.0 9.0 1 0.0 0.0
0
# 216
1 216 1 6 queue6
stage -1.0 2.0 0.0 36.0 1.0 2.0 4.0 1 0.0 0.0
0
# 217
1 217 1 6 queue7
stage -1.0 2.0 2.0 36.0 1.0 2.0 2.0 1 0.0 0.0
0
# 218
1 218 1 6 queue8
stage -1.0 2.0 2.0 36.0 1.0 2.0 2.0 1 0.0 0.0
0
# 219
1 219 1 6 queue9
stage -1.0 2.0 0.0 36.0 1.0 2.0 1.0 1 0.0 0.0
0
# 220
1 220 1 6 queue0
stage -1.0 2.0 5.0 36.0 1.0 2.0 2.0 1 0.0 0.0
0
# 221
1 221 1 6 queue1
stage -1.0 2.0 0.0 36.0 1.0 2.0 33.0 1 0.0 0.0
0
# 222
1 222 1 6 queue2
stage -1.0 2.0 1.0 36.0 1.0 2.0 2.0 1 0.0 0.0
0
# 223
1 223 1 6 queue3
stage -1.0 2.0 9.0 36.0 1.0 2.0 1.0 1 0.0 0.0
0
# 224
1 224 1 6 queue4
stage -1.0 2.0 1.0 24.0 1.0 2.0 2.0 1 0.0 0.0
0
# 225
1 225 1 6 queue5
stage -1.0 2.0 4.0 36.0 1.0 2.0 2.0 1 0.0 0.0
0
# 226
1 226 1 6 queue6
stage -1.0 27.6 14.0 2.0 1.0 2.0 1.0 1 0.0 0.0
0
# 227
1 227 1 6 queue7
stage -1.0 35.1 18.0 1.0 1.0 2.0 5.0 1 0.0 0.0
0
# 228
1 228 1 7 queue8
stage -1.0 9.6 1.0 33.0 1.0 2.0 7.0 1 0.0 0.0
0
# 229
1 229 1 7 queue9
stage -1.0 2.0 2.0 33.0 1.0 2.0 2.0 1 0.0 0.0
0
# 230
1 230 1 7 queue0
stage -1.0 2.0 1.0 32.0 1.0 2.0 12.0 1 0.0 0.0
0
# 231
1 231 1 7 queue1
stage -1.0 2.0 0.0 8.0 1.0 2.0 1.0 1 0.0 0.0
0
# 232
1 232 1 7 queue2
stage -1.0 64.0 30.0 12.0 1.0 2.0 32.0 1 0.0 0.0
0
# 233
1 233 1 7 queue3
stage -1.0 64.0 33.0 2.0 1.0 2.0 2.0 1 0.0 0.0
0
# 234
1 234 1 7 queue4
stage -1.0 63.1 64.0 1.0 1.0 2.0 1.0 1 0.0 0.0
0
# 235
1 235 1 7 queue5
stage -1.0 2.0 0.0 6.0 1.0 2.0 1.0 1 0.0 0.0
0
# 236
1 236 1 7 queue6
stage -1.0 14.7 37.0 5.0 1.0 2.0 1.0 1 0.0 0.0
0
# 237
1 237 1 7 queue7
stage -1.0 2.0 3.0 46.0 1.0 2.0 2.0 1 0.0 0.0
0
# 238
1 238 1 7 queue8
stage -1.0 2.0 0.0 17.0 1.0 2.0 2.0 1 0.0 0.0
0
# 239
1 239 1 7 queue9
stage -1.0 53.5 25.0 17.0 1.0 2.0 25.0 1 0.0 0.0
0
# 240
1 240 1 7 queue0
stage -1.0 2.0 1.0 4.0 1.0 2.0 1.0 1 0.0 0.0
0
# 241
1 241 1 7 queue1
stage -1.0 2.0 1.0 12.0 1.0 2.0 1.0 1 0.0 0.0
0
# 242
1 242 1 7 queue2
stage -1.0 3.4 0.0 23.0 1.0 2.0 2.0 1 0.0 0.0
0
# 243
1 243 1 7 queue3
stage -1.0 2.0 0.0 22.0 1.0 2.0 1.0 1 0.0 0.0
0
# 244
1 244 1 8 queue4
stage -1.0 2.0 0.0 141.0 1.0 2.0 5.0 1 0.0 0.0
0
# 245
1 245 1 8 queue5
stage -1.0 2.0 0.0 145.0 1.0 2.0 10.0 1 0.0 0.0
0
# 246
1 246 1 8 queue6
stage -1.0 2.0 3.0 108.0 1.0 2.0 99.0 1 0.0 0.0
0
# 247
1 247 1 8 queue7
stage -1.0 2.0 0.0 171.0 1.0 2.0 9.0 1 0.0 0.0
0
# 248
1 248 1 8 queue8
stage -1.0 2.0 3.0 124.0 1.0 2.0 5.0 1 0.0 0.0
0
# 249
1 249 1 8 queue9
stage -1.0 2.0 1.0 37.0 1.0 2.0 2.0 1 0.0 0.0
0
# 250
1 250 1 8 queue0
stage -1.0 2.0 5.0 29.0 1.0 2.0 2.0 1 0.0 0.0
0
# 251
1 251 1 8 queue1
stage -1.0 49.6 24.0 4.0 1.0 2.0 4.0 1 0.0 0.0
0
# 252
1 252 1 8 queue2
stage -1.0 2.0 5.0 4.0 1.0 2.0 1.0 1 0.0 0.0
0
# 253
1 253 1 8 queue3
stage -1.0 2.0 0.0 63.0 1.0 2.0 3.0 1 0.0 0.0
0
# 254
1 254 1 8 queue4
stage -1.0 64.0 53.0 1.0 1.0 2.0 2.0 1 0.0 0.0
0
# 255
1 255 1 8 queue5
stage -1.0 7.0 6.0 8.0 1.0 2.0 10.0 1 0.0 0.0
0
# 256
1 256 1 8 queue6
stage -1.0 2.0 0.0 8.0 1.0 2.0 1.0 1 0.0 0.0
0
# 257
1 257 1 8 queue7
stage -1.0 2.0 13.0 26.0 1.0 2.0 2.0 1 0.0 0.0
0
# 258
1 258 1 8 queue8
stage -1.0 2.0 3.0 62.0 1.0 2.0 2.0 1 0.0 0.0
0
# 259
1 259 1 8 queue9
stage -1.0 2.0 3.0 62.0 1.0 2.0 2.0 1 0.0 0.0
0
# 260
1 260 1 8 queue0
stage -1.0 2.0 0.0 62.0 1.0 2.0 15.0 1 0.0 0.0
0
# 261
1 261 1 8 queue1
stage -1.0 2.0 1.0 62.0 1.0 2.0 2.0 1 0.0 0.0
0
# 262
1 262 1 8 queue2
stage -1.0 6.1 1.0 20.0 1.0 2.0 2.0 1 0.0 0.0
0
# 263
1 263 1 8 queue3
stage -1.0 2.0 1.0 15.0 1.0 2.0 1.0 1 0.0 0.0
0
# 264
1 264 1 8 queue4
stage -1.0 3.9 6.0 15.0 1.0 2.0 2.0 1 0.0 0.0
0
# 265
1 265 1 8 queue5
stage -1.0 2.0 5.0 15.0 1.0 2.0 4.0 1 0.0 0.0
0
# 266
1 266 1 8 queue6
stage -1.0 51.8 25.0 72.0 1.0 2.0 193.0 1 0.0 0.0
0
# 267
1 267 1 8 queue7
stage -1.0 2.0 5.0 72.0 1.0 2.0 3.0 1 0.0 0.0
0
# 268
1 268 1 8 queue8
stage -1.0 2.0 0.0 196.0 1.0 2.0 11.0 1 0.0 0.0
0
# 269
1 269 1 8 queue9
stage -1.0 2.0 5.0 195.0 1.0 2.0 7.0 1 0.0 0.0
0
# 270
1 270 1 8 queue0
stage -1.0 33.2 24.0 195.0 1.0 2.0 125.0 1 0.0 0.0
0
# 271
1 271 1 8 queue1
stage -1.0 2.0 2.0 3.0 1.0 2.0 3.0 1 0.0 0.0
0
# 272
1 272 1 8 queue2
stage -1.0 2.0 0.0 77.0 1.0 2.0 4.0 1 0.0 0.0
0
# 273
1 273 1 9 queue3
stage -1.0 64.0 126.0 1.0 1.0 2.0 1.0 1 0.0 0.0
0
# 274
1 274 1 9 queue4
stage -1.0 64.0 195.0 1.0 1.0 2.0 2.0 1 0.0 0.0
0
# 275
1 275 1 9 queue5
stage -1.0 64.0 33.0 1.0 1.0 2.0 2.0 1 0.0 0.0
0
# 276
1 276 1 9 queue6
stage -1.0 64.0 30.0 1.0 1.0 2.0 1.0 1 0.0 0.0
0
# 277
1 277 1 9 queue7
stage -1.0 9.3 4.0 4.0 1.0 2.0 5.0 1 0.0 0.0
0
# 278
1 278 1 9 queue8
stage -1.0 62.4 63.0 1.0 1.0 2.0 1.0 1 0.0 0.0
0
# 279
1 279 1 9 queue9
stage -1.0 3.8 0.0 11.0 1.0 2.0 1.0 1 0.0 0.0
0
# 280
1 280 1 9 queue0
stage -1.0 3.8 0.0 11.0 1.0 2.0 7.0 1 0.0 0.0
0
# 281
1 281 1 9 queue1
stage -1.0 2.0 0.0 15.0 1.0 2.0 2.0 1 0.0 0.0
0
# 282
1 282 1 9 queue2
stage -1.0 2.0 1.0 15.0 1.0 2.0 1.0 1 0.0 0.0
0
# 283
1 283 1 9 queue3
stage -1.0 2.0 1.0 48.0 1.0 2.0 2.0 1 0.0 0.0
0
# 284
1 284 1 9 queue4
stage -1.0 64.0 31.0 5.0 1.0 2.0 6.0 1 0.0 0.0
0
# 285
1 285 1 9 queue5
stage -1.0 2.0 1.0 5.0 1.0 2.0 1.0 1 0.0 0.0
0
# 286
1 286 1 9 queue6
stage -1.0 2.0 1.0 47.0 1.0 2.0 2.0 1 0.0 0.0
0
# 287
1 287 1 9 queue7
stage -1.0 2.0 2.0 47.0 1.0 2.0 2.0 1 0.0 0.0
0
# 288
1 288 1 9 queue8
stage -1.0 2.0 1.0 47.0 1.0 2.0 4.0 1 0.0 0.0
0
# 289
1 289 1 9 queue9
stage -1.0 2.0 4.0 47.0 1.0 2.0 3.0 1 0.0 0.0
0
# 290
1 290 1 9 queue0
stage -1.0 2.0 1.0 162.0 1.0 2.0 42.0 1 0.0 0.0
0
# 291
1 291 1 9 queue1
stage -1.0 3.2 1.0 8.0 1.0 2.0 1.0 1 0.0 0.0
0
# 292
1 292 1 10 queue2
stage -1.0 2.0 1.0 143.0 1.0 2.0 6.0 1 0.0 0.0
0
# 293
1 293 1 10 queue3
stage -1.0 2.0 1.0 192.0 1.0 2.0 11.0 1 0.0 0.0
0
# 294
1 294 1 10 queue4
stage -1.0 3.2 1.0 195.0 1.0 2.0 12.0 1 0.0 0.0
0
# 295
1 295 1 10 queue5
stage -1.0 62.5 64.0 1.0 1.0 2.0 2.0 1 0.0 0.0
0
# 296
1 296 1 10 queue6
stage -1.0 2.0 2.0 4.0 1.0 2.0 4.0 1 0.0 0.0
0
# 297
1 297 1 10 queue7
stage -1.0 52.0 25.0 1.0 1.0 2.0 1.0 1 0.0 0.0
0
# 298
1 298 1 10 queue8
stage -1.0 2.0 10.0 108.0 1.0 2.0 4.0 1 0.0 0.0
0
# 299
1 299 1 10 queue9
stage -1.0 2.0 1.0 108.0 1.0 2.0 7.0 1 0.0 0.0
0
# 300
1 300 1 10 queue0
stage -1.0 2.0 0.0 108.0 1.0 2.0 6.0 1 0.0 0.0
0
# 301
1 301 1 10 queue1
stage -1.0 64.0 69.0 1.0 1.0 2.0 1.0 1 0.0 0.0
0
# 302
1 302 1 10 queue2
stage -1.0 2.0 1.0 4.0 1.0 2.0 1.0 1 0.0 0.0
0
# 303
1 303 1 10 queue3
stage -1.0 2.0 1.0 67.0 1.0 2.0 3.0 1 0.0 0.0
0
# 304
1 304 1 10 queue4
stage -1.0 62.4 16.0 3.0 1.0 2.0 7.0 1 0.0 0.0
0
# 305
1 305 1 10 queue5
stage -1.0 2.0 1.0 4.0 1.0 2.0 1.0 1 0.0 0.0
0
# 306
1 306 1 10 queue6
stage -1.0 2.0 2.0 136.0 1.0 2.0 20.0 1 0.0 0.0
0
# 307
1 307 1 10 queue7
stage -1.0 2.0 0.0 37.0 1.0 2.0 3.0 1 0.0 0.0
0
# 308
1 308 1 10 queue8
stage -1.0 2.0 2.0 145.0 1.0 2.0 6.0 1 0.0 0.0
0
# 309
1 309 1 11 queue9
stage -1.0 64.0 33.0 2.0 1.0 2.0 2.0 1 0.0 0.0
0
# 310
1 310 1 11 queue0
stage -1.0 2.0 2.0 5.0 1.0 2.0 1.0 1 0.0 0.0
0
# 311
1 311 1 11 queue1
stage -1.0 2.0 0.0 147.0 1.0 2.0 5.0 1 0.0 0.0
0
# 312
1 312 1 11 queue2
stage -1.0 53.4 26.0 1.0 1.0 2.0 1.0 1 0.0 0.0
0
# 313
1 313 1 11 queue3
stage -1.0 2.0 1.0 23.0 1.0 2.0 2.0 1 0.0 0.0
0
# 314
1 314 1 11 queue4
stage -1.0 2.0 2.0 23.0 1.0 2.0 1.0 1 0.0 0.0
0
# 315
1 315 1 11 queue5
stage -1.0 2.0 0.0 23.0 1.0 2.0 6.0 1 0.0 0.0
0
# 316
1 316 1 11 queue6
stage -1.0 2.0 2.0 10.0 1.0 2.0 1.0 1 0.0 0.0
0
# 317
1 317 1 11 queue7
stage -1.0 58.2 59.0 1.0 1.0 2.0 1.0 1 0.0 0.0
0
# 318
1 318 1 11 queue8
stage -1.0 2.0 2.0 122.0 1.0 2.0 7.0 1 0.0 0.0
0
# 319
1 319 1 11 queue9
stage -1.0 62.6 64.0 1.0 1.0 2.0 1.0 1 0.0 0.0
0
# 320
1 320 1 11 queue0
stage -1.0 2.0 3.0 17.0 1.0 2.0 1.0 1 0.0 0.0
0
# 321
1 321 1 11 queue1
stage -1.0 2.0 0.0 16.0 1.0 2.0 15.0 1 0.0 0.0
0
# 322
1 322 1 11 queue2
stage -1.0 2.0 1.0 25.0 1.0 2.0 1.0 1 0.0 0.0
0
# 323
1 323 1 11 queue3
stage -1.0 50.1 24.0 1.0 1.0 2.0 1.0 1 0.0 0.0
0
# 324
1 324 1 11 queue4
stage -1.0 2.0 0.0 107.0 1.0 2.0 7.0 1 0.0 0.0
0
# 325
1 325 1 11 queue5
stage -1.0 2.0 0.0 21.0 1.0 2.0 1.0 1 0.0 0.0
0
# 326
1 326 1 12 queue6
stage -1.0 54.0 23.0 21.0 1.0 2.0 25.0 1 0.0 0.0
0
# 327
1 327 1 12 queue7
stage -1.0 2.0 2.0 7.0 1.0 2.0 2.0 1 0.0 0.0
0
# 328
1 328 1 12 queue8
stage -1.0 2.0 1.0 24.0 1.0 2.0 1.0 1 0.0 0.0
0
# 329
1 329 1 12 queue9
stage -1.0 2.0 0.0 24.0 1.0 2.0 2.0 1 0.0 0.0
0
# 330
1 330 1 12 queue0
stage -1.0 3.2 1.0 2.0 1.0 2.0 1.0 1 0.0 0.0
0
# 331
1 331 1 12 queue1
stage -1.0 2.0 1.0 8.0 1.0 2.0 1.0 1 0.0 0.0
0
# 332
1 332 1 13 queue2
stage -1.0 61.2 27.0 1.0 1.0 2.0 3.0 1 0.0 0.0
0
# 333
1 333 1 13 queue3
stage -1.0 2.0 1.0 125.0 1.0 2.0 5.0 1 0.0 0.0
0
# 334
1 334 1 13 queue4
stage -1.0 2.0 1.0 125.0 1.0 2.0 5.0 1 0.0 0.0
0
# 335
1 335 1 13 queue5
stage -1.0 2.0 1.0 125.0 1.0 2.0 30.0 1 0.0 0.0
0
# 336
1 336 1 13 queue6
stage -1.0 2.0 1.0 36.0 1.0 2.0 1.0 1 0.0 0.0
0
# 337
1 337 1 13 queue7
stage -1.0 64.0 19.0 2.0 1.0 2.0 2.0 1 0.0 0.0
0
# 338
1 338 1 13 queue8
stage -1.0 2.0 1.0 13.0 1.0 2.0 1.0 1 0.0 0.0
0
# 339
1 339 1 13 queue9
stage -1.0 2.0 2.0 34.0 1.0 2.0 2.0 1 0.0 0.0
0
# 340
1 340 1 13 queue0
stage -1.0 2.0 3.0 12.0 1.0 2.0 3.0 1 0.0 0.0
0
# 341
1 341 1 13 queue1
stage -1.0 2.0 2.0 34.0 1.0 2.0 4.0 1 0.0 0.0
0
# 342
1 342 1 13 queue2
stage -1.0 62.6 64.0 1.0 1.0 2.0 1.0 1 0.0 0.0
0
# 343
1 343 1 13 queue3
stage -1.0 52.9 25.0 2.0 1.0 2.0 3.0 1 0.0 0.0
0
# 344
1 344 1 14 queue4
stage -1.0 64.0 11.0 1.0 1.0 2.0 1.0 1 0.0 0.0
0
# 345
1 345 1 14 queue5
stage -1.0 2.0 3.0 46.0 1.0 2.0 3.0 1 0.0 0.0
0
# 346
1 346 1 14 queue6
stage -1.0 2.0 1.0 2.0 1.0 2.0 2.0 1 0.0 0.0
0
# 347
1 347 1 14 queue7
stage -1.0 2.0 1.0 46.0 1.0 2.0 2.0 1 0.0 0.0
0
# 348
1 348 1 14 queue8
stage -1.0 3.4 0.0 46.0 1.0 2.0 3.0 1 0.0 0.0
0
# 349
1 349 1 14 queue9
stage -1.0 3.4 0.0 46.0 1.0 2.0 5.0 1 0.0 0.0
0
# 350
1 350 1 14 queue0
stage -1.0 2.0 0.0 41.0 1.0 2.0 2.0 1 0.0 0.0
0
# 351
1 351 1 14 queue1
stage -1.0 2.0 1.0 57.0 1.0 2.0 3.0 1 0.0 0.0
0
# 352
1 352 1 14 queue2
stage -1.0 2.0 1.0 57.0 1.0 2.0 16.0 1 0.0 0.0
0
# 353
1 353 1 14 queue3
stage -1.0 2.0 1.0 57.0 1.0 2.0 2.0 1 0.0 0.0
0
# 354
1 354 1 14 queue4
stage -1.0 2.0 0.0 57.0 1.0 2.0 4.0 1 0.0 0.0
0
# 355
1 355 1 14 queue5
stage -1.0 2.0 1.0 57.0 1.0 2.0 21.0 1 0.0 0.0
0
# 356
1 356 1 14 queue6
stage -1.0 2.0 1.0 57.0 1.0 2.0 8.0 1 0.0 0.0
0
# 357
1 357 1 14 queue7
stage -1.0 2.0 0.0 57.0 1.0 2.0 5.0 1 0.0 0.0
0
# 358
1 358 1 14 queue8
stage -1.0 2.0 15.0 56.0 1.0 2.0 2.0 1 0.0 0.0
0
# 359
1 359 1 14 queue9
stage -1.0 2.0 1.0 56.0 1.0 2.0 2.0 1 0.0 0.0
0
# 360
1 360 1 14 queue0
stage -1.0 2.0 1.0 56.0 1.0 2.0 13.0 1 0.0 0.0
0
# 361
1 361 1 14 queue1
stage -1.0 2.0 1.0 56.0 1.0 2.0 2.0 1 0.0 0.0
0
# 362
1 362 1 14 queue2
stage -1.0 2.0 5.0 82.0 1.0 2.0 3.0 1 0.0 0.0
0
# 363
1 363 1 14 queue3
stage -1.0 2.0 1.0 82.0 1.0 2.0 8.0 1 0.0 0.0
0
# 364
1 364 1 14 queue4
stage -1.0 2.0 15.0 81.0 1.0 2.0 4.0 1 0.0 0.0
0
# 365
1 365 1 14 queue5
stage -1.0 2.0 1.0 18.0 1.0 2.0 5.0 1 0.0 0.0
0
# 366
1 366 1 14 queue6
stage -1.0 64.0 33.0 2.0 1.0 2.0 7.0 1 0.0 0.0
0
# 367
1 367 1 14 queue7
stage -1.0 64.0 33.0 2.0 1.0 2.0 3.0 1 0.0 0.0
0
# 368
1 368 1 14 queue8
stage -1.0 49.7 24.0 1.0 1.0 2.0 1.0 1 0.0 0.0
0
# 369
1 369 1 15 queue9
stage -1.0 2.0 0.0 187.0 1.0 2.0 7.0 1 0.0 0.0
0
# 370
1 370 1 15 queue0
stage -1.0 2.0 2.0 143.0 1.0 2.0 10.0 1 0.0 0.0
0
# 371
1 371 1 15 queue1
stage -1.0 2.0 1.0 153.0 1.0 2.0 140.0 1 0.0 0.0
0
# 372
1 372 1 15 queue2
stage -1.0 2.0 1.0 199.0 1.0 2.0 10.0 1 0.0 0.0
0
# 373
1 373 1 15 queue3
stage -1.0 2.0 1.0 166.0 1.0 2.0 7.0 1 0.0 0.0
0
# 374
1 374 1 15 queue4
stage -1.0 2.0 0.0 184.0 1.0 2.0 12.0 1 0.0 0.0
0
# 375
1 375 1 15 queue5
stage -1.0 2.0 15.0 121.0 1.0 2.0 6.0 1 0.0 0.0
0
# 376
1 376 1 15 queue6
stage -1.0 3.8 4.0 169.0 1.0 2.0 14.0 1 0.0 0.0
0
# 377
1 377 1 15 queue7
stage -1.0 2.0 2.0 147.0 1.0 2.0 42.0 1 0.0 0.0
0
# 378
1 378 1 15 queue8
stage -1.0 2.0 1.0 183.0 1.0 2.0 8.0 1 0.0 0.0
0
# 379
1 379 1 15 queue9
stage -1.0 2.0 15.0 160.0 1.0 2.0 11.0 1 0.0 0.0
0
# 380
1 380 1 15 queue0
stage -1.0 2.0 1.0 160.0 1.0 2.0 58.0 1 0.0 0.0
0
# 381
1 381 1 15 queue1
stage -1.0 2.0 1.0 160.0 1.0 2.0 24.0 1 0.0 0.0
0
# 382
1 382 1 15 queue2
stage -1.0 2.0 15.0 160.0 1.0 2.0 13.0 1 0.0 0.0
0
# 383
1 383 1 15 queue3
stage -1.0 2.0 1.0 160.0 1.0 2.0 6.0 1 0.0 0.0
0
# 384
1 384 1 15 queue4
stage -1.0 2.0 0.0 160.0 1.0 2.0 6.0 1 0.0 0.0
0
# 385
1 385 1 15 queue5
stage -1.0 2.0 0.0 160.0 1.0 2.0 38.0 1 0.0 0.0
0
# 386
1 386 1 15 queue6
stage -1.0 2.0 1.0 160.0 1.0 2.0 6.0 1 0.0 0.0
0
# 387
1 387 1 15 queue7
stage -1.0 2.0 1.0 160.0 1.0 2.0 6.0 1 0.0 0.0
0
# 388
1 388 1 15 queue8
stage -1.0 2.0 1.0 160.0 1.0 2.0 15.0 1 0.0 0.0
0
# 389
1 389 1 15 queue9
stage -1.0 2.0 1.0 160.0 1.0 2.0 9.0 1 0.0 0.0
0
# 390
1 390 1 15 queue0
stage -1.0 2.0 1.0 140.0 1.0 2.0 36.0 1 0.0 0.0
0
# 391
1 391 1 15 queue1
stage -1.0 2.0 1.0 174.0 1.0 2.0 18.0 1 0.0 0.0
0
# 392
1 392 1 15 queue2
stage -1.0 2.0 15.0 135.0 1.0 2.0 6.0 1 0.0 0.0
0
# 393
1 393 1 15 queue3
stage -1.0 52.6 25.0 2.0 1.0 2.0 3.0 1 0.0 0.0
0
# 394
1 394 1 15 queue4
stage -1.0 2.0 4.0 43.0 1.0 2.0 2.0 1 0.0 0.0
0
# 395
1 395 1 15 queue5
stage -1.0 2.0 1.0 160.0 1.0 2.0 11.0 1 0.0 0.0
0
# 396
1 396 1 15 queue6
stage -1.0 2.0 0.0 42.0 1.0 2.0 38.0 1 0.0 0.0
0
# 397
1 397 1 15 queue7
stage -1.0 2.0 2.0 42.0 1.0 2.0 2.0 1 0.0 0.0
0
# 398
1 398 1 15 queue8
stage -1.0 2.5 0.0 22.0 1.0 2.0 1.0 1 0.0 0.0
0
# 399
1 399 1 15 queue9
stage -1.0 2.0 0.0 38.0 1.0 2.0 3.0 1 0.0 0.0
0
# 400
1 400 1 15 queue0
stage -1.0 2.0 15.0 38.0 1.0 2.0 2.0 1 0.0 0.0
0
# 401
1 401 1 16 queue1
stage -1.0 26.2 27.0 3.0 1.0 2.0 2.0 1 0.0 0.0
0
# 402
1 402 1 16 queue2
stage -1.0 2.0 0.0 13.0 1.0 2.0 4.0 1 0.0 0.0
0
# 403
1 403 1 16 queue3
stage -1.0 62.4 64.0 2.0 1.0 2.0 3.0 1 0.0 0.0
0
# 404
1 404 1 16 queue4
stage -1.0 2.0 1.0 19.0 1.0 2.0 1.0 1 0.0 0.0
0
# 405
1 405 1 16 queue5
stage -1.0 4.9 4.0 19.0 1.0 2.0 17.0 1 0.0 0.0
0
# 406
1 406 1 16 queue6
stage -1.0 6.2 6.0 10.0 1.0 2.0 5.0 1 0.0 0.0
0
# 407
1 407 1 16 queue7
stage -1.0 6.1 2.0 10.0 1.0 2.0 3.0 1 0.0 0.0
0
# 408
1 408 1 16 queue8
stage -1.0 50.0 24.0 3.0 1.0 2.0 3.0 1 0.0 0.0
0
# 409
1 409 1 16 queue9
stage -1.0 64.0 11.0 1.0 1.0 2.0 1.0 1 0.0 0.0
0
# 410
1 410 1 16 queue0
stage -1.0 12.7 3.0 1.0 1.0 2.0 2.0 1 0.0 0.0
0
# 411
1 411 1 16 queue1
stage -1.0 2.0 0.0 41.0 1.0 2.0 1.0 1 0.0 0.0
0
# 412
1 412 1 16 queue2
stage -1.0 2.0 0.0 131.0 1.0 2.0 5.0 1 0.0 0.0
0
# 413
1 413 1 17 queue3
stage -1.0 2.0 1.0 13.0 1.0 2.0 1.0 1 0.0 0.0
0
# 414
1 414 1 17 queue4
stage -1.0 2.0 1.0 21.0 1.0 2.0 1.0 1 0.0 0.0
0
# 415
1 415 1 17 queue5
stage -1.0 12.5 11.0 1.0 1.0 2.0 2.0 1 0.0 0.0
0
# 416
1 416 1 17 queue6
stage -1.0 2.0 0.0 13.0 1.0 2.0 1.0 1 0.0 0.0
0
# 417
1 417 1 17 queue7
stage -1.0 2.0 1.0 30.0 1.0 2.0 1.0 1 0.0 0.0
0
# 418
1 418 1 17 queue8
stage -1.0 56.7 23.0 1.0 1.0 2.0 2.0 1 0.0 0.0
0
# 419
1 419 1 17 queue9
stage -1.0 2.0 0.0 30.0 1.0 2.0 1.0 1 0.0 0.0
0
# 420
1 420 1 17 queue0
stage -1.0 2.0 1.0 30.0 1.0 2.0 2.0 1 0.0 0.0
0
# 421
1 421 1 17 queue1
stage -1.0 2.0 1.0 2.0 1.0 2.0 2.0 1 0.0 0.0
0
# 422
1 422 1 17 queue2
stage -1.0 2.0 0.0 125.0 1.0 2.0 6.0 1 0.0 0.0
0
# 423
1 423 1 18 queue3
stage -1.0 2.0 0.0 37.0 1.0 2.0 2.0 1 0.0 0.0
0
# 424
1 424 1 18 queue4
stage -1.0 2.0 2.0 37.0 1.0 2.0 2.0 1 0.0 0.0
0
# 425
1 425 1 18 queue5
stage -1.0 2.0 5.0 37.0 1.0 2.0 2.0 1 0.0 0.0
0
# 426
1 426 1 18 queue6
stage -1.0 2.0 0.0 37.0 1.0 2.0 2.0 1 0.0 0.0
0
# 427
1 427 1 18 queue7
stage -1.0 2.0 1.0 7.0 1.0 2.0 2.0 1 0.0 0.0
0
# 428
1 428 1 18 queue8
stage -1.0 64.0 33.0 16.0 1.0 2.0 22.0 1 0.0 0.0
0
# 429
1 429 1 18 queue9
stage -1.0 59.1 25.0 1.0 1.0 2.0 2.0 1 0.0 0.0
0
# 430
1 430 1 18 queue0
stage -1.0 2.0 1.0 7.0 1.0 2.0 3.0 1 0.0 0.0
0
# 431
1 431 1 18 queue1
stage -1.0 2.0 1.0 13.0 1.0 2.0 2.0 1 0.0 0.0
0
# 432
1 432 1 18 queue2
stage -1.0 2.0 4.0 13.0 1.0 2.0 1.0 1 0.0 0.0
0
# 433
1 433 1 18 queue3
stage -1.0 62.8 32.0 1.0 1.0 2.0 1.0 1 0.0 0.0
0
# 434
1 434 1 18 queue4
stage -1.0 24.6 25.0 10.0 1.0 2.0 5.0 1 0.0 0.0
0
# 435
1 435 1 18 queue5
stage -1.0 2.0 15.0 10.0 1.0 2.0 2.0 1 0.0 0.0
0
# 436
1 436 1 18 queue6
stage -1.0 7.5 3.0 24.0 1.0 2.0 3.0 1 0.0 0.0
0
# 437
1 437 1 18 queue7
stage -1.0 54.7 29.0 1.0 1.0 2.0 1.0 1 0.0 0.0
0
# 438
1 438 1 18 queue8
stage -1.0 2.0 1.0 155.0 1.0 2.0 14.0 1 0.0 0.0
0
# 439
1 439 1 18 queue9
stage -1.0 6.3 6.0 150.0 1.0 2.0 26.0 1 0.0 0.0
0
# 440
1 440 1 18 queue0
stage -1.0 2.0 2.0 6.0 1.0 2.0 2.0 1 0.0 0.0
0
# 441
1 441 1 18 queue1
stage -1.0 64.0 11.0 6.0 1.0 2.0 20.0 1 0.0 0.0
0
# 442
1 442 1 18 queue2
stage -1.0 62.6 32.0 1.0 1.0 2.0 1.0 1 0.0 0.0
0
# 443
1 443 1 18 queue3
stage -1.0 2.0 1.0 192.0 1.0 2.0 11.0 1 0.0 0.0
0
# 444
1 444 1 18 queue4
stage -1.0 2.0 0.0 177.0 1.0 2.0 7.0 1 0.0 0.0
0
# 445
1 445 1 18 queue5
stage -1.0 31.4 14.0 2.0 1.0 2.0 2.0 1 0.0 0.0
0
# 446
1 446 1 18 queue6
stage -1.0 2.0 4.0 2.0 1.0 2.0 2.0 1 0.0 0.0
0
# 447
1 447 1 18 queue7
stage -1.0 2.0 0.0 35.0 1.0 2.0 2.0 1 0.0 0.0
0
# 448
1 448 1 18 queue8
stage -1.0 2.0 0.0 35.0 1.0 2.0 1.0 1 0.0 0.0
0
# 449
1 449 1 18 queue9
stage -1.0 2.0 1.0 35.0 1.0 2.0 2.0 1 0.0 0.0
0
# 450
1 450 1 19 queue0
stage -1.0 2.0 1.0 168.0 1.0 2.0 9.0 1 0.0 0.0
0
# 451
1 451 1 19 queue1
stage -1.0 2.0 1.0 35.0 1.0 2.0 2.0 1 0.0 0.0
0
# 452
1 452 1 19 queue2
stage -1.0 2.0 1.0 6.0 1.0 2.0 2.0 1 0.0 0.0
0
# 453
1 453 1 19 queue3
stage -1.0 2.0 0.0 38.0 1.0 2.0 2.0 1 0.0 0.0
0
# 454
1 454 1 19 queue4
stage -1.0 2.0 2.0 27.0 1.0 2.0 2.0 1 0.0 0.0
0
# 455
1 455 1 19 queue5
stage -1.0 2.0 1.0 7.0 1.0 2.0 3.0 1 0.0 0.0
0
# 456
1 456 1 19 queue6
stage -1.0 2.0 31.0 27.0 1.0 2.0 4.0 1 0.0 0.0
0
# 457
1 457 1 19 queue7
stage -1.0 47.2 8.0 1.0 1.0 2.0 2.0 1 0.0 0.0
0
# 458
1 458 1 19 queue8
stage -1.0 2.0 0.0 60.0 1.0 2.0 2.0 1 0.0 0.0
0
# 459
1 459 1 19 queue9
stage -1.0 2.0 0.0 60.0 1.0 2.0 2.0 1 0.0 0.0
0
# 460
1 460 1 19 queue0
stage -1.0 2.5 0.0 60.0 1.0 2.0 18.0 1 0.0 0.0
0
# 461
1 461 1 19 queue1
stage -1.0 2.0 4.0 31.0 1.0 2.0 1.0 1 0.0 0.0
0
# 462
1 462 1 19 queue2
stage -1.0 64.0 95.0 1.0 1.0 2.0 1.0 1 0.0 0.0
0
# 463
1 463 1 19 queue3
stage -1.0 27.5 14.0 1.0 1.0 2.0 1.0 1 0.0 0.0
0
# 464
1 464 1 20 queue4
stage -1.0 2.0 2.0 38.0 1.0 2.0 2.0 1 0.0 0.0
0
# 465
1 465 1 20 queue5
stage -1.0 2.0 2.0 5.0 1.0 2.0 1.0 1 0.0 0.0
0
# 466
1 466 1 20 queue6
stage -1.0 2.0 1.0 11.0 1.0 2.0 1.0 1 0.0 0.0
0
# 467
1 467 1 20 queue7
stage -1.0 61.4 63.0 1.0 1.0 2.0 1.0 1 0.0 0.0
0
# 468
1 468 1 20 queue8
stage -1.0 2.0 0.0 25.0 1.0 2.0 1.0 1 0.0 0.0
0
# 469
1 469 1 20 queue9
stage -1.0 2.0 0.0 109.0 1.0 2.0 4.0 1 0.0 0.0
0
# 470
1 470 1 20 queue0
stage -1.0 2.0 5.0 185.0 1.0 2.0 13.0 1 0.0 0.0
0
# 471
1 471 1 20 queue1
stage -1.0 2.0 7.0 117.0 1.0 2.0 107.0 1 0.0 0.0
0
# 472
1 472 1 20 queue2
stage -1.0 2.0 1.0 62.0 1.0 2.0 3.0 1 0.0 0.0
0
# 473
1 473 1 20 queue3
stage -1.0 2.0 0.0 62.0 1.0 2.0 3.0 1 0.0 0.0
0
# 474
1 474 1 20 queue4
stage -1.0 2.0 5.0 62.0 1.0 2.0 4.0 1 0.0 0.0
0
# 475
1 475 1 20 queue5
stage -1.0 62.6 32.0 1.0 1.0 2.0 2.0 1 0.0 0.0
0
# 476
1 476 1 20 queue6
stage -1.0 62.6 32.0 1.0 1.0 2.0 1.0 1 0.0 0.0
0
# 477
1 477 1 20 queue7
stage -1.0 2.0 0.0 22.0 1.0 2.0 6.0 1 0.0 0.0
0
# 478
1 478 1 21 queue8
stage -1.0 12.7 3.0 21.0 1.0 2.0 6.0 1 0.0 0.0
0
# 479
1 479 1 21 queue9
stage -1.0 54.5 29.0 2.0 1.0 2.0 4.0 1 0.0 0.0
0
# 480
1 480 1 21 queue0
stage -1.0 19.1 5.0 1.0 1.0 2.0 3.0 1 0.0 0.0
0
# 481
1 481 1 21 queue1
stage -1.0 7.5 3.0 2.0 1.0 2.0 1.0 1 0.0 0.0
0
# 482
1 482 1 21 queue2
stage -1.0 2.0 0.0 14.0 1.0 2.0 1.0 1 0.0 0.0
0
# 483
1 483 1 21 queue3
stage -1.0 35.0 18.0 3.0 1.0 2.0 2.0 1 0.0 0.0
0
# 484
1 484 1 22 queue4
stage -1.0 2.0 0.0 146.0 1.0 2.0 5.0 1 0.0 0.0
0
# 485
1 485 1 22 queue5
stage -1.0 2.0 2.0 47.0 1.0 2.0 11.0 1 0.0 0.0
0
# 486
1 486 1 22 queue6
stage -1.0 2.0 0.0 125.0 1.0 2.0 5.0 1 0.0 0.0
0
# 487
1 487 1 22 queue7
stage -1.0 2.0 1.0 107.0 1.0 2.0 4.0 1 0.0 0.0
0
# 488
1 488 1 22 queue8
stage -1.0 2.0 0.0 125.0 1.0 2.0 11.0 1 0.0 0.0
0
# 489
1 489 1 22 queue9
stage -1.0 2.0 1.0 106.0 1.0 2.0 6.0 1 0.0 0.0
0
# 490
1 490 1 22 queue0
stage -1.0 2.0 2.0 4.0 1.0 2.0 1.0 1 0.0 0.0
0
# 491
1 491 1 22 queue1
stage -1.0 60.8 62.0 2.0 1.0 2.0 6.0 1 0.0 0.0
0
# 492
1 492 1 22 queue2
stage -1.0 2.0 1.0 47.0 1.0 2.0 2.0 1 0.0 0.0
0
# 493
1 493 1 22 queue3
stage -1.0 2.0 1.0 47.0 1.0 2.0 3.0 1 0.0 0.0
0
# 494
1 494 1 22 queue4
stage -1.0 2.0 1.0 47.0 1.0 2.0 2.0 1 0.0 0.0
0
# 495
1 495 1 22 queue5
stage -1.0 2.0 1.0 47.0 1.0 2.0 3.0 1 0.0 0.0
0
# 496
1 496 1 22 queue6
stage -1.0 2.0 15.0 2.0 1.0 2.0 2.0 1 0.0 0.0
0
# 497
1 497 1 22 queue7
stage -1.0 64.0 265.0 1.0 1.0 2.0 2.0 1 0.0 0.0
0
# 498
1 498 1 22 queue8
stage -1.0 64.0 265.0 1.0 1.0 2.0 1.0 1 0.0 0.0
0
# 499
1 499 1 22 queue9
stage -1.0 34.3 17.0 4.0 1.0 2.0 5.0 1 0.0 0.0
0
# 500
1 500 1 22 queue0
stage -1.0 2.0 1.0 100.0 1.0 2.0 5.0 1 0.0 0.0
0
# 501
1 501 1 22 queue1
stage -1.0 2.0 3.0 192.0 1.0 2.0 9.0 1 0.0 0.0
0
# 502
1 502 1 22 queue2
stage -1.0 2.0 1.0 156.0 1.0 2.0 45.0 1 0.0 0.0
0
# 503
1 503 1 22 queue3
stage -1.0 64.0 27.0 3.0 1.0 2.0 4.0 1 0.0 0.0
0
# 504
1 504 1 22 queue4
stage -1.0 2.0 13.0 189.0 1.0 2.0 14.0 1 0.0 0.0
0
# 505
1 505 1 22 queue5
stage -1.0 2.0 0.0 104.0 1.0 2.0 38.0 1 0.0 0.0
0
# 506
1 506 1 22 queue6
stage -1.0 2.0 0.0 200.0 1.0 2.0 29.0 1 0.0 0.0
0
# 507
1 507 1 22 queue7
stage -1.0 2.0 15.0 123.0 1.0 2.0 10.0 1 0.0 0.0
0
# 508
1 508 1 22 queue8
stage -1.0 2.0 1.0 118.0 1.0 2.0 5.0 1 0.0 0.0
0
# 509
1 509 1 22 queue9
stage -1.0 2.0 1.0 113.0 1.0 2.0 4.0 1 0.0 0.0
0
# 510
1 510 1 22 queue0
stage -1.0 2.0 51.0 51.0 1.0 2.0 12.0 1 0.0 0.0
0
# 511
1 511 1 22 queue1
stage -1.0 2.0 1.0 44.0 1.0 2.0 2.0 1 0.0 0.0
0
# 512
1 512 1 22 queue2
stage -1.0 2.0 1.0 192.0 1.0 2.0 7.0 1 0.0 0.0
0
# 513
1 513 1 22 queue3
stage -1.0 2.0 15.0 44.0 1.0 2.0 4.0 1 0.0 0.0
0
# 514
1 514 1 22 queue4
stage -1.0 2.0 2.0 160.0 1.0 2.0 9.0 1 0.0 0.0
0
# 515
1 515 1 22 queue5
stage -1.0 2.0 0.0 174.0 1.0 2.0 45.0 1 0.0 0.0
0
# 516
1 516 1 23 queue6
stage -1.0 2.0 1.0 44.0 1.0 2.0 5.0 1 0.0 0.0
0
# 517
1 517 1 23 queue7
stage -1.0 2.0 1.0 44.0 1.0 2.0 2.0 1 0.0 0.0
0
# 518
1 518 1 23 queue8
stage -1.0 2.0 1.0 44.0 1.0 2.0 2.0 1 0.0 0.0
0
# 519
1 519 1 23 queue9
stage -1.0 2.0 2.0 44.0 1.0 2.0 2.0 1 0.0 0.0
0
# 520
1 520 1 23 queue0
stage -1.0 2.0 1.0 44.0 1.0 2.0 3.0 1 0.0 0.0
0
# 521
1 521 1 23 queue1
stage -1.0 2.0 15.0 5.0 1.0 2.0 5.0 1 0.0 0.0
0
# 522
1 522 1 23 queue2
stage -1.0 2.0 1.0 34.0 1.0 2.0 2.0 1 0.0 0.0
0
# 523
1 523 1 23 queue3
stage -1.0 6.1 1.0 8.0 1.0 2.0 1.0 1 0.0 0.0
0
# 524
1 524 1 23 queue4
stage -1.0 2.0 0.0 57.0 1.0 2.0 4.0 1 0.0 0.0
0
# 525
1 525 1 23 queue5
stage -1.0 2.0 0.0 42.0 1.0 2.0 2.0 1 0.0 0.0
0
# 526
1 526 1 23 queue6
stage -1.0 2.0 2.0 42.0 1.0 2.0 2.0 1 0.0 0.0
0
# 527
1 527 1 23 queue7
stage -1.0 4.9 1.0 28.0 1.0 2.0 20.0 1 0.0 0.0
0
# 528
1 528 1 23 queue8
stage -1.0 6.1 2.0 28.0 1.0 2.0 4.0 1 0.0 0.0
0
# 529
1 529 1 23 queue9
stage -1.0 2.0 5.0 27.0 1.0 2.0 2.0 1 0.0 0.0
0
# 530
1 530 1 23 queue0
stage -1.0 2.0 1.0 5.0 1.0 2.0 2.0 1 0.0 0.0
0
# 531
1 531 1 23 queue1
stage -1.0 2.0 0.0 20.0 1.0 2.0 3.0 1 0.0 0.0
0
# 532
1 532 1 23 queue2
stage -1.0 2.0 5.0 20.0 1.0 2.0 2.0 1 0.0 0.0
0
# 533
1 533 1 23 queue3
stage -1.0 2.0 5.0 40.0 1.0 2.0 2.0 1 0.0 0.0
0
# 534
1 534 1 23 queue4
stage -1.0 2.0 5.0 32.0 1.0 2.0 1.0 1 0.0 0.0
0
# 535
1 535 1 24 queue5
stage -1.0 2.0 1.0 32.0 1.0 2.0 8.0 1 0.0 0.0
0
# 536
1 536 1 24 queue6
stage -1.0 2.0 1.0 32.0 1.0 2.0 1.0 1 0.0 0.0
0
# 537
1 537 1 24 queue7
stage -1.0 2.0 1.0 32.0 1.0 2.0 1.0 1 0.0 0.0
0
# 538
1 538 1 24 queue8
stage -1.0 8.3 113.0 154.0 1.0 2.0 59.0 1 0.0 0.0
0
# 539
1 539 1 24 queue9
stage -1.0 2.0 2.0 154.0 1.0 2.0 8.0 1 0.0 0.0
0
# 540
1 540 1 24 queue0
stage -1.0 2.6 3.0 3.0 1.0 2.0 1.0 1 0.0 0.0
0
# 541
1 541 1 24 queue1
stage -1.0 2.0 5.0 18.0 1.0 2.0 2.0 1 0.0 0.0
0
# 542
1 542 1 24 queue2
stage -1.0 2.0 1.0 158.0 1.0 2.0 7.0 1 0.0 0.0
0
# 543
1 543 1 24 queue3
stage -1.0 2.0 1.0 158.0 1.0 2.0 9.0 1 0.0 0.0
0
# 544
1 544 1 24 queue4
stage -1.0 7.0 8.0 120.0 1.0 2.0 16.0 1 0.0 0.0
0
# 545
1 545 1 24 queue5
stage -1.0 16.1 16.0 3.0 1.0 2.0 2.0 1 0.0 0.0
0
# 546
1 546 1 24 queue6
stage -1.0 2.0 20.0 6.0 1.0 2.0 5.0 1 0.0 0.0
0
# 547
1 547 1 24 queue7
stage -1.0 2.0 15.0 56.0 1.0 2.0 3.0 1 0.0 0.0
0
# 548
1 548 1 24 queue8
stage -1.0 2.0 1.0 28.0 1.0 2.0 1.0 1 0.0 0.0
0
# 549
1 549 1 24 queue9
stage -1.0 2.0 1.0 28.0 1.0 2.0 2.0 1 0.0 0.0
0
# 550
1 550 1 24 queue0
stage -1.0 2.0 1.0 28.0 1.0 2.0 1.0 1 0.0 0.0
0
# 551
1 551 1 24 queue1
stage -1.0 50.8 52.0 1.0 1.0 2.0 1.0 1 0.0 0.0
0
# 552
1 552 1 24 queue2
stage -1.0 2.0 2.0 7.0 1.0 2.0 2.0 1 0.0 0.0
0
# 553
1 553 1 24 queue3
stage -1.0 2.0 2.0 55.0 1.0 2.0 2.0 1 0.0 0.0
0
# 554
1 554 1 24 queue4
stage -1.0 2.0 2.0 55.0 1.0 2.0 4.0 1 0.0 0.0
0
# 555
1 555 1 24 queue5
stage -1.0 2.0 1.0 55.0 1.0 2.0 20.0 1 0.0 0.0
0
# 556
1 556 1 24 queue6
stage -1.0 2.0 2.0 55.0 1.0 2.0 8.0 1 0.0 0.0
0
# 557
1 557 1 24 queue7
stage -1.0 2.0 5.0 19.0 1.0 2.0 2.0 1 0.0 0.0
0
# 558
1 558 1 24 queue8
stage -1.0 32.5 174.0 2.0 1.0 2.0 1.0 1 0.0 0.0
0
# 559
1 559 1 24 queue9
stage -1.0 2.0 1.0 34.0 1.0 2.0 1.0 1 0.0 0.0
0
# 560
1 560 1 24 queue0
stage -1.0 2.0 0.0 34.0 1.0 2.0 8.0 1 0.0 0.0
0
# 561
1 561 1 24 queue1
stage -1.0 2.0 1.0 47.0 1.0 2.0 2.0 1 0.0 0.0
0
# 562
1 562 1 25 queue2
stage -1.0 2.0 1.0 38.0 1.0 2.0 1.0 1 0.0 0.0
0
# 563
1 563 1 25 queue3
stage -1.0 64.0 33.0 15.0 1.0 2.0 44.0 1 0.0 0.0
0
# 564
1 564 1 25 queue4
stage -1.0 2.0 0.0 25.0 1.0 2.0 1.0 1 0.0 0.0
0
# 565
1 565 1 25 queue5
stage -1.0 2.0 15.0 25.0 1.0 2.0 7.0 1 0.0 0.0
0
# 566
1 566 1 25 queue6
stage -1.0 2.0 15.0 25.0 1.0 2.0 3.0 1 0.0 0.0
0
# 567
1 567 1 25 queue7
stage -1.0 2.0 2.0 157.0 1.0 2.0 7.0 1 0.0 0.0
0
# 568
1 568 1 25 queue8
stage -1.0 2.0 1.0 20.0 1.0 2.0 1.0 1 0.0 0.0
0
# 569
1 569 1 25 queue9
stage -1.0 2.0 1.0 90.0 1.0 2.0 3.0 1 0.0 0.0
0
# 570
1 570 1 25 queue0
stage -1.0 3.9 2.0 30.0 1.0 2.0 4.0 1 0.0 0.0
0
# 571
1 571 1 25 queue1
stage -1.0 2.0 1.0 30.0 1.0 2.0 27.0 1 0.0 0.0
0
# 572
1 572 1 25 queue2
stage -1.0 2.0 2.0 30.0 1.0 2.0 1.0 1 0.0 0.0
0
# 573
1 573 1 25 queue3
stage -1.0 2.0 1.0 60.0 1.0 2.0 2.0 1 0.0 0.0
0
# 574
1 574 1 25 queue4
stage -1.0 2.0 1.0 60.0 1.0 2.0 4.0 1 0.0 0.0
0
# 575
1 575 1 25 queue5
stage -1.0 2.0 0.0 60.0 1.0 2.0 3.0 1 0.0 0.0
0
# 576
1 576 1 26 queue6
stage -1.0 12.7 3.0 5.0 1.0 2.0 1.0 1 0.0 0.0
0
# 577
1 577 1 26 queue7
stage -1.0 2.0 1.0 5.0 1.0 2.0 1.0 1 0.0 0.0
0
# 578
1 578 1 26 queue8
stage -1.0 2.0 0.0 27.0 1.0 2.0 1.0 1 0.0 0.0
0
# 579
1 579 1 26 queue9
stage -1.0 18.1 20.0 8.0 1.0 2.0 5.0 1 0.0 0.0
0
# 580
1 580 1 26 queue0
stage -1.0 2.0 3.0 8.0 1.0 2.0 3.0 1 0.0 0.0
0
# 581
1 581 1 26 queue1
stage -1.0 2.0 0.0 19.0 1.0 2.0 3.0 1 0.0 0.0
0
# 582
1 582 1 26 queue2
stage -1.0 2.0 1.0 19.0 1.0 2.0 2.0 1 0.0 0.0
0
# 583
1 583 1 26 queue3
stage -1.0 2.0 15.0 121.0 1.0 2.0 5.0 1 0.0 0.0
0
# 584
1 584 1 26 queue4
stage -1.0 64.0 65.0 1.0 1.0 2.0 1.0 1 0.0 0.0
0
# 585
1 585 1 26 queue5
stage -1.0 2.0 0.0 6.0 1.0 2.0 1.0 1 0.0 0.0
0
# 586
1 586 1 26 queue6
stage -1.0 2.0 1.0 109.0 1.0 2.0 4.0 1 0.0 0.0
0
# 587
1 587 1 26 queue7
stage -1.0 2.0 5.0 109.0 1.0 2.0 4.0 1 0.0 0.0
0
# 588
1 588 1 26 queue8
stage -1.0 2.0 1.0 43.0 1.0 2.0 4.0 1 0.0 0.0
0
# 589
1 589 1 26 queue9
stage -1.0 2.0 5.0 109.0 1.0 2.0 6.0 1 0.0 0.0
0
# 590
1 590 1 26 queue0
stage -1.0 64.0 14.0 1.0 1.0 2.0 8.0 1 0.0 0.0
0
# 591
1 591 1 26 queue1
stage -1.0 2.0 1.0 120.0 1.0 2.0 12.0 1 0.0 0.0
0
# 592
1 592 1 26 queue2
stage -1.0 2.0 0.0 145.0 1.0 2.0 6.0 1 0.0 0.0
0
# 593
1 593 1 26 queue3
stage -1.0 12.6 1.0 3.0 1.0 2.0 1.0 1 0.0 0.0
0
# 594
1 594 1 27 queue4
stage -1.0 15.6 9.0 47.0 1.0 2.0 14.0 1 0.0 0.0
0
# 595
1 595 1 27 queue5
stage -1.0 2.0 5.0 44.0 1.0 2.0 3.0 1 0.0 0.0
0
# 596
1 596 1 27 queue6
stage -1.0 2.0 1.0 17.0 1.0 2.0 16.0 1 0.0 0.0
0
# 597
1 597 1 27 queue7
stage -1.0 2.0 1.0 38.0 1.0 2.0 2.0 1 0.0 0.0
0
# 598
1 598 1 27 queue8
stage -1.0 2.0 1.0 62.0 1.0 2.0 3.0 1 0.0 0.0
0
# 599
1 599 1 27 queue9
stage -1.0 62.6 5.0 1.0 1.0 2.0 2.0 1 0.0 0.0
0
# 600
1 600 1 27 queue0
stage -1.0 9.4 6.0 38.0 1.0 2.0 9.0 1 0.0 0.0
0
# 601
1 601 1 27 queue1
stage -1.0 64.0 6.0 1.0 1.0 2.0 1.0 1 0.0 0.0
0
# 602
1 602 1 27 queue2
stage -1.0 2.0 0.0 16.0 1.0 2.0 5.0 1 0.0 0.0
0
# 603
1 603 1 27 queue3
stage -1.0 2.0 1.0 38.0 1.0 2.0 2.0 1 0.0 0.0
0
# 604
1 604 1 27 queue4
stage -1.0 2.0 2.0 16.0 1.0 2.0 1.0 1 0.0 0.0
0
# 605
1 605 1 27 queue5
stage -1.0 2.0 0.0 11.0 1.0 2.0 4.0 1 0.0 0.0
0
# 606
1 606 1 27 queue6
stage -1.0 2.0 1.0 11.0 1.0 2.0 2.0 1 0.0 0.0
0
# 607
1 607 1 27 queue7
stage -1.0 2.0 0.0 29.0 1.0 2.0 2.0 1 0.0 0.0
0
# 608
1 608 1 27 queue8
stage -1.0 2.0 0.0 43.0 1.0 2.0 2.0 1 0.0 0.0
0
# 609
1 609 1 27 queue9
stage -1.0 2.0 0.0 61.0 1.0 2.0 2.0 1 0.0 0.0
0
# 610
1 610 1 27 queue0
stage -1.0 2.0 5.0 46.0 1.0 2.0 11.0 1 0.0 0.0
0
# 611
1 611 1 27 queue1
stage -1.0 2.0 0.0 43.0 1.0 2.0 2.0 1 0.0 0.0
0
# 612
1 612 1 27 queue2
stage -1.0 2.0 1.0 61.0 1.0 2.0 2.0 1 0.0 0.0
0
# 613
1 613 1 27 queue3
stage -1.0 2.0 0.0 46.0 1.0 2.0 4.0 1 0.0 0.0
0
# 614
1 614 1 27 queue4
stage -1.0 2.0 0.0 182.0 1.0 2.0 10.0 1 0.0 0.0
0
# 615
1 615 1 27 queue5
stage -1.0 2.0 2.0 174.0 1.0 2.0 45.0 1 0.0 0.0
0
# 616
1 616 1 27 queue6
stage -1.0 2.0 1.0 185.0 1.0 2.0 19.0 1 0.0 0.0
0
# 617
1 617 1 27 queue7
stage -1.0 2.0 0.0 186.0 1.0 2.0 8.0 1 0.0 0.0
0
# 618
1 618 1 27 queue8
stage -1.0 2.0 1.0 33.0 1.0 2.0 2.0 1 0.0 0.0
0
# 619
1 619 1 27 queue9
stage -1.0 2.0 2.0 33.0 1.0 2.0 1.0 1 0.0 0.0
0
# 620
1 620 1 27 queue0
stage -1.0 2.0 15.0 33.0 1.0 2.0 2.0 1 0.0 0.0
0
# 621
1 621 1 27 queue1
stage -1.0 2.0 0.0 33.0 1.0 2.0 30.0 1 0.0 0.0
0
# 622
1 622 1 27 queue2
stage -1.0 2.0 1.0 113.0 1.0 2.0 6.0 1 0.0 0.0
0
# 623
1 623 1 27 queue3
stage -1.0 2.0 0.0 142.0 1.0 2.0 6.0 1 0.0 0.0
0
# 624
1 624 1 27 queue4
stage -1.0 2.0 2.0 145.0 1.0 2.0 10.0 1 0.0 0.0
0
# 625
1 625 1 27 queue5
stage -1.0 2.0 1.0 186.0 1.0 2.0 10.0 1 0.0 0.0
0
# 626
1 626 1 27 queue6
stage -1.0 2.0 1.0 47.0 1.0 2.0 2.0 1 0.0 0.0
0
# 627
1 627 1 27 queue7
stage -1.0 2.0 0.0 4.0 1.0 2.0 1.0 1 0.0 0.0
0
# 628
1 628 1 27 queue8
stage -1.0 2.0 1.0 115.0 1.0 2.0 5.0 1 0.0 0.0
0
# 629
1 629 1 27 queue9
stage -1.0 2.0 1.0 19.0 1.0 2.0 1.0 1 0.0 0.0
0
# 630
1 630 1 28 queue0
stage -1.0 2.0 2.0 3.0 1.0 2.0 1.0 1 0.0 0.0
0
# 631
1 631 1 28 queue1
stage -1.0 2.0 0.0 19.0 1.0 2.0 3.0 1 0.0 0.0
0
# 632
1 632 1 28 queue2
stage -1.0 2.0 1.0 19.0 1.0 2.0 2.0 1 0.0 0.0
0
# 633
1 633 1 28 queue3
stage -1.0 2.0 0.0 138.0 1.0 2.0 5.0 1 0.0 0.0
0
# 634
1 634 1 28 queue4
stage -1.0 64.0 27.0 2.0 1.0 2.0 2.0 1 0.0 0.0
0
# 635
1 635 1 28 queue5
stage -1.0 2.0 5.0 19.0 1.0 2.0 5.0 1 0.0 0.0
0
# 636
1 636 1 28 queue6
stage -1.0 64.0 67.0 2.0 1.0 2.0 2.0 1 0.0 0.0
0
# 637
1 637 1 28 queue7
stage -1.0 28.3 16.0 4.0 1.0 2.0 2.0 1 0.0 0.0
0
# 638
1 638 1 28 queue8
stage -1.0 64.0 74.0 13.0 1.0 2.0 38.0 1 0.0 0.0
0
# 639
1 639 1 28 queue9
stage -1.0 64.0 36.0 2.0 1.0 2.0 3.0 1 0.0 0.0
0
# 640
1 640 1 28 queue0
stage -1.0 2.0 2.0 10.0 1.0 2.0 3.0 1 0.0 0.0
0
# 641
1 641 1 28 queue1
stage -1.0 2.0 0.0 12.0 1.0 2.0 1.0 1 0.0 0.0
0
# 642
1 642 1 28 queue2
stage -1.0 2.0 0.0 165.0 1.0 2.0 7.0 1 0.0 0.0
0
# 643
1 643 1 28 queue3
stage -1.0 2.0 1.0 77.0 1.0 2.0 4.0 1 0.0 0.0
0
# 644
1 644 1 28 queue4
stage -1.0 62.6 64.0 1.0 1.0 2.0 1.0 1 0.0 0.0
0
# 645
1 645 1 28 queue5
stage -1.0 2.0 2.0 39.0 1.0 2.0 3.0 1 0.0 0.0
0
# 646
1 646 1 28 queue6
stage -1.0 2.0 5.0 39.0 1.0 2.0 36.0 1 0.0 0.0
0
# 647
1 647 1 28 queue7
stage -1.0 2.0 5.0 36.0 1.0 2.0 2.0 1 0.0 0.0
0
# 648
1 648 1 28 queue8
stage -1.0 27.1 138.0 2.0 1.0 2.0 1.0 1 0.0 0.0
0
# 649
1 649 1 28 queue9
stage -1.0 2.0 1.0 32.0 1.0 2.0 2.0 1 0.0 0.0
0
# 650
1 650 1 28 queue0
stage -1.0 2.0 2.0 32.0 1.0 2.0 2.0 1 0.0 0.0
0
# 651
1 651 1 28 queue1
stage -1.0 64.0 33.0 1.0 1.0 2.0 1.0 1 0.0 0.0
0
# 652
1 652 1 28 queue2
stage -1.0 2.0 5.0 6.0 1.0 2.0 2.0 1 0.0 0.0
0
# 653
1 653 1 28 queue3
stage -1.0 11.6 4.0 6.0 1.0 2.0 2.0 1 0.0 0.0
0
# 654
1 654 1 28 queue4
stage -1.0 2.0 0.0 14.0 1.0 2.0 1.0 1 0.0 0.0
0
# 655
1 655 1 28 queue5
stage -1.0 2.0 1.0 9.0 1.0 2.0 3.0 1 0.0 0.0
0
# 656
1 656 1 28 queue6
stage -1.0 2.0 1.0 9.0 1.0 2.0 1.0 1 0.0 0.0
0
# 657
1 657 1 29 queue7
stage -1.0 2.0 3.0 15.0 1.0 2.0 1.0 1 0.0 0.0
0
# 658
1 658 1 29 queue8
stage -1.0 2.0 1.0 29.0 1.0 2.0 1.0 1 0.0 0.0
0
# 659
1 659 1 29 queue9
stage -1.0 2.0 0.0 29.0 1.0 2.0 1.0 1 0.0 0.0
0
# 660
1 660 1 29 queue0
stage -1.0 2.0 1.0 149.0 1.0 2.0 35.0 1 0.0 0.0
0
# 661
1 661 1 29 queue1
stage -1.0 2.0 5.0 160.0 1.0 2.0 6.0 1 0.0 0.0
0
# 662
1 662 1 29 queue2
stage -1.0 15.7 10.0 4.0 1.0 2.0 1.0 1 0.0 0.0
0
# 663
1 663 1 29 queue3
stage -1.0 2.0 1.0 20.0 1.0 2.0 2.0 1 0.0 0.0
0
# 664
1 664 1 30 queue4
stage -1.0 2.0 1.0 19.0 1.0 2.0 1.0 1 0.0 0.0
0
# 665
1 665 1 30 queue5
stage -1.0 9.9 1.0 19.0 1.0 2.0 24.0 1 0.0 0.0
0
# 666
1 666 1 30 queue6
stage -1.0 2.0 1.0 22.0 1.0 2.0 2.0 1 0.0 0.0
0
# 667
1 667 1 30 queue7
stage -1.0 2.0 1.0 192.0 1.0 2.0 8.0 1 0.0 0.0
0
# 668
1 668 1 30 queue8
stage -1.0 2.0 2.0 35.0 1.0 2.0 2.0 1 0.0 0.0
0
# 669
1 669 1 30 queue9
stage -1.0 2.0 5.0 35.0 1.0 2.0 1.0 1 0.0 0.0
0
# 670
1 670 1 30 queue0
stage -1.0 2.0 2.0 35.0 1.0 2.0 2.0 1 0.0 0.0
0
# 671
1 671 1 30 queue1
stage -1.0 2.0 0.0 2.0 1.0 2.0 2.0 1 0.0 0.0
0
# 672
1 672 1 30 queue2
stage -1.0 2.0 4.0 21.0 1.0 2.0 1.0 1 0.0 0.0
0
# 673
1 673 1 30 queue3
stage -1.0 2.0 0.0 31.0 1.0 2.0 1.0 1 0.0 0.0
0
# 674
1 674 1 30 queue4
stage -1.0 4.5 3.0 14.0 1.0 2.0 2.0 1 0.0 0.0
0
# 675
1 675 1 30 queue5
stage -1.0 2.0 0.0 31.0 1.0 2.0 2.0 1 0.0 0.0
0
# 676
1 676 1 30 queue6
stage -1.0 3.9 2.0 31.0 1.0 2.0 3.0 1 0.0 0.0
0
# 677
1 677 1 30 queue7
stage -1.0 2.0 0.0 6.0 1.0 2.0 2.0 1 0.0 0.0
0
# 678
1 678 1 30 queue8
stage -1.0 64.0 33.0 2.0 1.0 2.0 3.0 1 0.0 0.0
0
# 679
1 679 1 30 queue9
stage -1.0 17.2 53.0 2.0 1.0 2.0 1.0 1 0.0 0.0
0
# 680
1 680 1 30 queue0
stage -1.0 2.0 1.0 4.0 1.0 2.0 1.0 1 0.0 0.0
0
# 681
1 681 1 30 queue1
stage -1.0 2.0 0.0 8.0 1.0 2.0 1.0 1 0.0 0.0
0
# 682
1 682 1 30 queue2
stage -1.0 2.0 1.0 176.0 1.0 2.0 14.0 1 0.0 0.0
0
# 683
1 683 1 30 queue3
stage -1.0 37.5 38.0 2.0 1.0 2.0 1.0 1 0.0 0.0
0
# 684
1 684 1 30 queue4
stage -1.0 64.0 16.0 1.0 1.0 2.0 1.0 1 0.0 0.0
0
# 685
1 685 1 30 queue5
stage -1.0 6.2 2.0 2.0 1.0 2.0 1.0 1 0.0 0.0
0
# 686
1 686 1 31 queue6
stage -1.0 2.0 1.0 188.0 1.0 2.0 7.0 1 0.0 0.0
0
# 687
1 687 1 31 queue7
stage -1.0 2.0 0.0 182.0 1.0 2.0 7.0 1 0.0 0.0
0
# 688
1 688 1 31 queue8
stage -1.0 13.8 7.0 176.0 1.0 2.0 111.0 1 0.0 0.0
0
# 689
1 689 1 31 queue9
stage -1.0 2.0 2.0 158.0 1.0 2.0 9.0 1 0.0 0.0
0
# 690
1 690 1 31 queue0
stage -1.0 2.0 2.0 195.0 1.0 2.0 51.0 1 0.0 0.0
0
# 691
1 691 1 31 queue1
stage -1.0 2.0 5.0 29.0 1.0 2.0 3.0 1 0.0 0.0
0
# 692
1 692 1 31 queue2
stage -1.0 2.0 2.0 29.0 1.0 2.0 1.0 1 0.0 0.0
0
# 693
1 693 1 31 queue3
stage -1.0 2.0 1.0 29.0 1.0 2.0 2.0 1 0.0 0.0
0
# 694
1 694 1 31 queue4
stage -1.0 2.0 0.0 29.0 1.0 2.0 1.0 1 0.0 0.0
0
# 695
1 695 1 31 queue5
stage -1.0 2.0 0.0 29.0 1.0 2.0 2.0 1 0.0 0.0
0
# 696
1 696 1 31 queue6
stage -1.0 2.0 15.0 29.0 1.0 2.0 26.0 1 0.0 0.0
0
# 697
1 697 1 31 queue7
stage -1.0 2.0 5.0 29.0 1.0 2.0 1.0 1 0.0 0.0
0
# 698
1 698 1 31 queue8
stage -1.0 2.0 0.0 29.0 1.0 2.0 1.0 1 0.0 0.0
0
# 699
1 699 1 31 queue9
stage -1.0 2.0 2.0 29.0 1.0 2.0 2.0 1 0.0 0.0
0
# 700
1 700 1 31 queue0
stage -1.0 2.0 1.0 29.0 1.0 2.0 2.0 1 0.0 0.0
0
# 701
1 701 1 31 queue1
stage -1.0 2.0 5.0 29.0 1.0 2.0 1.0 1 0.0 0.0
0
# 702
1 702 1 31 queue2
stage -1.0 2.0 1.0 29.0 1.0 2.0 8.0 1 0.0 0.0
0
# 703
1 703 1 31 queue3
stage -1.0 18.9 28.0 3.0 1.0 2.0 1.0 1 0.0 0.0
0
# 704
1 704 1 31 queue4
stage -1.0 2.5 0.0 110.0 1.0 2.0 10.0 1 0.0 0.0
0
# 705
1 705 1 31 queue5
stage -1.0 2.0 1.0 106.0 1.0 2.0 38.0 1 0.0 0.0
0
# 706
1 706 1 31 queue6
stage -1.0 2.0 1.0 33.0 1.0 2.0 5.0 1 0.0 0.0
0
# 707
1 707 1 31 queue7
stage -1.0 2.0 4.0 33.0 1.0 2.0 3.0 1 0.0 0.0
0
# 708
1 708 1 31 queue8
stage -1.0 2.0 15.0 33.0 1.0 2.0 1.0 1 0.0 0.0
0
# 709
1 709 1 31 queue9
stage -1.0 2.0 0.0 27.0 1.0 2.0 1.0 1 0.0 0.0
0
# 710
1 710 1 31 queue0
stage -1.0 2.0 0.0 27.0 1.0 2.0 6.0 1 0.0 0.0
0
# 711
1 711 1 31 queue1
stage -1.0 2.0 1.0 48.0 1.0 2.0 2.0 1 0.0 0.0
0
# 712
1 712 1 31 queue2
stage -1.0 2.0 1.0 48.0 1.0 2.0 2.0 1 0.0 0.0
0
# 713
1 713 1 31 queue3
stage -1.0 2.0 1.0 48.0 1.0 2.0 4.0 1 0.0 0.0
0
# 714
1 714 1 31 queue4
stage -1.0 2.0 1.0 48.0 1.0 2.0 3.0 1 0.0 0.0
0
# 715
1 715 1 31 queue5
stage -1.0 2.0 1.0 48.0 1.0 2.0 12.0 1 0.0 0.0
0
# 716
1 716 1 31 queue6
stage -1.0 2.0 4.0 48.0 1.0 2.0 5.0 1 0.0 0.0
0
# 717
1 717 1 31 queue7
stage -1.0 2.0 0.0 48.0 1.0 2.0 2.0 1 0.0 0.0
0
# 718
1 718 1 31 queue8
stage -1.0 2.0 1.0 48.0 1.0 2.0 3.0 1 0.0 0.0
0
# 719
1 719 1 31 queue9
stage -1.0 64.0 74.0 2.0 1.0 2.0 2.0 1 0.0 0.0
0
# 720
1 720 1 31 queue0
stage -1.0 2.0 0.0 151.0 1.0 2.0 10.0 1 0.0 0.0
0
# 721
1 721 1 31 queue1
stage -1.0 2.0 0.0 2.0 1.0 2.0 2.0 1 0.0 0.0
0
# 722
1 722 1 31 queue2
stage -1.0 2.0 1.0 25.0 1.0 2.0 1.0 1 0.0 0.0
0
# 723
1 723 1 31 queue3
stage -1.0 2.0 1.0 25.0 1.0 2.0 1.0 1 0.0 0.0
0
# 724
1 724 1 31 queue4
stage -1.0 2.0 4.0 25.0 1.0 2.0 2.0 1 0.0 0.0
0
# 725
1 725 1 32 queue5
stage -1.0 64.0 68.0 1.0 1.0 2.0 2.0 1 0.0 0.0
0
# 726
1 726 1 32 queue6
stage -1.0 62.5 32.0 1.0 1.0 2.0 1.0 1 0.0 0.0
0
# 727
1 727 1 32 queue7
stage -1.0 2.0 0.0 47.0 1.0 2.0 13.0 1 0.0 0.0
0
# 728
1 728 1 32 queue8
stage -1.0 2.0 2.0 40.0 1.0 2.0 2.0 1 0.0 0.0
0
# 729
1 729 1 32 queue9
stage -1.0 62.3 32.0 1.0 1.0 2.0 2.0 1 0.0 0.0
0
# 730
1 730 1 32 queue0
stage -1.0 2.0 0.0 8.0 1.0 2.0 3.0 1 0.0 0.0
0
# 731
1 731 1 32 queue1
stage -1.0 2.0 1.0 8.0 1.0 2.0 1.0 1 0.0 0.0
0
# 732
1 732 1 32 queue2
stage -1.0 2.0 1.0 15.0 1.0 2.0 1.0 1 0.0 0.0
0
# 733
1 733 1 32 queue3
stage -1.0 2.0 1.0 36.0 1.0 2.0 1.0 1 0.0 0.0
0
# 734
1 734 1 32 queue4
stage -1.0 2.0 1.0 36.0 1.0 2.0 1.0 1 0.0 0.0
0
# 735
1 735 1 32 queue5
stage -1.0 2.0 1.0 46.0 1.0 2.0 11.0 1 0.0 0.0
0
# 736
1 736 1 32 queue6
stage -1.0 62.7 32.0 1.0 1.0 2.0 1.0 1 0.0 0.0
0
# 737
1 737 1 32 queue7
stage -1.0 2.0 1.0 44.0 1.0 2.0 2.0 1 0.0 0.0
0
# 738
1 738 1 32 queue8
stage -1.0 2.0 1.0 39.0 1.0 2.0 4.0 1 0.0 0.0
0
# 739
1 739 1 32 queue9
stage -1.0 2.0 0.0 39.0 1.0 2.0 2.0 1 0.0 0.0
0
# 740
1 740 1 32 queue0
stage -1.0 2.0 1.0 4.0 1.0 2.0 1.0 1 0.0 0.0
0
# 741
1 741 1 32 queue1
stage -1.0 2.0 1.0 44.0 1.0 2.0 5.0 1 0.0 0.0
0
# 742
1 742 1 32 queue2
stage -1.0 25.5 10.0 5.0 1.0 2.0 3.0 1 0.0 0.0
0
# 743
1 743 1 32 queue3
stage -1.0 2.0 3.0 151.0 1.0 2.0 8.0 1 0.0 0.0
0
# 744
1 744 1 33 queue4
stage -1.0 62.5 32.0 1.0 1.0 2.0 1.0 1 0.0 0.0
0
# 745
1 745 1 33 queue5
stage -1.0 62.4 32.0 1.0 1.0 2.0 2.0 1 0.0 0.0
0
# 746
1 746 1 33 queue6
stage -1.0 2.0 0.0 5.0 1.0 2.0 5.0 1 0.0 0.0
0
# 747
1 747 1 33 queue7
stage -1.0 2.0 5.0 166.0 1.0 2.0 8.0 1 0.0 0.0
0
# 748
1 748 1 33 queue8
stage -1.0 62.5 32.0 1.0 1.0 2.0 1.0 1 0.0 0.0
0
# 749
1 749 1 33 queue9
stage -1.0 2.0 1.0 54.0 1.0 2.0 4.0 1 0.0 0.0
0
# 750
1 750 1 33 queue0
stage -1.0 62.4 32.0 2.0 1.0 2.0 3.0 1 0.0 0.0
0
# 751
1 751 1 33 queue1
stage -1.0 2.0 12.0 110.0 1.0 2.0 5.0 1 0.0 0.0
0
# 752
1 752 1 33 queue2
stage -1.0 2.0 1.0 163.0 1.0 2.0 47.0 1 0.0 0.0
0
# 753
1 753 1 33 queue3
stage -1.0 62.8 32.0 1.0 1.0 2.0 1.0 1 0.0 0.0
0
# 754
1 754 1 33 queue4
stage -1.0 62.4 32.0 1.0 1.0 2.0 2.0 1 0.0 0.0
0
# 755
1 755 1 33 queue5
stage -1.0 6.3 6.0 1.0 1.0 2.0 1.0 1 0.0 0.0
0
# 756
1 756 1 33 queue6
stage -1.0 2.0 0.0 26.0 1.0 2.0 4.0 1 0.0 0.0
0
# 757
1 757 1 33 queue7
stage -1.0 3.4 2.0 189.0 1.0 2.0 27.0 1 0.0 0.0
0
# 758
1 758 1 33 queue8
stage -1.0 27.8 14.0 7.0 1.0 2.0 4.0 1 0.0 0.0
0
# 759
1 759 1 33 queue9
stage -1.0 2.0 1.0 122.0 1.0 2.0 5.0 1 0.0 0.0
0
# 760
1 760 1 33 queue0
stage -1.0 62.4 32.0 1.0 1.0 2.0 7.0 1 0.0 0.0
0
# 761
1 761 1 33 queue1
stage -1.0 2.0 0.0 161.0 1.0 2.0 6.0 1 0.0 0.0
0
# 762
1 762 1 33 queue2
stage -1.0 2.0 1.0 176.0 1.0 2.0 7.0 1 0.0 0.0
0
# 763
1 763 1 33 queue3
stage -1.0 2.0 1.0 160.0 1.0 2.0 15.0 1 0.0 0.0
0
# 764
1 764 1 33 queue4
stage -1.0 62.5 32.0 2.0 1.0 2.0 3.0 1 0.0 0.0
0
# 765
1 765 1 33 queue5
stage -1.0 6.3 6.0 2.0 1.0 2.0 2.0 1 0.0 0.0
0
# 766
1 766 1 33 queue6
stage -1.0 64.0 49.0 1.0 1.0 2.0 3.0 1 0.0 0.0
0
# 767
1 767 1 33 queue7
stage -1.0 64.0 33.0 2.0 1.0 2.0 3.0 1 0.0 0.0
0
# 768
1 768 1 33 queue8
stage -1.0 27.8 14.0 2.0 1.0 2.0 2.0 1 0.0 0.0
0
# 769
1 769 1 33 queue9
stage -1.0 62.4 32.0 10.0 1.0 2.0 12.0 1 0.0 0.0
0
# 770
1 770 1 33 queue0
stage -1.0 27.8 14.0 4.0 1.0 2.0 4.0 1 0.0 0.0
0
# 771
1 771 1 33 queue1
stage -1.0 2.0 0.0 6.0 1.0 2.0 5.0 1 0.0 0.0
0
# 772
1 772 1 33 queue2
stage -1.0 62.5 32.0 1.0 1.0 2.0 2.0 1 0.0 0.0
0
# 773
1 773 1 33 queue3
stage -1.0 52.9 39.0 1.0 1.0 2.0 1.0 1 0.0 0.0
0
# 774
1 774 1 33 queue4
stage -1.0 52.9 47.0 1.0 1.0 2.0 2.0 1 0.0 0.0
0
# 775
1 775 1 34 queue5
stage -1.0 64.0 204.0 7.0 1.0 2.0 12.0 1 0.0 0.0
0
# 776
1 776 1 34 queue6
stage -1.0 58.0 51.0 2.0 1.0 2.0 3.0 1 0.0 0.0
0
# 777
1 777 1 34 queue7
stage -1.0 14.4 15.0 1.0 1.0 2.0 2.0 1 0.0 0.0
0
# 778
1 778 1 34 queue8
stage -1.0 27.9 56.0 2.0 1.0 2.0 1.0 1 0.0 0.0
0
# 779
1 779 1 34 queue9
stage -1.0 62.4 32.0 4.0 1.0 2.0 9.0 1 0.0 0.0
0
# 780
1 780 1 34 queue0
stage -1.0 2.0 1.0 5.0 1.0 2.0 2.0 1 0.0 0.0
0
# 781
1 781 1 34 queue1
stage -1.0 2.0 1.0 8.0 1.0 2.0 1.0 1 0.0 0.0
0
# 782
1 782 1 34 queue2
stage -1.0 2.0 0.0 35.0 1.0 2.0 3.0 1 0.0 0.0
0
# 783
1 783 1 34 queue3
stage -1.0 2.0 5.0 49.0 1.0 2.0 2.0 1 0.0 0.0
0
# 784
1 784 1 34 queue4
stage -1.0 62.5 32.0 1.0 1.0 2.0 1.0 1 0.0 0.0
0
# 785
1 785 1 34 queue5
stage -1.0 2.0 1.0 49.0 1.0 2.0 12.0 1 0.0 0.0
0
# 786
1 786 1 34 queue6
stage -1.0 2.0 1.0 48.0 1.0 2.0 2.0 1 0.0 0.0
0
# 787
1 787 1 34 queue7
stage -1.0 2.0 1.0 48.0 1.0 2.0 2.0 1 0.0 0.0
0
# 788
1 788 1 34 queue8
stage -1.0 2.0 1.0 48.0 1.0 2.0 4.0 1 0.0 0.0
0
# 789
1 789 1 34 queue9
stage -1.0 2.0 1.0 31.0 1.0 2.0 2.0 1 0.0 0.0
0
# 790
1 790 1 34 queue0
stage -1.0 26.2 23.0 3.0 1.0 2.0 10.0 1 0.0 0.0
0
# 791
1 791 1 34 queue1
stage -1.0 64.0 81.0 1.0 1.0 2.0 3.0 1 0.0 0.0
0
# 792
1 792 1 34 queue2
stage -1.0 26.5 25.0 2.0 1.0 2.0 1.0 1 0.0 0.0
0
# 793
1 793 1 34 queue3
stage -1.0 27.5 14.0 2.0 1.0 2.0 2.0 1 0.0 0.0
0
# 794
1 794 1 34 queue4
stage -1.0 35.0 18.0 2.0 1.0 2.0 1.0 1 0.0 0.0
0
# 795
1 795 1 34 queue5
stage -1.0 2.0 1.0 50.0 1.0 2.0 3.0 1 0.0 0.0
0
# 796
1 796 1 34 queue6
stage -1.0 62.4 32.0 1.0 1.0 2.0 28.0 1 0.0 0.0
0
# 797
1 797 1 34 queue7
stage -1.0 2.0 0.0 50.0 1.0 2.0 2.0 1 0.0 0.0
0
# 798
1 798 1 34 queue8
stage -1.0 2.0 1.0 50.0 1.0 2.0 2.0 1 0.0 0.0
0
# 799
1 799 1 34 queue9
stage -1.0 2.0 0.0 50.0 1.0 2.0 3.0 1 0.0 0.0
0
# 800
1 800 1 34 queue0
stage -1.0 62.6 32.0 1.0 1.0 2.0 2.0 1 0.0 0.0
0
# 801
1 801 1 34 queue1
stage -1.0 26.5 35.0 2.0 1.0 2.0 1.0 1 0.0 0.0
0
# 802
1 802 1 34 queue2
stage -1.0 2.0 2.0 5.0 1.0 2.0 1.0 1 0.0 0.0
0
# 803
1 803 1 34 queue3
stage -1.0 64.0 65.0 1.0 1.0 2.0 1.0 1 0.0 0.0
0
# 804
1 804 1 34 queue4
stage -1.0 62.4 32.0 2.0 1.0 2.0 4.0 1 0.0 0.0
0
# 805
1 805 1 34 queue5
stage -1.0 2.0 0.0 4.0 1.0 2.0 1.0 1 0.0 0.0
0
# 806
1 806 1 34 queue6
stage -1.0 50.1 94.0 1.0 1.0 2.0 4.0 1 0.0 0.0
0
# 807
1 807 1 34 queue7
stage -1.0 62.5 117.0 1.0 1.0 2.0 3.0 1 0.0 0.0
0
# 808
1 808 1 34 queue8
stage -1.0 27.9 56.0 6.0 1.0 2.0 3.0 1 0.0 0.0
0
# 809
1 809 1 35 queue9
stage -1.0 2.0 3.0 190.0 1.0 2.0 7.0 1 0.0 0.0
0
# 810
1 810 1 35 queue0
stage -1.0 2.0 2.0 187.0 1.0 2.0 44.0 1 0.0 0.0
0
# 811
1 811 1 35 queue1
stage -1.0 2.0 1.0 106.0 1.0 2.0 4.0 1 0.0 0.0
0
# 812
1 812 1 35 queue2
stage -1.0 31.3 16.0 7.0 1.0 2.0 4.0 1 0.0 0.0
0
# 813
1 813 1 35 queue3
stage -1.0 26.2 27.0 1.0 1.0 2.0 1.0 1 0.0 0.0
0
# 814
1 814 1 35 queue4
stage -1.0 2.0 1.0 26.0 1.0 2.0 1.0 1 0.0 0.0
0
# 815
1 815 1 35 queue5
stage -1.0 2.0 1.0 26.0 1.0 2.0 7.0 1 0.0 0.0
0
# 816
1 816 1 35 queue6
stage -1.0 2.0 1.0 26.0 1.0 2.0 3.0 1 0.0 0.0
0
# 817
1 817 1 35 queue7
stage -1.0 2.0 25.0 26.0 1.0 2.0 1.0 1 0.0 0.0
0
# 818
1 818 1 35 queue8
stage -1.0 2.0 3.0 26.0 1.0 2.0 1.0 1 0.0 0.0
0
# 819
1 819 1 35 queue9
stage -1.0 62.5 32.0 1.0 1.0 2.0 1.0 1 0.0 0.0
0
# 820
1 820 1 35 queue0
stage -1.0 2.0 1.0 104.0 1.0 2.0 7.0 1 0.0 0.0
0
# 821
1 821 1 35 queue1
stage -1.0 2.0 0.0 142.0 1.0 2.0 130.0 1 0.0 0.0
0
# 822
1 822 1 35 queue2
stage -1.0 2.0 3.0 194.0 1.0 2.0 10.0 1 0.0 0.0
0
# 823
1 823 1 35 queue3
stage -1.0 26.4 35.0 2.0 1.0 2.0 1.0 1 0.0 0.0
0
# 824
1 824 1 35 queue4
stage -1.0 62.4 32.0 4.0 1.0 2.0 8.0 1 0.0 0.0
0
# 825
1 825 1 35 queue5
stage -1.0 26.7 36.0 3.0 1.0 2.0 2.0 1 0.0 0.0
0
# 826
1 826 1 35 queue6
stage -1.0 2.0 3.0 177.0 1.0 2.0 8.0 1 0.0 0.0
0
# 827
1 827 1 35 queue7
stage -1.0 2.0 1.0 8.0 1.0 2.0 2.0 1 0.0 0.0
0
# 828
1 828 1 35 queue8
stage -1.0 64.0 33.0 1.0 1.0 2.0 1.0 1 0.0 0.0
0
# 829
1 829 1 35 queue9
stage -1.0 28.3 38.0 1.0 1.0 2.0 1.0 1 0.0 0.0
0
# 830
1 830 1 35 queue0
stage -1.0 2.0 1.0 16.0 1.0 2.0 6.0 1 0.0 0.0
0
# 831
1 831 1 35 queue1
stage -1.0 17.9 55.0 16.0 1.0 2.0 21.0 1 0.0 0.0
0
# 832
1 832 1 35 queue2
stage -1.0 2.0 15.0 16.0 1.0 2.0 1.0 1 0.0 0.0
0
# 833
1 833 1 35 queue3
stage -1.0 4.2 8.0 14.0 1.0 2.0 1.0 1 0.0 0.0
0
# 834
1 834 1 35 queue4
stage -1.0 64.0 74.0 1.0 1.0 2.0 1.0 1 0.0 0.0
0
# 835
1 835 1 35 queue5
stage -1.0 33.5 67.0 2.0 1.0 2.0 8.0 1 0.0 0.0
0
# 836
1 836 1 35 queue6
stage -1.0 2.0 2.0 165.0 1.0 2.0 6.0 1 0.0 0.0
0
# 837
1 837 1 35 queue7
stage -1.0 64.0 141.0 1.0 1.0 2.0 1.0 1 0.0 0.0
0
# 838
1 838 1 35 queue8
stage -1.0 2.6 0.0 15.0 1.0 2.0 2.0 1 0.0 0.0
0
# 839
1 839 1 35 queue9
stage -1.0 31.2 16.0 4.0 1.0 2.0 3.0 1 0.0 0.0
0
# 840
1 840 1 35 queue0
stage -1.0 6.9 10.0 4.0 1.0 2.0 4.0 1 0.0 0.0
0
# 841
1 841 1 35 queue1
stage -1.0 62.4 32.0 6.0 1.0 2.0 19.0 1 0.0 0.0
0
# 842
1 842 1 35 queue2
stage -1.0 52.5 53.0 1.0 1.0 2.0 1.0 1 0.0 0.0
0
# 843
1 843 1 36 queue3
stage -1.0 62.5 32.0 1.0 1.0 2.0 2.0 1 0.0 0.0
0
# 844
1 844 1 36 queue4
stage -1.0 62.4 32.0 7.0 1.0 2.0 8.0 1 0.0 0.0
0
# 845
1 845 1 36 queue5
stage -1.0 26.3 35.0 3.0 1.0 2.0 3.0 1 0.0 0.0
0
# 846
1 846 1 36 queue6
stage -1.0 6.9 10.0 1.0 1.0 2.0 3.0 1 0.0 0.0
0
# 847
1 847 1 36 queue7
stage -1.0 62.5 32.0 3.0 1.0 2.0 5.0 1 0.0 0.0
0
# 848
1 848 1 36 queue8
stage -1.0 62.4 32.0 1.0 1.0 2.0 1.0 1 0.0 0.0
0
# 849
1 849 1 36 queue9
stage -1.0 26.2 35.0 8.0 1.0 2.0 7.0 1 0.0 0.0
0
# 850
1 850 1 36 queue0
stage -1.0 19.9 20.0 4.0 1.0 2.0 2.0 1 0.0 0.0
0
# 851
1 851 1 36 queue1
stage -1.0 26.2 35.0 2.0 1.0 2.0 1.0 1 0.0 0.0
0
# 852
1 852 1 36 queue2
stage -1.0 11.3 12.0 1.0 1.0 2.0 2.0 1 0.0 0.0
0
# 853
1 853 1 36 queue3
stage -1.0 21.2 11.0 4.0 1.0 2.0 2.0 1 0.0 0.0
0
# 854
1 854 1 36 queue4
stage -1.0 13.1 7.0 4.0 1.0 2.0 2.0 1 0.0 0.0
0
# 855
1 855 1 36 queue5
stage -1.0 26.3 35.0 2.0 1.0 2.0 10.0 1 0.0 0.0
0
# 856
1 856 1 36 queue6
stage -1.0 62.5 32.0 6.0 1.0 2.0 28.0 1 0.0 0.0
0
# 857
1 857 1 36 queue7
stage -1.0 53.2 54.0 5.0 1.0 2.0 11.0 1 0.0 0.0
0
# 858
1 858 1 36 queue8
stage -1.0 28.1 29.0 7.0 1.0 2.0 4.0 1 0.0 0.0
0
# 859
1 859 1 36 queue9
stage -1.0 26.5 27.0 4.0 1.0 2.0 2.0 1 0.0 0.0
0
# 860
1 860 1 36 queue0
stage -1.0 2.0 15.0 145.0 1.0 2.0 34.0 1 0.0 0.0
0
# 861
1 861 1 36 queue1
stage -1.0 2.0 2.0 29.0 1.0 2.0 1.0 1 0.0 0.0
0
# 862
1 862 1 36 queue2
stage -1.0 6.3 6.0 28.0 1.0 2.0 3.0 1 0.0 0.0
0
# 863
1 863 1 36 queue3
stage -1.0 2.0 2.0 145.0 1.0 2.0 13.0 1 0.0 0.0
0
# 864
1 864 1 36 queue4
stage -1.0 2.0 2.0 28.0 1.0 2.0 2.0 1 0.0 0.0
0
# 865
1 865 1 36 queue5
stage -1.0 2.0 0.0 145.0 1.0 2.0 38.0 1 0.0 0.0
0
# 866
1 866 1 36 queue6
stage -1.0 27.8 55.0 2.0 1.0 2.0 3.0 1 0.0 0.0
0
# 867
1 867 1 36 queue7
stage -1.0 2.0 0.0 31.0 1.0 2.0 1.0 1 0.0 0.0
0
# 868
1 868 1 36 queue8
stage -1.0 6.1 2.0 6.0 1.0 2.0 1.0 1 0.0 0.0
0
# 869
1 869 1 36 queue9
stage -1.0 2.0 0.0 31.0 1.0 2.0 1.0 1 0.0 0.0
0
# 870
1 870 1 36 queue0
stage -1.0 2.0 0.0 31.0 1.0 2.0 2.0 1 0.0 0.0
0
# 871
1 871 1 36 queue1
stage -1.0 2.0 1.0 31.0 1.0 2.0 28.0 1 0.0 0.0
0
# 872
1 872 1 36 queue2
stage -1.0 62.4 32.0 1.0 1.0 2.0 2.0 1 0.0 0.0
0
# 873
1 873 1 36 queue3
stage -1.0 62.5 32.0 2.0 1.0 2.0 3.0 1 0.0 0.0
0
# 874
1 874 1 36 queue4
stage -1.0 26.2 35.0 112.0 1.0 2.0 98.0 1 0.0 0.0
0
# 875
1 875 1 36 queue5
stage -1.0 26.2 27.0 2.0 1.0 2.0 1.0 1 0.0 0.0
0
# 876
1 876 1 37 queue6
stage -1.0 2.0 3.0 118.0 1.0 2.0 5.0 1 0.0 0.0
0
# 877
1 877 1 37 queue7
stage -1.0 62.4 32.0 2.0 1.0 2.0 18.0 1 0.0 0.0
0
# 878
1 878 1 37 queue8
stage -1.0 52.9 54.0 1.0 1.0 2.0 1.0 1 0.0 0.0
0
# 879
1 879 1 37 queue9
stage -1.0 62.6 32.0 1.0 1.0 2.0 2.0 1 0.0 0.0
0
# 880
1 880 1 37 queue0
stage -1.0 6.2 6.0 1.0 1.0 2.0 1.0 1 0.0 0.0
0
# 881
1 881 1 37 queue1
stage -1.0 64.0 41.0 1.0 1.0 2.0 5.0 1 0.0 0.0
0
# 882
1 882 1 37 queue2
stage -1.0 26.3 27.0 1.0 1.0 2.0 1.0 1 0.0 0.0
0
# 883
1 883 1 37 queue3
stage -1.0 62.4 32.0 1.0 1.0 2.0 1.0 1 0.0 0.0
0
# 884
1 884 1 37 queue4
stage -1.0 62.5 32.0 2.0 1.0 2.0 2.0 1 0.0 0.0
0
# 885
1 885 1 37 queue5
stage -1.0 5.0 5.0 2.0 1.0 2.0 1.0 1 0.0 0.0
0
# 886
1 886 1 37 queue6
stage -1.0 62.4 32.0 1.0 1.0 2.0 1.0 1 0.0 0.0
0
# 887
1 887 1 37 queue7
stage -1.0 62.5 32.0 1.0 1.0 2.0 1.0 1 0.0 0.0
0
# 888
1 888 1 37 queue8
stage -1.0 6.2 2.0 5.0 1.0 2.0 1.0 1 0.0 0.0
0
# 889
1 889 1 37 queue9
stage -1.0 2.0 1.0 19.0 1.0 2.0 1.0 1 0.0 0.0
0
# 890
1 890 1 37 queue0
stage -1.0 2.0 2.0 4.0 1.0 2.0 1.0 1 0.0 0.0
0
# 891
1 891 1 37 queue1
stage -1.0 6.1 2.0 4.0 1.0 2.0 1.0 1 0.0 0.0
0
# 892
1 892 1 37 queue2
stage -1.0 6.1 2.0 19.0 1.0 2.0 3.0 1 0.0 0.0
0
# 893
1 893 1 37 queue3
stage -1.0 62.4 32.0 2.0 1.0 2.0 3.0 1 0.0 0.0
0
# 894
1 894 1 37 queue4
stage -1.0 2.0 0.0 93.0 1.0 2.0 4.0 1 0.0 0.0
0
# 895
1 895 1 37 queue5
stage -1.0 61.7 197.0 1.0 1.0 2.0 2.0 1 0.0 0.0
0
# 896
1 896 1 37 queue6
stage -1.0 6.2 2.0 1.0 1.0 2.0 3.0 1 0.0 0.0
0
# 897
1 897 1 37 queue7
stage -1.0 54.6 56.0 3.0 1.0 2.0 4.0 1 0.0 0.0
0
# 898
1 898 1 37 queue8
stage -1.0 26.2 35.0 11.0 1.0 2.0 6.0 1 0.0 0.0
0
# 899
1 899 1 37 queue9
stage -1.0 2.0 1.0 198.0 1.0 2.0 13.0 1 0.0 0.0
0
# 900
1 900 1 37 queue0
stage -1.0 62.5 32.0 2.0 1.0 2.0 3.0 1 0.0 0.0
0
# 901
1 901 1 38 queue1
stage -1.0 6.1 2.0 9.0 1.0 2.0 1.0 1 0.0 0.0
0
# 902
1 902 1 38 queue2
stage -1.0 26.2 35.0 1.0 1.0 2.0 4.0 1 0.0 0.0
0
# 903
1 903 1 38 queue3
stage -1.0 62.4 32.0 1.0 1.0 2.0 1.0 1 0.0 0.0
0
# 904
1 904 1 38 queue4
stage -1.0 2.0 1.0 24.0 1.0 2.0 2.0 1 0.0 0.0
0
# 905
1 905 1 38 queue5
stage -1.0 27.8 14.0 2.0 1.0 2.0 10.0 1 0.0 0.0
0
# 906
1 906 1 38 queue6
stage -1.0 26.9 36.0 7.0 1.0 2.0 14.0 1 0.0 0.0
0
# 907
1 907 1 38 queue7
stage -1.0 2.0 4.0 20.0 1.0 2.0 2.0 1 0.0 0.0
0
# 908
1 908 1 38 queue8
stage -1.0 62.5 32.0 1.0 1.0 2.0 1.0 1 0.0 0.0
0
# 909
1 909 1 38 queue9
stage -1.0 27.1 36.0 3.0 1.0 2.0 2.0 1 0.0 0.0
0
# 910
1 910 1 38 queue0
stage -1.0 20.4 21.0 1.0 1.0 2.0 2.0 1 0.0 0.0
0
# 911
1 911 1 38 queue1
stage -1.0 62.4 32.0 196.0 1.0 2.0 183.0 1 0.0 0.0
0
# 912
1 912 1 38 queue2
stage -1.0 2.0 2.0 36.0 1.0 2.0 1.0 1 0.0 0.0
0
# 913
1 913 1 38 queue3
stage -1.0 26.5 35.0 34.0 1.0 2.0 41.0 1 0.0 0.0
0
# 914
1 914 1 38 queue4
stage -1.0 2.0 2.0 34.0 1.0 2.0 2.0 1 0.0 0.0
0
# 915
1 915 1 38 queue5
stage -1.0 2.0 0.0 34.0 1.0 2.0 9.0 1 0.0 0.0
0
# 916
1 916 1 38 queue6
stage -1.0 62.7 64.0 1.0 1.0 2.0 3.0 1 0.0 0.0
0
# 917
1 917 1 38 queue7
stage -1.0 12.4 4.0 6.0 1.0 2.0 2.0 1 0.0 0.0
0
# 918
1 918 1 38 queue8
stage -1.0 64.0 19.0 6.0 1.0 2.0 11.0 1 0.0 0.0
0
# 919
1 919 1 38 queue9
stage -1.0 62.5 32.0 1.0 1.0 2.0 1.0 1 0.0 0.0
0
# 920
1 920 1 38 queue0
stage -1.0 2.0 1.0 36.0 1.0 2.0 2.0 1 0.0 0.0
0
# 921
1 921 1 38 queue1
stage -1.0 2.0 5.0 4.0 1.0 2.0 4.0 1 0.0 0.0
0
# 922
1 922 1 38 queue2
stage -1.0 2.0 5.0 36.0 1.0 2.0 2.0 1 0.0 0.0
0
# 923
1 923 1 38 queue3
stage -1.0 51.4 96.0 6.0 1.0 2.0 6.0 1 0.0 0.0
0
# 924
1 924 1 38 queue4
stage -1.0 26.2 35.0 5.0 1.0 2.0 4.0 1 0.0 0.0
0
# 925
1 925 1 38 queue5
stage -1.0 2.0 4.0 42.0 1.0 2.0 2.0 1 0.0 0.0
0
# 926
1 926 1 38 queue6
stage -1.0 62.4 32.0 1.0 1.0 2.0 1.0 1 0.0 0.0
0
# 927
1 927 1 38 queue7
stage -1.0 2.0 15.0 18.0 1.0 2.0 5.0 1 0.0 0.0
0
# 928
1 928 1 38 queue8
stage -1.0 30.1 40.0 5.0 1.0 2.0 3.0 1 0.0 0.0
0
# 929
1 929 1 38 queue9
stage -1.0 2.0 3.0 70.0 1.0 2.0 5.0 1 0.0 0.0
0
# 930
1 930 1 38 queue0
stage -1.0 2.0 1.0 41.0 1.0 2.0 15.0 1 0.0 0.0
0
# 931
1 931 1 38 queue1
stage -1.0 2.0 15.0 41.0 1.0 2.0 6.0 1 0.0 0.0
0
# 932
1 932 1 38 queue2
stage -1.0 2.0 3.0 41.0 1.0 2.0 3.0 1 0.0 0.0
0
# 933
1 933 1 38 queue3
stage -1.0 2.0 1.0 41.0 1.0 2.0 2.0 1 0.0 0.0
0
# 934
1 934 1 38 queue4
stage -1.0 2.0 3.0 111.0 1.0 2.0 4.0 1 0.0 0.0
0
# 935
1 935 1 38 queue5
stage -1.0 2.0 3.0 7.0 1.0 2.0 2.0 1 0.0 0.0
0
# 936
1 936 1 38 queue6
stage -1.0 62.6 32.0 1.0 1.0 2.0 1.0 1 0.0 0.0
0
# 937
1 937 1 38 queue7
stage -1.0 26.9 27.0 2.0 1.0 2.0 1.0 1 0.0 0.0
0
# 938
1 938 1 38 queue8
stage -1.0 2.0 1.0 25.0 1.0 2.0 2.0 1 0.0 0.0
0
# 939
1 939 1 38 queue9
stage -1.0 26.3 35.0 6.0 1.0 2.0 4.0 1 0.0 0.0
0
# 940
1 940 1 38 queue0
stage -1.0 2.0 15.0 6.0 1.0 2.0 2.0 1 0.0 0.0
0
# 941
1 941 1 39 queue1
stage -1.0 2.0 1.0 25.0 1.0 2.0 3.0 1 0.0 0.0
0
# 942
1 942 1 39 queue2
stage -1.0 2.0 15.0 135.0 1.0 2.0 6.0 1 0.0 0.0
0
# 943
1 943 1 39 queue3
stage -1.0 62.4 32.0 1.0 1.0 2.0 2.0 1 0.0 0.0
0
# 944
1 944 1 39 queue4
stage -1.0 62.5 32.0 1.0 1.0 2.0 1.0 1 0.0 0.0
0
# 945
1 945 1 39 queue5
stage -1.0 2.0 15.0 29.0 1.0 2.0 2.0 1 0.0 0.0
0
# 946
1 946 1 39 queue6
stage -1.0 6.4 4.0 1.0 1.0 2.0 3.0 1 0.0 0.0
0
# 947
1 947 1 39 queue7
stage -1.0 2.0 10.0 138.0 1.0 2.0 7.0 1 0.0 0.0
0
# 948
1 948 1 39 queue8
stage -1.0 62.4 32.0 1.0 1.0 2.0 1.0 1 0.0 0.0
0
# 949
1 949 1 39 queue9
stage -1.0 26.3 35.0 2.0 1.0 2.0 2.0 1 0.0 0.0
0
# 950
1 950 1 39 queue0
stage -1.0 2.0 1.0 127.0 1.0 2.0 7.0 1 0.0 0.0
0
# 951
1 951 1 39 queue1
stage -1.0 62.5 32.0 2.0 1.0 2.0 3.0 1 0.0 0.0
0
# 952
1 952 1 39 queue2
stage -1.0 6.0 1.0 3.0 1.0 2.0 3.0 1 0.0 0.0
0
# 953
1 953 1 39 queue3
stage -1.0 2.0 15.0 30.0 1.0 2.0 1.0 1 0.0 0.0
0
# 954
1 954 1 39 queue4
stage -1.0 6.2 6.0 30.0 1.0 2.0 7.0 1 0.0 0.0
0
# 955
1 955 1 39 queue5
stage -1.0 2.0 1.0 5.0 1.0 2.0 2.0 1 0.0 0.0
0
# 956
1 956 1 39 queue6
stage -1.0 2.0 0.0 30.0 1.0 2.0 4.0 1 0.0 0.0
0
# 957
1 957 1 39 queue7
stage -1.0 64.0 119.0 1.0 1.0 2.0 3.0 1 0.0 0.0
0
# 958
1 958 1 39 queue8
stage -1.0 2.0 1.0 135.0 1.0 2.0 5.0 1 0.0 0.0
0
# 959
1 959 1 39 queue9
stage -1.0 62.4 32.0 1.0 1.0 2.0 1.0 1 0.0 0.0
0
# 960
1 960 1 39 queue0
stage -1.0 15.4 49.0 1.0 1.0 2.0 2.0 1 0.0 0.0
0
# 961
1 961 1 39 queue1
stage -1.0 2.0 4.0 155.0 1.0 2.0 6.0 1 0.0 0.0
0
# 962
1 962 1 39 queue2
stage -1.0 62.5 32.0 6.0 1.0 2.0 7.0 1 0.0 0.0
0
# 963
1 963 1 39 queue3
stage -1.0 2.0 15.0 12.0 1.0 2.0 1.0 1 0.0 0.0
0
# 964
1 964 1 39 queue4
stage -1.0 2.0 1.0 145.0 1.0 2.0 8.0 1 0.0 0.0
0
# 965
1 965 1 39 queue5
stage -1.0 2.0 1.0 13.0 1.0 2.0 3.0 1 0.0 0.0
0
# 966
1 966 1 39 queue6
stage -1.0 2.0 1.0 13.0 1.0 2.0 1.0 1 0.0 0.0
0
# 967
1 967 1 39 queue7
stage -1.0 64.0 74.0 2.0 1.0 2.0 3.0 1 0.0 0.0
0
# 968
1 968 1 39 queue8
stage -1.0 26.8 36.0 2.0 1.0 2.0 1.0 1 0.0 0.0
0
# 969
1 969 1 39 queue9
stage -1.0 62.4 32.0 1.0 1.0 2.0 1.0 1 0.0 0.0
0
# 970
1 970 1 40 queue0
stage -1.0 2.0 0.0 170.0 1.0 2.0 12.0 1 0.0 0.0
0
# 971
1 971 1 40 queue1
stage -1.0 2.0 15.0 126.0 1.0 2.0 115.0 1 0.0 0.0
0
# 972
1 972 1 40 queue2
stage -1.0 62.5 32.0 3.0 1.0 2.0 5.0 1 0.0 0.0
0
# 973
1 973 1 40 queue3
stage -1.0 62.4 32.0 10.0 1.0 2.0 13.0 1 0.0 0.0
0
# 974
1 974 1 40 queue4
stage -1.0 62.6 32.0 1.0 1.0 2.0 2.0 1 0.0 0.0
0
# 975
1 975 1 40 queue5
stage -1.0 2.0 1.0 33.0 1.0 2.0 2.0 1 0.0 0.0
0
# 976
1 976 1 40 queue6
stage -1.0 2.0 1.0 33.0 1.0 2.0 1.0 1 0.0 0.0
0
# 977
1 977 1 40 queue7
stage -1.0 25.9 26.0 1.0 1.0 2.0 4.0 1 0.0 0.0
0
# 978
1 978 1 40 queue8
stage -1.0 2.0 1.0 181.0 1.0 2.0 8.0 1 0.0 0.0
0
# 979
1 979 1 40 queue9
stage -1.0 2.0 1.0 198.0 1.0 2.0 14.0 1 0.0 0.0
0
# 980
1 980 1 40 queue0
stage -1.0 62.4 32.0 198.0 1.0 2.0 131.0 1 0.0 0.0
0
# 981
1 981 1 40 queue1
stage -1.0 2.0 0.0 37.0 1.0 2.0 5.0 1 0.0 0.0
0
# 982
1 982 1 40 queue2
stage -1.0 2.0 1.0 63.0 1.0 2.0 5.0 1 0.0 0.0
0
# 983
1 983 1 40 queue3
stage -1.0 2.0 1.0 86.0 1.0 2.0 3.0 1 0.0 0.0
0
# 984
1 984 1 40 queue4
stage -1.0 63.1 64.0 1.0 1.0 2.0 1.0 1 0.0 0.0
0
# 985
1 985 1 40 queue5
stage -1.0 2.0 1.0 8.0 1.0 2.0 2.0 1 0.0 0.0
0
# 986
1 986 1 40 queue6
stage -1.0 6.2 6.0 9.0 1.0 2.0 1.0 1 0.0 0.0
0
# 987
1 987 1 40 queue7
stage -1.0 6.2 12.0 18.0 1.0 2.0 2.0 1 0.0 0.0
0
# 988
1 988 1 40 queue8
stage -1.0 2.0 0.0 182.0 1.0 2.0 17.0 1 0.0 0.0
0
# 989
1 989 1 40 queue9
stage -1.0 3.1 1.0 163.0 1.0 2.0 14.0 1 0.0 0.0
0
# 990
1 990 1 40 queue0
stage -1.0 2.0 0.0 137.0 1.0 2.0 36.0 1 0.0 0.0
0
# 991
1 991 1 40 queue1
stage -1.0 2.0 2.0 122.0 1.0 2.0 13.0 1 0.0 0.0
0
# 992
1 992 1 40 queue2
stage -1.0 2.0 1.0 192.0 1.0 2.0 8.0 1 0.0 0.0
0
# 993
1 993 1 40 queue3
stage -1.0 27.8 14.0 107.0 1.0 2.0 82.0 1 0.0 0.0
0
# 994
1 994 1 40 queue4
stage -1.0 2.0 0.0 122.0 1.0 2.0 5.0 1 0.0 0.0
0
# 995
1 995 1 40 queue5
stage -1.0 2.0 1.0 54.0 1.0 2.0 4.0 1 0.0 0.0
0
# 996
1 996 1 40 queue6
stage -1.0 6.1 2.0 7.0 1.0 2.0 20.0 1 0.0 0.0
0
# 997
1 997 1 40 queue7
stage -1.0 62.5 32.0 3.0 1.0 2.0 5.0 1 0.0 0.0
0
# 998
1 998 1 40 queue8
stage -1.0 2.0 1.0 54.0 1.0 2.0 2.0 1 0.0 0.0
0
# 999
1 999 1 40 queue9
stage -1.0 2.0 1.0 27.0 1.0 2.0 2.0 1 0.0 0.0
0
