# 0
1 0 1 0 queue0
stage -1.0 2.0 2.0 119.0 1.0 2.0 9.0 1 0.0 0.0
0
# 1
1 1 1 0 queue1
stage -1.0 2.0 1.0 109.0 1.0 2.0 15.0 1 0.0 0.0
0
# 2
1 2 1 0 queue2
stage -1.0 2.0 2.0 115.0 1.0 2.0 30.0 1 0.0 0.0
0
# 3
1 3 1 0 queue3
stage -1.0 2.0 2.0 119.0 1.0 2.0 10.0 1 0.0 0.0
0
# 4
1 4 1 0 queue4
stage -1.0 2.0 4.0 188.0 1.0 2.0 27.0 1 0.0 0.0
0
# 5
1 5 1 0 queue5
stage -1.0 2.0 4.0 160.0 1.0 2.0 16.0 1 0.0 0.0
0
# 6
1 6 1 0 queue6
stage -1.0 2.0 4.0 47.0 1.0 2.0 4.0 1 0.0 0.0
0
# 7
1 7 1 0 queue7
stage -1.0 2.0 3.0 125.0 1.0 2.0 10.0 1 0.0 0.0
0
# 8
1 8 1 0 queue8
stage -1.0 2.0 3.0 122.0 1.0 2.0 6.0 1 0.0 0.0
0
# 9
1 9 1 0 queue9
stage -1.0 2.0 3.0 12.0 1.0 2.0 6.0 1 0.0 0.0
0
# 10
1 10 1 0 queue10
stage -1.0 2.0 5.0 195.0 1.0 2.0 20.0 1 0.0 0.0
0
# 11
1 11 1 0 queue11
stage -1.0 2.0 5.0 113.0 1.0 2.0 10.0 1 0.0 0.0
0
# 12
1 12 1 0 queue12
stage -1.0 36.8 9.0 1.0 1.0 2.0 1.0 1 0.0 0.0
0
# 13
1 13 1 0 queue13
stage -1.0 37.2 9.0 1.0 1.0 2.0 5.0 1 0.0 0.0
0
# 14
1 14 1 0 queue14
stage -1.0 2.0 1.0 47.0 1.0 2.0 4.0 1 0.0 0.0
0
# 15
1 15 1 0 queue15
stage -1.0 2.0 1.0 47.0 1.0 2.0 4.0 1 0.0 0.0
0
# 16
1 16 1 0 queue16
stage -1.0 2.0 1.0 2.0 1.0 2.0 3.0 1 0.0 0.0
0
# 17
1 17 1 0 queue17
stage -1.0 36.6 9.0 1.0 1.0 2.0 1.0 1 0.0 0.0
0
# 18
1 18 1 0 queue18
stage -1.0 2.0 0.0 8.0 1.0 2.0 1.0 1 0.0 0.0
0
# 19
1 19 1 0 queue19
stage -1.0 2.0 1.0 186.0 1.0 2.0 8.0 1 0.0 0.0
0
# 20
1 20 1 0 queue20
stage -1.0 2.0 1.0 31.0 1.0 2.0 3.0 1 0.0 0.0
0
# 21
1 21 1 0 queue21
stage -1.0 3.2 1.0 33.0 1.0 2.0 6.0 1 0.0 0.0
0
# 22
1 22 1 0 queue22
stage -1.0 2.0 2.0 164.0 1.0 2.0 22.0 1 0.0 0.0
0
# 23
1 23 1 0 queue23
stage -1.0 26.3 24.0 118.0 1.0 2.0 183.0 1 0.0 0.0
0
# 24
1 24 1 0 queue24
stage -1.0 2.0 3.0 119.0 1.0 2.0 30.0 1 0.0 0.0
0
# 25
1 25 1 0 queue0
stage -1.0 26.3 25.0 1.0 1.0 2.0 2.0 1 0.0 0.0
0
# 26
1 26 1 0 queue1
stage -1.0 6.3 7.0 21.0 1.0 2.0 13.0 1 0.0 0.0
0
# 27
1 27 1 0 queue2
stage -1.0 64.0 76.0 1.0 1.0 2.0 11.0 1 0.0 0.0
0
# 28
1 28 1 0 queue3
stage -1.0 30.7 34.0 136.0 1.0 2.0 186.0 1 0.0 0.0
0
# 29
1 29 1 0 queue4
stage -1.0 4.1 5.0 144.0 1.0 2.0 11.0 1 0.0 0.0
0
# 30
1 30 1 0 queue5
stage -1.0 2.0 2.0 140.0 1.0 2.0 13.0 1 0.0 0.0
0
# 31
1 31 1 0 queue6
stage -1.0 2.0 0.0 103.0 1.0 2.0 11.0 1 0.0 0.0
0
# 32
1 32 1 0 queue7
stage -1.0 2.0 0.0 157.0 1.0 2.0 25.0 1 0.0 0.0
0
# 33
1 33 1 0 queue8
stage -1.0 2.0 0.0 20.0 1.0 2.0 2.0 1 0.0 0.0
0
# 34
1 34 1 0 queue9
stage -1.0 2.0 3.0 87.0 1.0 2.0 13.0 1 0.0 0.0
0
# 35
1 35 1 0 queue10
stage -1.0 2.0 0.0 87.0 1.0 2.0 76.0 1 0.0 0.0
0
# 36
1 36 1 0 queue11
stage -1.0 2.0 0.0 20.0 1.0 2.0 2.0 1 0.0 0.0
0
# 37
1 37 1 0 queue12
stage -1.0 2.0 2.0 20.0 1.0 2.0 1.0 1 0.0 0.0
0
# 38
1 38 1 0 queue13
stage -1.0 2.0 4.0 20.0 1.0 2.0 1.0 1 0.0 0.0
0
# 39
1 39 1 0 queue14
stage -1.0 2.0 1.0 12.0 1.0 2.0 1.0 1 0.0 0.0
0
# 40
1 40 1 0 queue15
stage -1.0 6.2 2.0 4.0 1.0 2.0 2.0 1 0.0 0.0
0
# 41
1 41 1 0 queue16
stage -1.0 2.0 0.0 135.0 1.0 2.0 112.0 1 0.0 0.0
0
# 42
1 42 1 0 queue17
stage -1.0 2.0 1.0 178.0 1.0 2.0 16.0 1 0.0 0.0
0
# 43
1 43 1 0 queue18
stage -1.0 64.0 10.0 139.0 1.0 2.0 183.0 1 0.0 0.0
0
# 44
1 44 1 0 queue19
stage -1.0 2.0 2.0 104.0 1.0 2.0 16.0 1 0.0 0.0
0
# 45
1 45 1 0 queue20
stage -1.0 2.0 1.0 103.0 1.0 2.0 10.0 1 0.0 0.0
0
# 46
1 46 1 0 queue21
stage -1.0 2.0 14.0 19.0 1.0 2.0 3.0 1 0.0 0.0
0
# 47
1 47 1 0 queue22
stage -1.0 2.0 13.0 19.0 1.0 2.0 1.0 1 0.0 0.0
0
# 48
1 48 1 0 queue23
stage -1.0 40.2 36.0 2.0 1.0 2.0 3.0 1 0.0 0.0
0
# 49
1 49 1 0 queue24
stage -1.0 2.0 1.0 19.0 1.0 2.0 3.0 1 0.0 0.0
0
# 50
1 50 1 0 queue0
stage -1.0 2.0 1.0 24.0 1.0 2.0 3.0 1 0.0 0.0
0
# 51
1 51 1 0 queue1
stage -1.0 2.0 0.0 24.0 1.0 2.0 4.0 1 0.0 0.0
0
# 52
1 52 1 0 queue2
stage -1.0 2.0 0.0 24.0 1.0 2.0 3.0 1 0.0 0.0
0
# 53
1 53 1 0 queue3
stage -1.0 2.0 1.0 19.0 1.0 2.0 2.0 1 0.0 0.0
0
# 54
1 54 1 0 queue4
stage -1.0 62.5 32.0 1.0 1.0 2.0 2.0 1 0.0 0.0
0
# 55
1 55 1 0 queue5
stage -1.0 28.4 14.0 19.0 1.0 2.0 17.0 1 0.0 0.0
0
# 56
1 56 1 0 queue6
stage -1.0 35.6 18.0 19.0 1.0 2.0 28.0 1 0.0 0.0
0
# 57
1 57 1 0 queue7
stage -1.0 2.0 2.0 24.0 1.0 2.0 3.0 1 0.0 0.0
0
# 58
1 58 1 0 queue8
stage -1.0 6.2 8.0 19.0 1.0 2.0 9.0 1 0.0 0.0
0
# 59
1 59 1 0 queue9
stage -1.0 2.0 2.0 24.0 1.0 2.0 1.0 1 0.0 0.0
0
# 60
1 60 1 0 queue10
stage -1.0 2.0 0.0 24.0 1.0 2.0 2.0 1 0.0 0.0
0
# 61
1 61 1 0 queue11
stage -1.0 30.9 28.0 19.0 1.0 2.0 21.0 1 0.0 0.0
0
# 62
1 62 1 0 queue12
stage -1.0 2.0 2.0 18.0 1.0 2.0 4.0 1 0.0 0.0
0
# 63
1 63 1 0 queue13
stage -1.0 2.0 13.0 18.0 1.0 2.0 1.0 1 0.0 0.0
0
# 64
1 64 1 0 queue14
stage -1.0 2.0 1.0 18.0 1.0 2.0 1.0 1 0.0 0.0
0
# 65
1 65 1 0 queue15
stage -1.0 2.0 0.0 18.0 1.0 2.0 1.0 1 0.0 0.0
0
# 66
1 66 1 0 queue16
stage -1.0 2.0 1.0 18.0 1.0 2.0 1.0 1 0.0 0.0
0
# 67
1 67 1 0 queue17
stage -1.0 2.0 0.0 18.0 1.0 2.0 2.0 1 0.0 0.0
0
# 68
1 68 1 0 queue18
stage -1.0 2.0 0.0 18.0 1.0 2.0 17.0 1 0.0 0.0
0
# 69
1 69 1 0 queue19
stage -1.0 2.0 0.0 18.0 1.0 2.0 2.0 1 0.0 0.0
0
# 70
1 70 1 0 queue20
stage -1.0 2.0 0.0 24.0 1.0 2.0 2.0 1 0.0 0.0
0
# 71
1 71 1 0 queue21
stage -1.0 2.0 5.0 19.0 1.0 2.0 1.0 1 0.0 0.0
0
# 72
1 72 1 0 queue22
stage -1.0 2.0 0.0 24.0 1.0 2.0 3.0 1 0.0 0.0
0
# 73
1 73 1 0 queue23
stage -1.0 2.0 0.0 24.0 1.0 2.0 12.0 1 0.0 0.0
0
# 74
1 74 1 0 queue24
stage -1.0 2.0 1.0 18.0 1.0 2.0 1.0 1 0.0 0.0
0
# 75
1 75 1 0 queue0
stage -1.0 2.0 1.0 18.0 1.0 2.0 1.0 1 0.0 0.0
0
# 76
1 76 1 0 queue1
stage -1.0 2.0 0.0 24.0 1.0 2.0 1.0 1 0.0 0.0
0
# 77
1 77 1 0 queue2
stage -1.0 2.5 0.0 19.0 1.0 2.0 9.0 1 0.0 0.0
0
# 78
1 78 1 0 queue3
stage -1.0 62.5 32.0 19.0 1.0 2.0 29.0 1 0.0 0.0
0
# 79
1 79 1 0 queue4
stage -1.0 2.0 0.0 18.0 1.0 2.0 1.0 1 0.0 0.0
0
# 80
1 80 1 0 queue5
stage -1.0 2.0 0.0 18.0 1.0 2.0 3.0 1 0.0 0.0
0
# 81
1 81 1 0 queue6
stage -1.0 2.0 0.0 18.0 1.0 2.0 2.0 1 0.0 0.0
0
# 82
1 82 1 0 queue7
stage -1.0 9.6 1.0 5.0 1.0 2.0 2.0 1 0.0 0.0
0
# 83
1 83 1 0 queue8
stage -1.0 2.0 1.0 18.0 1.0 2.0 2.0 1 0.0 0.0
0
# 84
1 84 1 0 queue9
stage -1.0 47.1 160.0 1.0 1.0 2.0 2.0 1 0.0 0.0
0
# 85
1 85 1 0 queue10
stage -1.0 6.2 8.0 18.0 1.0 2.0 3.0 1 0.0 0.0
0
# 86
1 86 1 0 queue11
stage -1.0 6.2 8.0 17.0 1.0 2.0 3.0 1 0.0 0.0
0
# 87
1 87 1 0 queue12
stage -1.0 16.8 13.0 24.0 1.0 2.0 7.0 1 0.0 0.0
0
# 88
1 88 1 0 queue13
stage -1.0 2.0 1.0 17.0 1.0 2.0 3.0 1 0.0 0.0
0
# 89
1 89 1 0 queue14
stage -1.0 2.0 5.0 24.0 1.0 2.0 7.0 1 0.0 0.0
0
# 90
1 90 1 1 queue15
stage -1.0 2.0 2.0 17.0 1.0 2.0 2.0 1 0.0 0.0
0
# 91
1 91 1 1 queue16
stage -1.0 6.2 8.0 1.0 1.0 2.0 2.0 1 0.0 0.0
0
# 92
1 92 1 1 queue17
stage -1.0 2.0 1.0 20.0 1.0 2.0 2.0 1 0.0 0.0
0
# 93
1 93 1 1 queue18
stage -1.0 2.0 1.0 17.0 1.0 2.0 9.0 1 0.0 0.0
0
# 94
1 94 1 1 queue19
stage -1.0 19.0 47.0 10.0 1.0 2.0 5.0 1 0.0 0.0
0
# 95
1 95 1 1 queue20
stage -1.0 2.0 0.0 181.0 1.0 2.0 19.0 1 0.0 0.0
0
# 96
1 96 1 1 queue21
stage -1.0 2.0 0.0 186.0 1.0 2.0 56.0 1 0.0 0.0
0
# 97
1 97 1 1 queue22
stage -1.0 2.0 0.0 150.0 1.0 2.0 14.0 1 0.0 0.0
0
# 98
1 98 1 1 queue23
stage -1.0 2.0 3.0 155.0 1.0 2.0 65.0 1 0.0 0.0
0
# 99
1 99 1 1 queue24
stage -1.0 2.0 0.0 195.0 1.0 2.0 13.0 1 0.0 0.0
0
# 100
1 100 1 1 queue0
stage -1.0 2.0 5.0 159.0 1.0 2.0 24.0 1 0.0 0.0
0
# 101
1 101 1 1 queue1
stage -1.0 2.0 1.0 106.0 1.0 2.0 17.0 1 0.0 0.0
0
# 102
1 102 1 1 queue2
stage -1.0 2.0 5.0 167.0 1.0 2.0 22.0 1 0.0 0.0
0
# 103
1 103 1 1 queue3
stage -1.0 2.0 0.0 144.0 1.0 2.0 20.0 1 0.0 0.0
0
# 104
1 104 1 1 queue4
stage -1.0 2.0 0.0 110.0 1.0 2.0 9.0 1 0.0 0.0
0
# 105
1 105 1 1 queue5
stage -1.0 2.0 0.0 150.0 1.0 2.0 19.0 1 0.0 0.0
0
# 106
1 106 1 1 queue6
stage -1.0 2.0 2.0 13.0 1.0 2.0 1.0 1 0.0 0.0
0
# 107
1 107 1 1 queue7
stage -1.0 2.0 0.0 29.0 1.0 2.0 1.0 1 0.0 0.0
0
# 108
1 108 1 1 queue8
stage -1.0 2.0 3.0 14.0 1.0 2.0 2.0 1 0.0 0.0
0
# 109
1 109 1 1 queue9
stage -1.0 2.0 15.0 13.0 1.0 2.0 2.0 1 0.0 0.0
0
# 110
1 110 1 1 queue10
stage -1.0 2.0 0.0 15.0 1.0 2.0 2.0 1 0.0 0.0
0
# 111
1 111 1 1 queue11
stage -1.0 2.0 1.0 48.0 1.0 2.0 3.0 1 0.0 0.0
0
# 112
1 112 1 1 queue12
stage -1.0 2.0 0.0 29.0 1.0 2.0 1.0 1 0.0 0.0
0
# 113
1 113 1 1 queue13
stage -1.0 2.0 1.0 13.0 1.0 2.0 1.0 1 0.0 0.0
0
# 114
1 114 1 1 queue14
stage -1.0 2.0 0.0 14.0 1.0 2.0 1.0 1 0.0 0.0
0
# 115
1 115 1 1 queue15
stage -1.0 2.0 2.0 40.0 1.0 2.0 3.0 1 0.0 0.0
0
# 116
1 116 1 1 queue16
stage -1.0 2.0 0.0 29.0 1.0 2.0 4.0 1 0.0 0.0
0
# 117
1 117 1 1 queue17
stage -1.0 2.0 2.0 29.0 1.0 2.0 2.0 1 0.0 0.0
0
# 118
1 118 1 1 queue18
stage -1.0 2.0 0.0 29.0 1.0 2.0 8.0 1 0.0 0.0
0
# 119
1 119 1 1 queue19
stage -1.0 2.0 1.0 13.0 1.0 2.0 2.0 1 0.0 0.0
0
# 120
1 120 1 1 queue20
stage -1.0 2.0 1.0 13.0 1.0 2.0 3.0 1 0.0 0.0
0
# 121
1 121 1 1 queue21
stage -1.0 2.0 1.0 13.0 1.0 2.0 2.0 1 0.0 0.0
0
# 122
1 122 1 1 queue22
stage -1.0 2.0 3.0 14.0 1.0 2.0 2.0 1 0.0 0.0
0
# 123
1 123 1 1 queue23
stage -1.0 2.0 1.0 14.0 1.0 2.0 2.0 1 0.0 0.0
0
# 124
1 124 1 1 queue24
stage -1.0 9.6 10.0 14.0 1.0 2.0 5.0 1 0.0 0.0
0
