# 0
1 0 1 2 queue0
stage -1.0 32.0 5.0 118.0 1.0 2.0 377.0 1 0.0 0.0
0
# 1
1 1 1 3 queue1
stage -1.0 32.0 12.0 83.0 1.0 2.0 169.0 1 0.0 0.0
0
# 2
1 2 1 3 queue2
stage -1.0 32.0 16.0 147.0 1.0 2.0 304.0 1 0.0 0.0
0
# 3
1 3 1 3 queue3
stage -1.0 32.0 3.0 88.0 1.0 2.0 236.0 1 0.0 0.0
0
# 4
1 4 1 3 queue4
stage -1.0 32.0 5.0 51.0 1.0 2.0 118.0 1 0.0 0.0
0
# 5
1 5 1 3 queue5
stage -1.0 32.0 5.0 135.0 1.0 2.0 400.0 1 0.0 0.0
0
# 6
1 6 1 3 queue6
stage -1.0 32.0 4.0 129.0 1.0 2.0 357.0 1 0.0 0.0
0
# 7
1 7 1 3 queue7
stage -1.0 32.0 6.0 157.0 1.0 2.0 340.0 1 0.0 0.0
0
# 8
1 8 1 4 queue8
stage -1.0 32.0 5.0 54.0 1.0 2.0 127.0 1 0.0 0.0
0
# 9
1 9 1 4 queue9
stage -1.0 32.0 8.0 97.0 1.0 2.0 200.0 1 0.0 0.0
0
# 10
1 10 1 4 queue10
stage -1.0 32.0 14.0 67.0 1.0 2.0 158.0 1 0.0 0.0
0
# 11
1 11 1 4 queue11
stage -1.0 32.0 9.0 93.0 1.0 2.0 400.0 1 0.0 0.0
0
# 12
1 12 1 4 queue12
stage -1.0 32.0 5.0 153.0 1.0 2.0 304.0 1 0.0 0.0
0
# 13
1 13 1 4 queue13
stage -1.0 32.0 13.0 119.0 1.0 2.0 210.0 1 0.0 0.0
0
# 14
1 14 1 4 queue14
stage -1.0 32.0 10.0 70.0 1.0 2.0 162.0 1 0.0 0.0
0
# 15
1 15 1 5 queue15
stage -1.0 32.0 1.0 45.0 1.0 2.0 97.0 1 0.0 0.0
0
# 16
1 16 1 5 queue16
stage -1.0 32.0 13.0 86.0 1.0 2.0 188.0 1 0.0 0.0
0
# 17
1 17 1 6 queue17
stage -1.0 32.0 3.0 158.0 1.0 2.0 400.0 1 0.0 0.0
0
# 18
1 18 1 6 queue18
stage -1.0 32.0 8.0 91.0 1.0 2.0 213.0 1 0.0 0.0
0
# 19
1 19 1 6 queue19
stage -1.0 32.0 6.0 41.0 1.0 2.0 156.0 1 0.0 0.0
0
# 20
1 20 1 6 queue0
stage -1.0 32.0 13.0 52.0 1.0 2.0 78.0 1 0.0 0.0
0
# 21
1 21 1 8 queue1
stage -1.0 32.0 9.0 64.0 1.0 2.0 400.0 1 0.0 0.0
0
# 22
1 22 1 8 queue2
stage -1.0 32.0 10.0 52.0 1.0 2.0 160.0 1 0.0 0.0
0
# 23
1 23 1 10 queue3
stage -1.0 32.0 11.0 60.0 1.0 2.0 400.0 1 0.0 0.0
0
# 24
1 24 1 10 queue4
stage -1.0 32.0 12.0 107.0 1.0 2.0 400.0 1 0.0 0.0
0
# 25
1 25 1 10 queue5
stage -1.0 32.0 2.0 77.0 1.0 2.0 98.0 1 0.0 0.0
0
# 26
1 26 1 10 queue6
stage -1.0 32.0 15.0 57.0 1.0 2.0 88.0 1 0.0 0.0
0
# 27
1 27 1 10 queue7
stage -1.0 32.0 14.0 51.0 1.0 2.0 144.0 1 0.0 0.0
0
# 28
1 28 1 11 queue8
stage -1.0 32.0 16.0 87.0 1.0 2.0 84.0 1 0.0 0.0
0
# 29
1 29 1 11 queue9
stage -1.0 32.0 8.0 45.0 1.0 2.0 345.0 1 0.0 0.0
0
# 30
1 30 1 11 queue10
stage -1.0 32.0 16.0 47.0 1.0 2.0 88.0 1 0.0 0.0
0
# 31
1 31 1 11 queue11
stage -1.0 32.0 13.0 40.0 1.0 2.0 84.0 1 0.0 0.0
0
# 32
1 32 1 11 queue12
stage -1.0 32.0 14.0 130.0 1.0 2.0 140.0 1 0.0 0.0
0
# 33
1 33 1 11 queue13
stage -1.0 32.0 7.0 46.0 1.0 2.0 47.0 1 0.0 0.0
0
# 34
1 34 1 11 queue14
stage -1.0 32.0 13.0 59.0 1.0 2.0 204.0 1 0.0 0.0
0
# 35
1 35 1 12 queue15
stage -1.0 32.0 15.0 75.0 1.0 2.0 127.0 1 0.0 0.0
0
# 36
1 36 1 12 queue16
stage -1.0 32.0 5.0 53.0 1.0 2.0 97.0 1 0.0 0.0
0
# 37
1 37 1 12 queue17
stage -1.0 32.0 3.0 50.0 1.0 2.0 66.0 1 0.0 0.0
0
# 38
1 38 1 14 queue18
stage -1.0 32.0 10.0 141.0 1.0 2.0 167.0 1 0.0 0.0
0
# 39
1 39 1 14 queue19
stage -1.0 32.0 3.0 88.0 1.0 2.0 97.0 1 0.0 0.0
0
# 40
1 40 1 14 queue0
stage -1.0 32.0 10.0 138.0 1.0 2.0 122.0 1 0.0 0.0
0
# 41
1 41 1 14 queue1
stage -1.0 32.0 9.0 67.0 1.0 2.0 50.0 1 0.0 0.0
0
# 42
1 42 1 14 queue2
stage -1.0 32.0 2.0 72.0 1.0 2.0 54.0 1 0.0 0.0
0
# 43
1 43 1 15 queue3
stage -1.0 32.0 2.0 58.0 1.0 2.0 55.0 1 0.0 0.0
0
# 44
1 44 1 16 queue4
stage -1.0 32.0 4.0 53.0 1.0 2.0 53.0 1 0.0 0.0
0
# 45
1 45 1 16 queue5
stage -1.0 32.0 1.0 74.0 1.0 2.0 59.0 1 0.0 0.0
0
# 46
1 46 1 18 queue6
stage -1.0 32.0 16.0 150.0 1.0 2.0 93.0 1 0.0 0.0
0
# 47
1 47 1 19 queue7
stage -1.0 32.0 8.0 82.0 1.0 2.0 70.0 1 0.0 0.0
0
# 48
1 48 1 26 queue8
stage -1.0 32.0 15.0 66.0 1.0 2.0 51.0 1 0.0 0.0
0
# 49
1 49 1 189 queue9
stage -1.0 32.0 2.0 69.0 1.0 2.0 63.0 1 0.0 0.0
0
# 50
1 50 1 191 queue10
stage -1.0 32.0 5.0 118.0 1.0 2.0 377.0 1 0.0 0.0
0
# 51
1 51 1 192 queue11
stage -1.0 32.0 12.0 83.0 1.0 2.0 169.0 1 0.0 0.0
0
# 52
1 52 1 192 queue12
stage -1.0 32.0 16.0 147.0 1.0 2.0 304.0 1 0.0 0.0
0
# 53
1 53 1 192 queue13
stage -1.0 32.0 3.0 88.0 1.0 2.0 236.0 1 0.0 0.0
0
# 54
1 54 1 192 queue14
stage -1.0 32.0 5.0 51.0 1.0 2.0 118.0 1 0.0 0.0
0
# 55
1 55 1 192 queue15
stage -1.0 32.0 5.0 135.0 1.0 2.0 400.0 1 0.0 0.0
0
# 56
1 56 1 192 queue16
stage -1.0 32.0 4.0 129.0 1.0 2.0 357.0 1 0.0 0.0
0
# 57
1 57 1 192 queue17
stage -1.0 32.0 6.0 157.0 1.0 2.0 340.0 1 0.0 0.0
0
# 58
1 58 1 193 queue18
stage -1.0 32.0 5.0 54.0 1.0 2.0 127.0 1 0.0 0.0
0
# 59
1 59 1 193 queue19
stage -1.0 32.0 8.0 97.0 1.0 2.0 200.0 1 0.0 0.0
0
# 60
1 60 1 193 queue0
stage -1.0 32.0 14.0 67.0 1.0 2.0 158.0 1 0.0 0.0
0
# 61
1 61 1 193 queue1
stage -1.0 32.0 9.0 93.0 1.0 2.0 400.0 1 0.0 0.0
0
# 62
1 62 1 193 queue2
stage -1.0 32.0 5.0 153.0 1.0 2.0 304.0 1 0.0 0.0
0
# 63
1 63 1 193 queue3
stage -1.0 32.0 13.0 119.0 1.0 2.0 210.0 1 0.0 0.0
0
# 64
1 64 1 193 queue4
stage -1.0 32.0 10.0 70.0 1.0 2.0 162.0 1 0.0 0.0
0
# 65
1 65 1 194 queue5
stage -1.0 32.0 1.0 45.0 1.0 2.0 97.0 1 0.0 0.0
0
# 66
1 66 1 194 queue6
stage -1.0 32.0 13.0 86.0 1.0 2.0 188.0 1 0.0 0.0
0
# 67
1 67 1 195 queue7
stage -1.0 32.0 3.0 158.0 1.0 2.0 400.0 1 0.0 0.0
0
# 68
1 68 1 195 queue8
stage -1.0 32.0 8.0 91.0 1.0 2.0 213.0 1 0.0 0.0
0
# 69
1 69 1 195 queue9
stage -1.0 32.0 6.0 41.0 1.0 2.0 156.0 1 0.0 0.0
0
# 70
1 70 1 195 queue10
stage -1.0 32.0 13.0 52.0 1.0 2.0 78.0 1 0.0 0.0
0
# 71
1 71 1 197 queue11
stage -1.0 32.0 9.0 64.0 1.0 2.0 400.0 1 0.0 0.0
0
# 72
1 72 1 197 queue12
stage -1.0 32.0 10.0 52.0 1.0 2.0 160.0 1 0.0 0.0
0
# 73
1 73 1 199 queue13
stage -1.0 32.0 11.0 60.0 1.0 2.0 400.0 1 0.0 0.0
0
# 74
1 74 1 199 queue14
stage -1.0 32.0 12.0 107.0 1.0 2.0 400.0 1 0.0 0.0
0
# 75
1 75 1 199 queue15
stage -1.0 32.0 2.0 77.0 1.0 2.0 98.0 1 0.0 0.0
0
# 76
1 76 1 199 queue16
stage -1.0 32.0 15.0 57.0 1.0 2.0 88.0 1 0.0 0.0
0
# 77
1 77 1 199 queue17
stage -1.0 32.0 14.0 51.0 1.0 2.0 144.0 1 0.0 0.0
0
# 78
1 78 1 200 queue18
stage -1.0 32.0 16.0 87.0 1.0 2.0 84.0 1 0.0 0.0
0
# 79
1 79 1 200 queue19
stage -1.0 32.0 8.0 45.0 1.0 2.0 345.0 1 0.0 0.0
0
# 80
1 80 1 200 queue0
stage -1.0 32.0 16.0 47.0 1.0 2.0 88.0 1 0.0 0.0
0
# 81
1 81 1 200 queue1
stage -1.0 32.0 13.0 40.0 1.0 2.0 84.0 1 0.0 0.0
0
# 82
1 82 1 200 queue2
stage -1.0 32.0 14.0 130.0 1.0 2.0 140.0 1 0.0 0.0
0
# 83
1 83 1 200 queue3
stage -1.0 32.0 7.0 46.0 1.0 2.0 47.0 1 0.0 0.0
0
# 84
1 84 1 200 queue4
stage -1.0 32.0 13.0 59.0 1.0 2.0 204.0 1 0.0 0.0
0
# 85
1 85 1 201 queue5
stage -1.0 32.0 15.0 75.0 1.0 2.0 127.0 1 0.0 0.0
0
# 86
1 86 1 201 queue6
stage -1.0 32.0 5.0 53.0 1.0 2.0 97.0 1 0.0 0.0
0
# 87
1 87 1 201 queue7
stage -1.0 32.0 3.0 50.0 1.0 2.0 66.0 1 0.0 0.0
0
# 88
1 88 1 203 queue8
stage -1.0 32.0 10.0 141.0 1.0 2.0 167.0 1 0.0 0.0
0
# 89
1 89 1 203 queue9
stage -1.0 32.0 3.0 88.0 1.0 2.0 97.0 1 0.0 0.0
0
# 90
1 90 1 203 queue10
stage -1.0 32.0 10.0 138.0 1.0 2.0 122.0 1 0.0 0.0
0
# 91
1 91 1 203 queue11
stage -1.0 32.0 9.0 67.0 1.0 2.0 50.0 1 0.0 0.0
0
# 92
1 92 1 203 queue12
stage -1.0 32.0 2.0 72.0 1.0 2.0 54.0 1 0.0 0.0
0
# 93
1 93 1 204 queue13
stage -1.0 32.0 2.0 58.0 1.0 2.0 55.0 1 0.0 0.0
0
# 94
1 94 1 205 queue14
stage -1.0 32.0 4.0 53.0 1.0 2.0 53.0 1 0.0 0.0
0
# 95
1 95 1 205 queue15
stage -1.0 32.0 1.0 74.0 1.0 2.0 59.0 1 0.0 0.0
0
# 96
1 96 1 207 queue16
stage -1.0 32.0 16.0 150.0 1.0 2.0 93.0 1 0.0 0.0
0
# 97
1 97 1 208 queue17
stage -1.0 32.0 8.0 82.0 1.0 2.0 70.0 1 0.0 0.0
0
# 98
1 98 1 215 queue18
stage -1.0 32.0 15.0 66.0 1.0 2.0 51.0 1 0.0 0.0
0
# 99
1 99 1 378 queue19
stage -1.0 32.0 2.0 69.0 1.0 2.0 63.0 1 0.0 0.0
0
# 100
1 100 1 380 queue0
stage -1.0 32.0 5.0 118.0 1.0 2.0 377.0 1 0.0 0.0
0
# 101
1 101 1 381 queue1
stage -1.0 32.0 12.0 83.0 1.0 2.0 169.0 1 0.0 0.0
0
# 102
1 102 1 381 queue2
stage -1.0 32.0 16.0 147.0 1.0 2.0 304.0 1 0.0 0.0
0
# 103
1 103 1 381 queue3
stage -1.0 32.0 3.0 88.0 1.0 2.0 236.0 1 0.0 0.0
0
# 104
1 104 1 381 queue4
stage -1.0 32.0 5.0 51.0 1.0 2.0 118.0 1 0.0 0.0
0
# 105
1 105 1 381 queue5
stage -1.0 32.0 5.0 135.0 1.0 2.0 400.0 1 0.0 0.0
0
# 106
1 106 1 381 queue6
stage -1.0 32.0 4.0 129.0 1.0 2.0 357.0 1 0.0 0.0
0
# 107
1 107 1 381 queue7
stage -1.0 32.0 6.0 157.0 1.0 2.0 340.0 1 0.0 0.0
0
# 108
1 108 1 382 queue8
stage -1.0 32.0 5.0 54.0 1.0 2.0 127.0 1 0.0 0.0
0
# 109
1 109 1 382 queue9
stage -1.0 32.0 8.0 97.0 1.0 2.0 200.0 1 0.0 0.0
0
# 110
1 110 1 382 queue10
stage -1.0 32.0 14.0 67.0 1.0 2.0 158.0 1 0.0 0.0
0
# 111
1 111 1 382 queue11
stage -1.0 32.0 9.0 93.0 1.0 2.0 400.0 1 0.0 0.0
0
# 112
1 112 1 382 queue12
stage -1.0 32.0 5.0 153.0 1.0 2.0 304.0 1 0.0 0.0
0
# 113
1 113 1 382 queue13
stage -1.0 32.0 13.0 119.0 1.0 2.0 210.0 1 0.0 0.0
0
# 114
1 114 1 382 queue14
stage -1.0 32.0 10.0 70.0 1.0 2.0 162.0 1 0.0 0.0
0
# 115
1 115 1 383 queue15
stage -1.0 32.0 1.0 45.0 1.0 2.0 97.0 1 0.0 0.0
0
# 116
1 116 1 383 queue16
stage -1.0 32.0 13.0 86.0 1.0 2.0 188.0 1 0.0 0.0
0
# 117
1 117 1 384 queue17
stage -1.0 32.0 3.0 158.0 1.0 2.0 400.0 1 0.0 0.0
0
# 118
1 118 1 384 queue18
stage -1.0 32.0 8.0 91.0 1.0 2.0 213.0 1 0.0 0.0
0
# 119
1 119 1 384 queue19
stage -1.0 32.0 6.0 41.0 1.0 2.0 156.0 1 0.0 0.0
0
# 120
1 120 1 384 queue0
stage -1.0 32.0 13.0 52.0 1.0 2.0 78.0 1 0.0 0.0
0
# 121
1 121 1 386 queue1
stage -1.0 32.0 9.0 64.0 1.0 2.0 400.0 1 0.0 0.0
0
# 122
1 122 1 386 queue2
stage -1.0 32.0 10.0 52.0 1.0 2.0 160.0 1 0.0 0.0
0
# 123
1 123 1 388 queue3
stage -1.0 32.0 11.0 60.0 1.0 2.0 400.0 1 0.0 0.0
0
# 124
1 124 1 388 queue4
stage -1.0 32.0 12.0 107.0 1.0 2.0 400.0 1 0.0 0.0
0
# 125
1 125 1 388 queue5
stage -1.0 32.0 2.0 77.0 1.0 2.0 98.0 1 0.0 0.0
0
# 126
1 126 1 388 queue6
stage -1.0 32.0 15.0 57.0 1.0 2.0 88.0 1 0.0 0.0
0
# 127
1 127 1 388 queue7
stage -1.0 32.0 14.0 51.0 1.0 2.0 144.0 1 0.0 0.0
0
# 128
1 128 1 389 queue8
stage -1.0 32.0 16.0 87.0 1.0 2.0 84.0 1 0.0 0.0
0
# 129
1 129 1 389 queue9
stage -1.0 32.0 8.0 45.0 1.0 2.0 345.0 1 0.0 0.0
0
# 130
1 130 1 389 queue10
stage -1.0 32.0 16.0 47.0 1.0 2.0 88.0 1 0.0 0.0
0
# 131
1 131 1 389 queue11
stage -1.0 32.0 13.0 40.0 1.0 2.0 84.0 1 0.0 0.0
0
# 132
1 132 1 389 queue12
stage -1.0 32.0 14.0 130.0 1.0 2.0 140.0 1 0.0 0.0
0
# 133
1 133 1 389 queue13
stage -1.0 32.0 7.0 46.0 1.0 2.0 47.0 1 0.0 0.0
0
# 134
1 134 1 389 queue14
stage -1.0 32.0 13.0 59.0 1.0 2.0 204.0 1 0.0 0.0
0
# 135
1 135 1 390 queue15
stage -1.0 32.0 15.0 75.0 1.0 2.0 127.0 1 0.0 0.0
0
# 136
1 136 1 390 queue16
stage -1.0 32.0 5.0 53.0 1.0 2.0 97.0 1 0.0 0.0
0
# 137
1 137 1 390 queue17
stage -1.0 32.0 3.0 50.0 1.0 2.0 66.0 1 0.0 0.0
0
# 138
1 138 1 392 queue18
stage -1.0 32.0 10.0 141.0 1.0 2.0 167.0 1 0.0 0.0
0
# 139
1 139 1 392 queue19
stage -1.0 32.0 3.0 88.0 1.0 2.0 97.0 1 0.0 0.0
0
# 140
1 140 1 392 queue0
stage -1.0 32.0 10.0 138.0 1.0 2.0 122.0 1 0.0 0.0
0
# 141
1 141 1 392 queue1
stage -1.0 32.0 9.0 67.0 1.0 2.0 50.0 1 0.0 0.0
0
# 142
1 142 1 392 queue2
stage -1.0 32.0 2.0 72.0 1.0 2.0 54.0 1 0.0 0.0
0
# 143
1 143 1 393 queue3
stage -1.0 32.0 2.0 58.0 1.0 2.0 55.0 1 0.0 0.0
0
# 144
1 144 1 394 queue4
stage -1.0 32.0 4.0 53.0 1.0 2.0 53.0 1 0.0 0.0
0
# 145
1 145 1 394 queue5
stage -1.0 32.0 1.0 74.0 1.0 2.0 59.0 1 0.0 0.0
0
# 146
1 146 1 396 queue6
stage -1.0 32.0 16.0 150.0 1.0 2.0 93.0 1 0.0 0.0
0
# 147
1 147 1 397 queue7
stage -1.0 32.0 8.0 82.0 1.0 2.0 70.0 1 0.0 0.0
0
# 148
1 148 1 404 queue8
stage -1.0 32.0 15.0 66.0 1.0 2.0 51.0 1 0.0 0.0
0
# 149
1 149 1 567 queue9
stage -1.0 32.0 2.0 69.0 1.0 2.0 63.0 1 0.0 0.0
0
# 150
1 150 1 569 queue10
stage -1.0 32.0 5.0 118.0 1.0 2.0 377.0 1 0.0 0.0
0
# 151
1 151 1 570 queue11
stage -1.0 32.0 12.0 83.0 1.0 2.0 169.0 1 0.0 0.0
0
# 152
1 152 1 570 queue12
stage -1.0 32.0 16.0 147.0 1.0 2.0 304.0 1 0.0 0.0
0
# 153
1 153 1 570 queue13
stage -1.0 32.0 3.0 88.0 1.0 2.0 236.0 1 0.0 0.0
0
# 154
1 154 1 570 queue14
stage -1.0 32.0 5.0 51.0 1.0 2.0 118.0 1 0.0 0.0
0
# 155
1 155 1 570 queue15
stage -1.0 32.0 5.0 135.0 1.0 2.0 400.0 1 0.0 0.0
0
# 156
1 156 1 570 queue16
stage -1.0 32.0 4.0 129.0 1.0 2.0 357.0 1 0.0 0.0
0
# 157
1 157 1 570 queue17
stage -1.0 32.0 6.0 157.0 1.0 2.0 340.0 1 0.0 0.0
0
# 158
1 158 1 571 queue18
stage -1.0 32.0 5.0 54.0 1.0 2.0 127.0 1 0.0 0.0
0
# 159
1 159 1 571 queue19
stage -1.0 32.0 8.0 97.0 1.0 2.0 200.0 1 0.0 0.0
0
# 160
1 160 1 571 queue0
stage -1.0 32.0 14.0 67.0 1.0 2.0 158.0 1 0.0 0.0
0
# 161
1 161 1 571 queue1
stage -1.0 32.0 9.0 93.0 1.0 2.0 400.0 1 0.0 0.0
0
# 162
1 162 1 571 queue2
stage -1.0 32.0 5.0 153.0 1.0 2.0 304.0 1 0.0 0.0
0
# 163
1 163 1 571 queue3
stage -1.0 32.0 13.0 119.0 1.0 2.0 210.0 1 0.0 0.0
0
# 164
1 164 1 571 queue4
stage -1.0 32.0 10.0 70.0 1.0 2.0 162.0 1 0.0 0.0
0
# 165
1 165 1 572 queue5
stage -1.0 32.0 1.0 45.0 1.0 2.0 97.0 1 0.0 0.0
0
# 166
1 166 1 572 queue6
stage -1.0 32.0 13.0 86.0 1.0 2.0 188.0 1 0.0 0.0
0
# 167
1 167 1 573 queue7
stage -1.0 32.0 3.0 158.0 1.0 2.0 400.0 1 0.0 0.0
0
# 168
1 168 1 573 queue8
stage -1.0 32.0 8.0 91.0 1.0 2.0 213.0 1 0.0 0.0
0
# 169
1 169 1 573 queue9
stage -1.0 32.0 6.0 41.0 1.0 2.0 156.0 1 0.0 0.0
0
# 170
1 170 1 573 queue10
stage -1.0 32.0 13.0 52.0 1.0 2.0 78.0 1 0.0 0.0
0
# 171
1 171 1 575 queue11
stage -1.0 32.0 9.0 64.0 1.0 2.0 400.0 1 0.0 0.0
0
# 172
1 172 1 575 queue12
stage -1.0 32.0 10.0 52.0 1.0 2.0 160.0 1 0.0 0.0
0
# 173
1 173 1 577 queue13
stage -1.0 32.0 11.0 60.0 1.0 2.0 400.0 1 0.0 0.0
0
# 174
1 174 1 577 queue14
stage -1.0 32.0 12.0 107.0 1.0 2.0 400.0 1 0.0 0.0
0
# 175
1 175 1 577 queue15
stage -1.0 32.0 2.0 77.0 1.0 2.0 98.0 1 0.0 0.0
0
# 176
1 176 1 577 queue16
stage -1.0 32.0 15.0 57.0 1.0 2.0 88.0 1 0.0 0.0
0
# 177
1 177 1 577 queue17
stage -1.0 32.0 14.0 51.0 1.0 2.0 144.0 1 0.0 0.0
0
# 178
1 178 1 578 queue18
stage -1.0 32.0 16.0 87.0 1.0 2.0 84.0 1 0.0 0.0
0
# 179
1 179 1 578 queue19
stage -1.0 32.0 8.0 45.0 1.0 2.0 345.0 1 0.0 0.0
0
# 180
1 180 1 578 queue0
stage -1.0 32.0 16.0 47.0 1.0 2.0 88.0 1 0.0 0.0
0
# 181
1 181 1 578 queue1
stage -1.0 32.0 13.0 40.0 1.0 2.0 84.0 1 0.0 0.0
0
# 182
1 182 1 578 queue2
stage -1.0 32.0 14.0 130.0 1.0 2.0 140.0 1 0.0 0.0
0
# 183
1 183 1 578 queue3
stage -1.0 32.0 7.0 46.0 1.0 2.0 47.0 1 0.0 0.0
0
# 184
1 184 1 578 queue4
stage -1.0 32.0 13.0 59.0 1.0 2.0 204.0 1 0.0 0.0
0
# 185
1 185 1 579 queue5
stage -1.0 32.0 15.0 75.0 1.0 2.0 127.0 1 0.0 0.0
0
# 186
1 186 1 579 queue6
stage -1.0 32.0 5.0 53.0 1.0 2.0 97.0 1 0.0 0.0
0
# 187
1 187 1 579 queue7
stage -1.0 32.0 3.0 50.0 1.0 2.0 66.0 1 0.0 0.0
0
# 188
1 188 1 581 queue8
stage -1.0 32.0 10.0 141.0 1.0 2.0 167.0 1 0.0 0.0
0
# 189
1 189 1 581 queue9
stage -1.0 32.0 3.0 88.0 1.0 2.0 97.0 1 0.0 0.0
0
# 190
1 190 1 581 queue10
stage -1.0 32.0 10.0 138.0 1.0 2.0 122.0 1 0.0 0.0
0
# 191
1 191 1 581 queue11
stage -1.0 32.0 9.0 67.0 1.0 2.0 50.0 1 0.0 0.0
0
# 192
1 192 1 581 queue12
stage -1.0 32.0 2.0 72.0 1.0 2.0 54.0 1 0.0 0.0
0
# 193
1 193 1 582 queue13
stage -1.0 32.0 2.0 58.0 1.0 2.0 55.0 1 0.0 0.0
0
# 194
1 194 1 583 queue14
stage -1.0 32.0 4.0 53.0 1.0 2.0 53.0 1 0.0 0.0
0
# 195
1 195 1 583 queue15
stage -1.0 32.0 1.0 74.0 1.0 2.0 59.0 1 0.0 0.0
0
# 196
1 196 1 585 queue16
stage -1.0 32.0 16.0 150.0 1.0 2.0 93.0 1 0.0 0.0
0
# 197
1 197 1 586 queue17
stage -1.0 32.0 8.0 82.0 1.0 2.0 70.0 1 0.0 0.0
0
# 198
1 198 1 593 queue18
stage -1.0 32.0 15.0 66.0 1.0 2.0 51.0 1 0.0 0.0
0
# 199
1 199 1 756 queue19
stage -1.0 32.0 2.0 69.0 1.0 2.0 63.0 1 0.0 0.0
0
# 200
1 200 1 758 queue0
stage -1.0 32.0 5.0 118.0 1.0 2.0 377.0 1 0.0 0.0
0
# 201
1 201 1 759 queue1
stage -1.0 32.0 12.0 83.0 1.0 2.0 169.0 1 0.0 0.0
0
# 202
1 202 1 759 queue2
stage -1.0 32.0 16.0 147.0 1.0 2.0 304.0 1 0.0 0.0
0
# 203
1 203 1 759 queue3
stage -1.0 32.0 3.0 88.0 1.0 2.0 236.0 1 0.0 0.0
0
# 204
1 204 1 759 queue4
stage -1.0 32.0 5.0 51.0 1.0 2.0 118.0 1 0.0 0.0
0
# 205
1 205 1 759 queue5
stage -1.0 32.0 5.0 135.0 1.0 2.0 400.0 1 0.0 0.0
0
# 206
1 206 1 759 queue6
stage -1.0 32.0 4.0 129.0 1.0 2.0 357.0 1 0.0 0.0
0
# 207
1 207 1 759 queue7
stage -1.0 32.0 6.0 157.0 1.0 2.0 340.0 1 0.0 0.0
0
# 208
1 208 1 760 queue8
stage -1.0 32.0 5.0 54.0 1.0 2.0 127.0 1 0.0 0.0
0
# 209
1 209 1 760 queue9
stage -1.0 32.0 8.0 97.0 1.0 2.0 200.0 1 0.0 0.0
0
# 210
1 210 1 760 queue10
stage -1.0 32.0 14.0 67.0 1.0 2.0 158.0 1 0.0 0.0
0
# 211
1 211 1 760 queue11
stage -1.0 32.0 9.0 93.0 1.0 2.0 400.0 1 0.0 0.0
0
# 212
1 212 1 760 queue12
stage -1.0 32.0 5.0 153.0 1.0 2.0 304.0 1 0.0 0.0
0
# 213
1 213 1 760 queue13
stage -1.0 32.0 13.0 119.0 1.0 2.0 210.0 1 0.0 0.0
0
# 214
1 214 1 760 queue14
stage -1.0 32.0 10.0 70.0 1.0 2.0 162.0 1 0.0 0.0
0
# 215
1 215 1 761 queue15
stage -1.0 32.0 1.0 45.0 1.0 2.0 97.0 1 0.0 0.0
0
# 216
1 216 1 761 queue16
stage -1.0 32.0 13.0 86.0 1.0 2.0 188.0 1 0.0 0.0
0
# 217
1 217 1 762 queue17
stage -1.0 32.0 3.0 158.0 1.0 2.0 400.0 1 0.0 0.0
0
# 218
1 218 1 762 queue18
stage -1.0 32.0 8.0 91.0 1.0 2.0 213.0 1 0.0 0.0
0
# 219
1 219 1 762 queue19
stage -1.0 32.0 6.0 41.0 1.0 2.0 156.0 1 0.0 0.0
0
# 220
1 220 1 762 queue0
stage -1.0 32.0 13.0 52.0 1.0 2.0 78.0 1 0.0 0.0
0
# 221
1 221 1 764 queue1
stage -1.0 32.0 9.0 64.0 1.0 2.0 400.0 1 0.0 0.0
0
# 222
1 222 1 764 queue2
stage -1.0 32.0 10.0 52.0 1.0 2.0 160.0 1 0.0 0.0
0
# 223
1 223 1 766 queue3
stage -1.0 32.0 11.0 60.0 1.0 2.0 400.0 1 0.0 0.0
0
# 224
1 224 1 766 queue4
stage -1.0 32.0 12.0 107.0 1.0 2.0 400.0 1 0.0 0.0
0
# 225
1 225 1 766 queue5
stage -1.0 32.0 2.0 77.0 1.0 2.0 98.0 1 0.0 0.0
0
# 226
1 226 1 766 queue6
stage -1.0 32.0 15.0 57.0 1.0 2.0 88.0 1 0.0 0.0
0
# 227
1 227 1 766 queue7
stage -1.0 32.0 14.0 51.0 1.0 2.0 144.0 1 0.0 0.0
0
# 228
1 228 1 767 queue8
stage -1.0 32.0 16.0 87.0 1.0 2.0 84.0 1 0.0 0.0
0
# 229
1 229 1 767 queue9
stage -1.0 32.0 8.0 45.0 1.0 2.0 345.0 1 0.0 0.0
0
# 230
1 230 1 767 queue10
stage -1.0 32.0 16.0 47.0 1.0 2.0 88.0 1 0.0 0.0
0
# 231
1 231 1 767 queue11
stage -1.0 32.0 13.0 40.0 1.0 2.0 84.0 1 0.0 0.0
0
# 232
1 232 1 767 queue12
stage -1.0 32.0 14.0 130.0 1.0 2.0 140.0 1 0.0 0.0
0
# 233
1 233 1 767 queue13
stage -1.0 32.0 7.0 46.0 1.0 2.0 47.0 1 0.0 0.0
0
# 234
1 234 1 767 queue14
stage -1.0 32.0 13.0 59.0 1.0 2.0 204.0 1 0.0 0.0
0
# 235
1 235 1 768 queue15
stage -1.0 32.0 15.0 75.0 1.0 2.0 127.0 1 0.0 0.0
0
# 236
1 236 1 768 queue16
stage -1.0 32.0 5.0 53.0 1.0 2.0 97.0 1 0.0 0.0
0
# 237
1 237 1 768 queue17
stage -1.0 32.0 3.0 50.0 1.0 2.0 66.0 1 0.0 0.0
0
# 238
1 238 1 770 queue18
stage -1.0 32.0 10.0 141.0 1.0 2.0 167.0 1 0.0 0.0
0
# 239
1 239 1 770 queue19
stage -1.0 32.0 3.0 88.0 1.0 2.0 97.0 1 0.0 0.0
0
# 240
1 240 1 770 queue0
stage -1.0 32.0 10.0 138.0 1.0 2.0 122.0 1 0.0 0.0
0
# 241
1 241 1 770 queue1
stage -1.0 32.0 9.0 67.0 1.0 2.0 50.0 1 0.0 0.0
0
# 242
1 242 1 770 queue2
stage -1.0 32.0 2.0 72.0 1.0 2.0 54.0 1 0.0 0.0
0
# 243
1 243 1 771 queue3
stage -1.0 32.0 2.0 58.0 1.0 2.0 55.0 1 0.0 0.0
0
# 244
1 244 1 772 queue4
stage -1.0 32.0 4.0 53.0 1.0 2.0 53.0 1 0.0 0.0
0
# 245
1 245 1 772 queue5
stage -1.0 32.0 1.0 74.0 1.0 2.0 59.0 1 0.0 0.0
0
# 246
1 246 1 774 queue6
stage -1.0 32.0 16.0 150.0 1.0 2.0 93.0 1 0.0 0.0
0
# 247
1 247 1 775 queue7
stage -1.0 32.0 8.0 82.0 1.0 2.0 70.0 1 0.0 0.0
0
# 248
1 248 1 782 queue8
stage -1.0 32.0 15.0 66.0 1.0 2.0 51.0 1 0.0 0.0
0
# 249
1 249 1 945 queue9
stage -1.0 32.0 2.0 69.0 1.0 2.0 63.0 1 0.0 0.0
0
# 250
1 250 1 947 queue10
stage -1.0 32.0 5.0 118.0 1.0 2.0 377.0 1 0.0 0.0
0
# 251
1 251 1 948 queue11
stage -1.0 32.0 12.0 83.0 1.0 2.0 169.0 1 0.0 0.0
0
# 252
1 252 1 948 queue12
stage -1.0 32.0 16.0 147.0 1.0 2.0 304.0 1 0.0 0.0
0
# 253
1 253 1 948 queue13
stage -1.0 32.0 3.0 88.0 1.0 2.0 236.0 1 0.0 0.0
0
# 254
1 254 1 948 queue14
stage -1.0 32.0 5.0 51.0 1.0 2.0 118.0 1 0.0 0.0
0
# 255
1 255 1 948 queue15
stage -1.0 32.0 5.0 135.0 1.0 2.0 400.0 1 0.0 0.0
0
# 256
1 256 1 948 queue16
stage -1.0 32.0 4.0 129.0 1.0 2.0 357.0 1 0.0 0.0
0
# 257
1 257 1 948 queue17
stage -1.0 32.0 6.0 157.0 1.0 2.0 340.0 1 0.0 0.0
0
# 258
1 258 1 949 queue18
stage -1.0 32.0 5.0 54.0 1.0 2.0 127.0 1 0.0 0.0
0
# 259
1 259 1 949 queue19
stage -1.0 32.0 8.0 97.0 1.0 2.0 200.0 1 0.0 0.0
0
# 260
1 260 1 949 queue0
stage -1.0 32.0 14.0 67.0 1.0 2.0 158.0 1 0.0 0.0
0
# 261
1 261 1 949 queue1
stage -1.0 32.0 9.0 93.0 1.0 2.0 400.0 1 0.0 0.0
0
# 262
1 262 1 949 queue2
stage -1.0 32.0 5.0 153.0 1.0 2.0 304.0 1 0.0 0.0
0
# 263
1 263 1 949 queue3
stage -1.0 32.0 13.0 119.0 1.0 2.0 210.0 1 0.0 0.0
0
# 264
1 264 1 949 queue4
stage -1.0 32.0 10.0 70.0 1.0 2.0 162.0 1 0.0 0.0
0
# 265
1 265 1 950 queue5
stage -1.0 32.0 1.0 45.0 1.0 2.0 97.0 1 0.0 0.0
0
# 266
1 266 1 950 queue6
stage -1.0 32.0 13.0 86.0 1.0 2.0 188.0 1 0.0 0.0
0
# 267
1 267 1 951 queue7
stage -1.0 32.0 3.0 158.0 1.0 2.0 400.0 1 0.0 0.0
0
# 268
1 268 1 951 queue8
stage -1.0 32.0 8.0 91.0 1.0 2.0 213.0 1 0.0 0.0
0
# 269
1 269 1 951 queue9
stage -1.0 32.0 6.0 41.0 1.0 2.0 156.0 1 0.0 0.0
0
# 270
1 270 1 951 queue10
stage -1.0 32.0 13.0 52.0 1.0 2.0 78.0 1 0.0 0.0
0
# 271
1 271 1 953 queue11
stage -1.0 32.0 9.0 64.0 1.0 2.0 400.0 1 0.0 0.0
0
# 272
1 272 1 953 queue12
stage -1.0 32.0 10.0 52.0 1.0 2.0 160.0 1 0.0 0.0
0
# 273
1 273 1 955 queue13
stage -1.0 32.0 11.0 60.0 1.0 2.0 400.0 1 0.0 0.0
0
# 274
1 274 1 955 queue14
stage -1.0 32.0 12.0 107.0 1.0 2.0 400.0 1 0.0 0.0
0
# 275
1 275 1 955 queue15
stage -1.0 32.0 2.0 77.0 1.0 2.0 98.0 1 0.0 0.0
0
# 276
1 276 1 955 queue16
stage -1.0 32.0 15.0 57.0 1.0 2.0 88.0 1 0.0 0.0
0
# 277
1 277 1 955 queue17
stage -1.0 32.0 14.0 51.0 1.0 2.0 144.0 1 0.0 0.0
0
# 278
1 278 1 956 queue18
stage -1.0 32.0 16.0 87.0 1.0 2.0 84.0 1 0.0 0.0
0
# 279
1 279 1 956 queue19
stage -1.0 32.0 8.0 45.0 1.0 2.0 345.0 1 0.0 0.0
0
# 280
1 280 1 956 queue0
stage -1.0 32.0 16.0 47.0 1.0 2.0 88.0 1 0.0 0.0
0
# 281
1 281 1 956 queue1
stage -1.0 32.0 13.0 40.0 1.0 2.0 84.0 1 0.0 0.0
0
# 282
1 282 1 956 queue2
stage -1.0 32.0 14.0 130.0 1.0 2.0 140.0 1 0.0 0.0
0
# 283
1 283 1 956 queue3
stage -1.0 32.0 7.0 46.0 1.0 2.0 47.0 1 0.0 0.0
0
# 284
1 284 1 956 queue4
stage -1.0 32.0 13.0 59.0 1.0 2.0 204.0 1 0.0 0.0
0
# 285
1 285 1 957 queue5
stage -1.0 32.0 15.0 75.0 1.0 2.0 127.0 1 0.0 0.0
0
# 286
1 286 1 957 queue6
stage -1.0 32.0 5.0 53.0 1.0 2.0 97.0 1 0.0 0.0
0
# 287
1 287 1 957 queue7
stage -1.0 32.0 3.0 50.0 1.0 2.0 66.0 1 0.0 0.0
0
# 288
1 288 1 959 queue8
stage -1.0 32.0 10.0 141.0 1.0 2.0 167.0 1 0.0 0.0
0
# 289
1 289 1 959 queue9
stage -1.0 32.0 3.0 88.0 1.0 2.0 97.0 1 0.0 0.0
0
# 290
1 290 1 959 queue10
stage -1.0 32.0 10.0 138.0 1.0 2.0 122.0 1 0.0 0.0
0
# 291
1 291 1 959 queue11
stage -1.0 32.0 9.0 67.0 1.0 2.0 50.0 1 0.0 0.0
0
# 292
1 292 1 959 queue12
stage -1.0 32.0 2.0 72.0 1.0 2.0 54.0 1 0.0 0.0
0
# 293
1 293 1 960 queue13
stage -1.0 32.0 2.0 58.0 1.0 2.0 55.0 1 0.0 0.0
0
# 294
1 294 1 961 queue14
stage -1.0 32.0 4.0 53.0 1.0 2.0 53.0 1 0.0 0.0
0
# 295
1 295 1 961 queue15
stage -1.0 32.0 1.0 74.0 1.0 2.0 59.0 1 0.0 0.0
0
# 296
1 296 1 963 queue16
stage -1.0 32.0 16.0 150.0 1.0 2.0 93.0 1 0.0 0.0
0
# 297
1 297 1 964 queue17
stage -1.0 32.0 8.0 82.0 1.0 2.0 70.0 1 0.0 0.0
0
# 298
1 298 1 971 queue18
stage -1.0 32.0 15.0 66.0 1.0 2.0 51.0 1 0.0 0.0
0
# 299
1 299 1 1134 queue19
stage -1.0 32.0 2.0 69.0 1.0 2.0 63.0 1 0.0 0.0
0
# 300
1 300 1 1136 queue0
stage -1.0 32.0 5.0 118.0 1.0 2.0 377.0 1 0.0 0.0
0
# 301
1 301 1 1137 queue1
stage -1.0 32.0 12.0 83.0 1.0 2.0 169.0 1 0.0 0.0
0
# 302
1 302 1 1137 queue2
stage -1.0 32.0 16.0 147.0 1.0 2.0 304.0 1 0.0 0.0
0
# 303
1 303 1 1137 queue3
stage -1.0 32.0 3.0 88.0 1.0 2.0 236.0 1 0.0 0.0
0
# 304
1 304 1 1137 queue4
stage -1.0 32.0 5.0 51.0 1.0 2.0 118.0 1 0.0 0.0
0
# 305
1 305 1 1137 queue5
stage -1.0 32.0 5.0 135.0 1.0 2.0 400.0 1 0.0 0.0
0
# 306
1 306 1 1137 queue6
stage -1.0 32.0 4.0 129.0 1.0 2.0 357.0 1 0.0 0.0
0
# 307
1 307 1 1137 queue7
stage -1.0 32.0 6.0 157.0 1.0 2.0 340.0 1 0.0 0.0
0
# 308
1 308 1 1138 queue8
stage -1.0 32.0 5.0 54.0 1.0 2.0 127.0 1 0.0 0.0
0
# 309
1 309 1 1138 queue9
stage -1.0 32.0 8.0 97.0 1.0 2.0 200.0 1 0.0 0.0
0
# 310
1 310 1 1138 queue10
stage -1.0 32.0 14.0 67.0 1.0 2.0 158.0 1 0.0 0.0
0
# 311
1 311 1 1138 queue11
stage -1.0 32.0 9.0 93.0 1.0 2.0 400.0 1 0.0 0.0
0
# 312
1 312 1 1138 queue12
stage -1.0 32.0 5.0 153.0 1.0 2.0 304.0 1 0.0 0.0
0
# 313
1 313 1 1138 queue13
stage -1.0 32.0 13.0 119.0 1.0 2.0 210.0 1 0.0 0.0
0
# 314
1 314 1 1138 queue14
stage -1.0 32.0 10.0 70.0 1.0 2.0 162.0 1 0.0 0.0
0
# 315
1 315 1 1139 queue15
stage -1.0 32.0 1.0 45.0 1.0 2.0 97.0 1 0.0 0.0
0
# 316
1 316 1 1139 queue16
stage -1.0 32.0 13.0 86.0 1.0 2.0 188.0 1 0.0 0.0
0
# 317
1 317 1 1140 queue17
stage -1.0 32.0 3.0 158.0 1.0 2.0 400.0 1 0.0 0.0
0
# 318
1 318 1 1140 queue18
stage -1.0 32.0 8.0 91.0 1.0 2.0 213.0 1 0.0 0.0
0
# 319
1 319 1 1140 queue19
stage -1.0 32.0 6.0 41.0 1.0 2.0 156.0 1 0.0 0.0
0
# 320
1 320 1 1140 queue0
stage -1.0 32.0 13.0 52.0 1.0 2.0 78.0 1 0.0 0.0
0
# 321
1 321 1 1142 queue1
stage -1.0 32.0 9.0 64.0 1.0 2.0 400.0 1 0.0 0.0
0
# 322
1 322 1 1142 queue2
stage -1.0 32.0 10.0 52.0 1.0 2.0 160.0 1 0.0 0.0
0
# 323
1 323 1 1144 queue3
stage -1.0 32.0 11.0 60.0 1.0 2.0 400.0 1 0.0 0.0
0
# 324
1 324 1 1144 queue4
stage -1.0 32.0 12.0 107.0 1.0 2.0 400.0 1 0.0 0.0
0
# 325
1 325 1 1144 queue5
stage -1.0 32.0 2.0 77.0 1.0 2.0 98.0 1 0.0 0.0
0
# 326
1 326 1 1144 queue6
stage -1.0 32.0 15.0 57.0 1.0 2.0 88.0 1 0.0 0.0
0
# 327
1 327 1 1144 queue7
stage -1.0 32.0 14.0 51.0 1.0 2.0 144.0 1 0.0 0.0
0
# 328
1 328 1 1145 queue8
stage -1.0 32.0 16.0 87.0 1.0 2.0 84.0 1 0.0 0.0
0
# 329
1 329 1 1145 queue9
stage -1.0 32.0 8.0 45.0 1.0 2.0 345.0 1 0.0 0.0
0
# 330
1 330 1 1145 queue10
stage -1.0 32.0 16.0 47.0 1.0 2.0 88.0 1 0.0 0.0
0
# 331
1 331 1 1145 queue11
stage -1.0 32.0 13.0 40.0 1.0 2.0 84.0 1 0.0 0.0
0
# 332
1 332 1 1145 queue12
stage -1.0 32.0 14.0 130.0 1.0 2.0 140.0 1 0.0 0.0
0
# 333
1 333 1 1145 queue13
stage -1.0 32.0 7.0 46.0 1.0 2.0 47.0 1 0.0 0.0
0
# 334
1 334 1 1145 queue14
stage -1.0 32.0 13.0 59.0 1.0 2.0 204.0 1 0.0 0.0
0
# 335
1 335 1 1146 queue15
stage -1.0 32.0 15.0 75.0 1.0 2.0 127.0 1 0.0 0.0
0
# 336
1 336 1 1146 queue16
stage -1.0 32.0 5.0 53.0 1.0 2.0 97.0 1 0.0 0.0
0
# 337
1 337 1 1146 queue17
stage -1.0 32.0 3.0 50.0 1.0 2.0 66.0 1 0.0 0.0
0
# 338
1 338 1 1148 queue18
stage -1.0 32.0 10.0 141.0 1.0 2.0 167.0 1 0.0 0.0
0
# 339
1 339 1 1148 queue19
stage -1.0 32.0 3.0 88.0 1.0 2.0 97.0 1 0.0 0.0
0
# 340
1 340 1 1148 queue0
stage -1.0 32.0 10.0 138.0 1.0 2.0 122.0 1 0.0 0.0
0
# 341
1 341 1 1148 queue1
stage -1.0 32.0 9.0 67.0 1.0 2.0 50.0 1 0.0 0.0
0
# 342
1 342 1 1148 queue2
stage -1.0 32.0 2.0 72.0 1.0 2.0 54.0 1 0.0 0.0
0
# 343
1 343 1 1149 queue3
stage -1.0 32.0 2.0 58.0 1.0 2.0 55.0 1 0.0 0.0
0
# 344
1 344 1 1150 queue4
stage -1.0 32.0 4.0 53.0 1.0 2.0 53.0 1 0.0 0.0
0
# 345
1 345 1 1150 queue5
stage -1.0 32.0 1.0 74.0 1.0 2.0 59.0 1 0.0 0.0
0
# 346
1 346 1 1152 queue6
stage -1.0 32.0 16.0 150.0 1.0 2.0 93.0 1 0.0 0.0
0
# 347
1 347 1 1153 queue7
stage -1.0 32.0 8.0 82.0 1.0 2.0 70.0 1 0.0 0.0
0
# 348
1 348 1 1160 queue8
stage -1.0 32.0 15.0 66.0 1.0 2.0 51.0 1 0.0 0.0
0
# 349
1 349 1 1323 queue9
stage -1.0 32.0 2.0 69.0 1.0 2.0 63.0 1 0.0 0.0
0
# 350
1 350 1 1325 queue10
stage -1.0 32.0 5.0 118.0 1.0 2.0 377.0 1 0.0 0.0
0
# 351
1 351 1 1326 queue11
stage -1.0 32.0 12.0 83.0 1.0 2.0 169.0 1 0.0 0.0
0
# 352
1 352 1 1326 queue12
stage -1.0 32.0 16.0 147.0 1.0 2.0 304.0 1 0.0 0.0
0
# 353
1 353 1 1326 queue13
stage -1.0 32.0 3.0 88.0 1.0 2.0 236.0 1 0.0 0.0
0
# 354
1 354 1 1326 queue14
stage -1.0 32.0 5.0 51.0 1.0 2.0 118.0 1 0.0 0.0
0
# 355
1 355 1 1326 queue15
stage -1.0 32.0 5.0 135.0 1.0 2.0 400.0 1 0.0 0.0
0
# 356
1 356 1 1326 queue16
stage -1.0 32.0 4.0 129.0 1.0 2.0 357.0 1 0.0 0.0
0
# 357
1 357 1 1326 queue17
stage -1.0 32.0 6.0 157.0 1.0 2.0 340.0 1 0.0 0.0
0
# 358
1 358 1 1327 queue18
stage -1.0 32.0 5.0 54.0 1.0 2.0 127.0 1 0.0 0.0
0
# 359
1 359 1 1327 queue19
stage -1.0 32.0 8.0 97.0 1.0 2.0 200.0 1 0.0 0.0
0
# 360
1 360 1 1327 queue0
stage -1.0 32.0 14.0 67.0 1.0 2.0 158.0 1 0.0 0.0
0
# 361
1 361 1 1327 queue1
stage -1.0 32.0 9.0 93.0 1.0 2.0 400.0 1 0.0 0.0
0
# 362
1 362 1 1327 queue2
stage -1.0 32.0 5.0 153.0 1.0 2.0 304.0 1 0.0 0.0
0
# 363
1 363 1 1327 queue3
stage -1.0 32.0 13.0 119.0 1.0 2.0 210.0 1 0.0 0.0
0
# 364
1 364 1 1327 queue4
stage -1.0 32.0 10.0 70.0 1.0 2.0 162.0 1 0.0 0.0
0
# 365
1 365 1 1328 queue5
stage -1.0 32.0 1.0 45.0 1.0 2.0 97.0 1 0.0 0.0
0
# 366
1 366 1 1328 queue6
stage -1.0 32.0 13.0 86.0 1.0 2.0 188.0 1 0.0 0.0
0
# 367
1 367 1 1329 queue7
stage -1.0 32.0 3.0 158.0 1.0 2.0 400.0 1 0.0 0.0
0
# 368
1 368 1 1329 queue8
stage -1.0 32.0 8.0 91.0 1.0 2.0 213.0 1 0.0 0.0
0
# 369
1 369 1 1329 queue9
stage -1.0 32.0 6.0 41.0 1.0 2.0 156.0 1 0.0 0.0
0
# 370
1 370 1 1329 queue10
stage -1.0 32.0 13.0 52.0 1.0 2.0 78.0 1 0.0 0.0
0
# 371
1 371 1 1331 queue11
stage -1.0 32.0 9.0 64.0 1.0 2.0 400.0 1 0.0 0.0
0
# 372
1 372 1 1331 queue12
stage -1.0 32.0 10.0 52.0 1.0 2.0 160.0 1 0.0 0.0
0
# 373
1 373 1 1333 queue13
stage -1.0 32.0 11.0 60.0 1.0 2.0 400.0 1 0.0 0.0
0
# 374
1 374 1 1333 queue14
stage -1.0 32.0 12.0 107.0 1.0 2.0 400.0 1 0.0 0.0
0
# 375
1 375 1 1333 queue15
stage -1.0 32.0 2.0 77.0 1.0 2.0 98.0 1 0.0 0.0
0
# 376
1 376 1 1333 queue16
stage -1.0 32.0 15.0 57.0 1.0 2.0 88.0 1 0.0 0.0
0
# 377
1 377 1 1333 queue17
stage -1.0 32.0 14.0 51.0 1.0 2.0 144.0 1 0.0 0.0
0
# 378
1 378 1 1334 queue18
stage -1.0 32.0 16.0 87.0 1.0 2.0 84.0 1 0.0 0.0
0
# 379
1 379 1 1334 queue19
stage -1.0 32.0 8.0 45.0 1.0 2.0 345.0 1 0.0 0.0
0
# 380
1 380 1 1334 queue0
stage -1.0 32.0 16.0 47.0 1.0 2.0 88.0 1 0.0 0.0
0
# 381
1 381 1 1334 queue1
stage -1.0 32.0 13.0 40.0 1.0 2.0 84.0 1 0.0 0.0
0
# 382
1 382 1 1334 queue2
stage -1.0 32.0 14.0 130.0 1.0 2.0 140.0 1 0.0 0.0
0
# 383
1 383 1 1334 queue3
stage -1.0 32.0 7.0 46.0 1.0 2.0 47.0 1 0.0 0.0
0
# 384
1 384 1 1334 queue4
stage -1.0 32.0 13.0 59.0 1.0 2.0 204.0 1 0.0 0.0
0
# 385
1 385 1 1335 queue5
stage -1.0 32.0 15.0 75.0 1.0 2.0 127.0 1 0.0 0.0
0
# 386
1 386 1 1335 queue6
stage -1.0 32.0 5.0 53.0 1.0 2.0 97.0 1 0.0 0.0
0
# 387
1 387 1 1335 queue7
stage -1.0 32.0 3.0 50.0 1.0 2.0 66.0 1 0.0 0.0
0
# 388
1 388 1 1337 queue8
stage -1.0 32.0 10.0 141.0 1.0 2.0 167.0 1 0.0 0.0
0
# 389
1 389 1 1337 queue9
stage -1.0 32.0 3.0 88.0 1.0 2.0 97.0 1 0.0 0.0
0
# 390
1 390 1 1337 queue10
stage -1.0 32.0 10.0 138.0 1.0 2.0 122.0 1 0.0 0.0
0
# 391
1 391 1 1337 queue11
stage -1.0 32.0 9.0 67.0 1.0 2.0 50.0 1 0.0 0.0
0
# 392
1 392 1 1337 queue12
stage -1.0 32.0 2.0 72.0 1.0 2.0 54.0 1 0.0 0.0
0
# 393
1 393 1 1338 queue13
stage -1.0 32.0 2.0 58.0 1.0 2.0 55.0 1 0.0 0.0
0
# 394
1 394 1 1339 queue14
stage -1.0 32.0 4.0 53.0 1.0 2.0 53.0 1 0.0 0.0
0
# 395
1 395 1 1339 queue15
stage -1.0 32.0 1.0 74.0 1.0 2.0 59.0 1 0.0 0.0
0
# 396
1 396 1 1341 queue16
stage -1.0 32.0 16.0 150.0 1.0 2.0 93.0 1 0.0 0.0
0
# 397
1 397 1 1342 queue17
stage -1.0 32.0 8.0 82.0 1.0 2.0 70.0 1 0.0 0.0
0
# 398
1 398 1 1349 queue18
stage -1.0 32.0 15.0 66.0 1.0 2.0 51.0 1 0.0 0.0
0
# 399
1 399 1 1512 queue19
stage -1.0 32.0 2.0 69.0 1.0 2.0 63.0 1 0.0 0.0
0
# 400
1 400 1 1514 queue0
stage -1.0 32.0 5.0 118.0 1.0 2.0 377.0 1 0.0 0.0
0
# 401
1 401 1 1515 queue1
stage -1.0 32.0 12.0 83.0 1.0 2.0 169.0 1 0.0 0.0
0
# 402
1 402 1 1515 queue2
stage -1.0 32.0 16.0 147.0 1.0 2.0 304.0 1 0.0 0.0
0
# 403
1 403 1 1515 queue3
stage -1.0 32.0 3.0 88.0 1.0 2.0 236.0 1 0.0 0.0
0
# 404
1 404 1 1515 queue4
stage -1.0 32.0 5.0 51.0 1.0 2.0 118.0 1 0.0 0.0
0
# 405
1 405 1 1515 queue5
stage -1.0 32.0 5.0 135.0 1.0 2.0 400.0 1 0.0 0.0
0
# 406
1 406 1 1515 queue6
stage -1.0 32.0 4.0 129.0 1.0 2.0 357.0 1 0.0 0.0
0
# 407
1 407 1 1515 queue7
stage -1.0 32.0 6.0 157.0 1.0 2.0 340.0 1 0.0 0.0
0
# 408
1 408 1 1516 queue8
stage -1.0 32.0 5.0 54.0 1.0 2.0 127.0 1 0.0 0.0
0
# 409
1 409 1 1516 queue9
stage -1.0 32.0 8.0 97.0 1.0 2.0 200.0 1 0.0 0.0
0
# 410
1 410 1 1516 queue10
stage -1.0 32.0 14.0 67.0 1.0 2.0 158.0 1 0.0 0.0
0
# 411
1 411 1 1516 queue11
stage -1.0 32.0 9.0 93.0 1.0 2.0 400.0 1 0.0 0.0
0
# 412
1 412 1 1516 queue12
stage -1.0 32.0 5.0 153.0 1.0 2.0 304.0 1 0.0 0.0
0
# 413
1 413 1 1516 queue13
stage -1.0 32.0 13.0 119.0 1.0 2.0 210.0 1 0.0 0.0
0
# 414
1 414 1 1516 queue14
stage -1.0 32.0 10.0 70.0 1.0 2.0 162.0 1 0.0 0.0
0
# 415
1 415 1 1517 queue15
stage -1.0 32.0 1.0 45.0 1.0 2.0 97.0 1 0.0 0.0
0
# 416
1 416 1 1517 queue16
stage -1.0 32.0 13.0 86.0 1.0 2.0 188.0 1 0.0 0.0
0
# 417
1 417 1 1518 queue17
stage -1.0 32.0 3.0 158.0 1.0 2.0 400.0 1 0.0 0.0
0
# 418
1 418 1 1518 queue18
stage -1.0 32.0 8.0 91.0 1.0 2.0 213.0 1 0.0 0.0
0
# 419
1 419 1 1518 queue19
stage -1.0 32.0 6.0 41.0 1.0 2.0 156.0 1 0.0 0.0
0
# 420
1 420 1 1518 queue0
stage -1.0 32.0 13.0 52.0 1.0 2.0 78.0 1 0.0 0.0
0
# 421
1 421 1 1520 queue1
stage -1.0 32.0 9.0 64.0 1.0 2.0 400.0 1 0.0 0.0
0
# 422
1 422 1 1520 queue2
stage -1.0 32.0 10.0 52.0 1.0 2.0 160.0 1 0.0 0.0
0
# 423
1 423 1 1522 queue3
stage -1.0 32.0 11.0 60.0 1.0 2.0 400.0 1 0.0 0.0
0
# 424
1 424 1 1522 queue4
stage -1.0 32.0 12.0 107.0 1.0 2.0 400.0 1 0.0 0.0
0
# 425
1 425 1 1522 queue5
stage -1.0 32.0 2.0 77.0 1.0 2.0 98.0 1 0.0 0.0
0
# 426
1 426 1 1522 queue6
stage -1.0 32.0 15.0 57.0 1.0 2.0 88.0 1 0.0 0.0
0
# 427
1 427 1 1522 queue7
stage -1.0 32.0 14.0 51.0 1.0 2.0 144.0 1 0.0 0.0
0
# 428
1 428 1 1523 queue8
stage -1.0 32.0 16.0 87.0 1.0 2.0 84.0 1 0.0 0.0
0
# 429
1 429 1 1523 queue9
stage -1.0 32.0 8.0 45.0 1.0 2.0 345.0 1 0.0 0.0
0
# 430
1 430 1 1523 queue10
stage -1.0 32.0 16.0 47.0 1.0 2.0 88.0 1 0.0 0.0
0
# 431
1 431 1 1523 queue11
stage -1.0 32.0 13.0 40.0 1.0 2.0 84.0 1 0.0 0.0
0
# 432
1 432 1 1523 queue12
stage -1.0 32.0 14.0 130.0 1.0 2.0 140.0 1 0.0 0.0
0
# 433
1 433 1 1523 queue13
stage -1.0 32.0 7.0 46.0 1.0 2.0 47.0 1 0.0 0.0
0
# 434
1 434 1 1523 queue14
stage -1.0 32.0 13.0 59.0 1.0 2.0 204.0 1 0.0 0.0
0
# 435
1 435 1 1524 queue15
stage -1.0 32.0 15.0 75.0 1.0 2.0 127.0 1 0.0 0.0
0
# 436
1 436 1 1524 queue16
stage -1.0 32.0 5.0 53.0 1.0 2.0 97.0 1 0.0 0.0
0
# 437
1 437 1 1524 queue17
stage -1.0 32.0 3.0 50.0 1.0 2.0 66.0 1 0.0 0.0
0
# 438
1 438 1 1526 queue18
stage -1.0 32.0 10.0 141.0 1.0 2.0 167.0 1 0.0 0.0
0
# 439
1 439 1 1526 queue19
stage -1.0 32.0 3.0 88.0 1.0 2.0 97.0 1 0.0 0.0
0
# 440
1 440 1 1526 queue0
stage -1.0 32.0 10.0 138.0 1.0 2.0 122.0 1 0.0 0.0
0
# 441
1 441 1 1526 queue1
stage -1.0 32.0 9.0 67.0 1.0 2.0 50.0 1 0.0 0.0
0
# 442
1 442 1 1526 queue2
stage -1.0 32.0 2.0 72.0 1.0 2.0 54.0 1 0.0 0.0
0
# 443
1 443 1 1527 queue3
stage -1.0 32.0 2.0 58.0 1.0 2.0 55.0 1 0.0 0.0
0
# 444
1 444 1 1528 queue4
stage -1.0 32.0 4.0 53.0 1.0 2.0 53.0 1 0.0 0.0
0
# 445
1 445 1 1528 queue5
stage -1.0 32.0 1.0 74.0 1.0 2.0 59.0 1 0.0 0.0
0
# 446
1 446 1 1530 queue6
stage -1.0 32.0 16.0 150.0 1.0 2.0 93.0 1 0.0 0.0
0
# 447
1 447 1 1531 queue7
stage -1.0 32.0 8.0 82.0 1.0 2.0 70.0 1 0.0 0.0
0
# 448
1 448 1 1538 queue8
stage -1.0 32.0 15.0 66.0 1.0 2.0 51.0 1 0.0 0.0
0
# 449
1 449 1 1701 queue9
stage -1.0 32.0 2.0 69.0 1.0 2.0 63.0 1 0.0 0.0
0
# 450
1 450 1 1703 queue10
stage -1.0 32.0 5.0 118.0 1.0 2.0 377.0 1 0.0 0.0
0
# 451
1 451 1 1704 queue11
stage -1.0 32.0 12.0 83.0 1.0 2.0 169.0 1 0.0 0.0
0
# 452
1 452 1 1704 queue12
stage -1.0 32.0 16.0 147.0 1.0 2.0 304.0 1 0.0 0.0
0
# 453
1 453 1 1704 queue13
stage -1.0 32.0 3.0 88.0 1.0 2.0 236.0 1 0.0 0.0
0
# 454
1 454 1 1704 queue14
stage -1.0 32.0 5.0 51.0 1.0 2.0 118.0 1 0.0 0.0
0
# 455
1 455 1 1704 queue15
stage -1.0 32.0 5.0 135.0 1.0 2.0 400.0 1 0.0 0.0
0
# 456
1 456 1 1704 queue16
stage -1.0 32.0 4.0 129.0 1.0 2.0 357.0 1 0.0 0.0
0
# 457
1 457 1 1704 queue17
stage -1.0 32.0 6.0 157.0 1.0 2.0 340.0 1 0.0 0.0
0
# 458
1 458 1 1705 queue18
stage -1.0 32.0 5.0 54.0 1.0 2.0 127.0 1 0.0 0.0
0
# 459
1 459 1 1705 queue19
stage -1.0 32.0 8.0 97.0 1.0 2.0 200.0 1 0.0 0.0
0
# 460
1 460 1 1705 queue0
stage -1.0 32.0 14.0 67.0 1.0 2.0 158.0 1 0.0 0.0
0
# 461
1 461 1 1705 queue1
stage -1.0 32.0 9.0 93.0 1.0 2.0 400.0 1 0.0 0.0
0
# 462
1 462 1 1705 queue2
stage -1.0 32.0 5.0 153.0 1.0 2.0 304.0 1 0.0 0.0
0
# 463
1 463 1 1705 queue3
stage -1.0 32.0 13.0 119.0 1.0 2.0 210.0 1 0.0 0.0
0
# 464
1 464 1 1705 queue4
stage -1.0 32.0 10.0 70.0 1.0 2.0 162.0 1 0.0 0.0
0
# 465
1 465 1 1706 queue5
stage -1.0 32.0 1.0 45.0 1.0 2.0 97.0 1 0.0 0.0
0
# 466
1 466 1 1706 queue6
stage -1.0 32.0 13.0 86.0 1.0 2.0 188.0 1 0.0 0.0
0
# 467
1 467 1 1707 queue7
stage -1.0 32.0 3.0 158.0 1.0 2.0 400.0 1 0.0 0.0
0
# 468
1 468 1 1707 queue8
stage -1.0 32.0 8.0 91.0 1.0 2.0 213.0 1 0.0 0.0
0
# 469
1 469 1 1707 queue9
stage -1.0 32.0 6.0 41.0 1.0 2.0 156.0 1 0.0 0.0
0
# 470
1 470 1 1707 queue10
stage -1.0 32.0 13.0 52.0 1.0 2.0 78.0 1 0.0 0.0
0
# 471
1 471 1 1709 queue11
stage -1.0 32.0 9.0 64.0 1.0 2.0 400.0 1 0.0 0.0
0
# 472
1 472 1 1709 queue12
stage -1.0 32.0 10.0 52.0 1.0 2.0 160.0 1 0.0 0.0
0
# 473
1 473 1 1711 queue13
stage -1.0 32.0 11.0 60.0 1.0 2.0 400.0 1 0.0 0.0
0
# 474
1 474 1 1711 queue14
stage -1.0 32.0 12.0 107.0 1.0 2.0 400.0 1 0.0 0.0
0
# 475
1 475 1 1711 queue15
stage -1.0 32.0 2.0 77.0 1.0 2.0 98.0 1 0.0 0.0
0
# 476
1 476 1 1711 queue16
stage -1.0 32.0 15.0 57.0 1.0 2.0 88.0 1 0.0 0.0
0
# 477
1 477 1 1711 queue17
stage -1.0 32.0 14.0 51.0 1.0 2.0 144.0 1 0.0 0.0
0
# 478
1 478 1 1712 queue18
stage -1.0 32.0 16.0 87.0 1.0 2.0 84.0 1 0.0 0.0
0
# 479
1 479 1 1712 queue19
stage -1.0 32.0 8.0 45.0 1.0 2.0 345.0 1 0.0 0.0
0
# 480
1 480 1 1712 queue0
stage -1.0 32.0 16.0 47.0 1.0 2.0 88.0 1 0.0 0.0
0
# 481
1 481 1 1712 queue1
stage -1.0 32.0 13.0 40.0 1.0 2.0 84.0 1 0.0 0.0
0
# 482
1 482 1 1712 queue2
stage -1.0 32.0 14.0 130.0 1.0 2.0 140.0 1 0.0 0.0
0
# 483
1 483 1 1712 queue3
stage -1.0 32.0 7.0 46.0 1.0 2.0 47.0 1 0.0 0.0
0
# 484
1 484 1 1712 queue4
stage -1.0 32.0 13.0 59.0 1.0 2.0 204.0 1 0.0 0.0
0
# 485
1 485 1 1713 queue5
stage -1.0 32.0 15.0 75.0 1.0 2.0 127.0 1 0.0 0.0
0
# 486
1 486 1 1713 queue6
stage -1.0 32.0 5.0 53.0 1.0 2.0 97.0 1 0.0 0.0
0
# 487
1 487 1 1713 queue7
stage -1.0 32.0 3.0 50.0 1.0 2.0 66.0 1 0.0 0.0
0
# 488
1 488 1 1715 queue8
stage -1.0 32.0 10.0 141.0 1.0 2.0 167.0 1 0.0 0.0
0
# 489
1 489 1 1715 queue9
stage -1.0 32.0 3.0 88.0 1.0 2.0 97.0 1 0.0 0.0
0
# 490
1 490 1 1715 queue10
stage -1.0 32.0 10.0 138.0 1.0 2.0 122.0 1 0.0 0.0
0
# 491
1 491 1 1715 queue11
stage -1.0 32.0 9.0 67.0 1.0 2.0 50.0 1 0.0 0.0
0
# 492
1 492 1 1715 queue12
stage -1.0 32.0 2.0 72.0 1.0 2.0 54.0 1 0.0 0.0
0
# 493
1 493 1 1716 queue13
stage -1.0 32.0 2.0 58.0 1.0 2.0 55.0 1 0.0 0.0
0
# 494
1 494 1 1717 queue14
stage -1.0 32.0 4.0 53.0 1.0 2.0 53.0 1 0.0 0.0
0
# 495
1 495 1 1717 queue15
stage -1.0 32.0 1.0 74.0 1.0 2.0 59.0 1 0.0 0.0
0
# 496
1 496 1 1719 queue16
stage -1.0 32.0 16.0 150.0 1.0 2.0 93.0 1 0.0 0.0
0
# 497
1 497 1 1720 queue17
stage -1.0 32.0 8.0 82.0 1.0 2.0 70.0 1 0.0 0.0
0
# 498
1 498 1 1727 queue18
stage -1.0 32.0 15.0 66.0 1.0 2.0 51.0 1 0.0 0.0
0
# 499
1 499 1 1890 queue19
stage -1.0 32.0 2.0 69.0 1.0 2.0 63.0 1 0.0 0.0
0
# 500
1 500 1 1892 queue0
stage -1.0 32.0 5.0 118.0 1.0 2.0 377.0 1 0.0 0.0
0
# 501
1 501 1 1893 queue1
stage -1.0 32.0 12.0 83.0 1.0 2.0 169.0 1 0.0 0.0
0
# 502
1 502 1 1893 queue2
stage -1.0 32.0 16.0 147.0 1.0 2.0 304.0 1 0.0 0.0
0
# 503
1 503 1 1893 queue3
stage -1.0 32.0 3.0 88.0 1.0 2.0 236.0 1 0.0 0.0
0
# 504
1 504 1 1893 queue4
stage -1.0 32.0 5.0 51.0 1.0 2.0 118.0 1 0.0 0.0
0
# 505
1 505 1 1893 queue5
stage -1.0 32.0 5.0 135.0 1.0 2.0 400.0 1 0.0 0.0
0
# 506
1 506 1 1893 queue6
stage -1.0 32.0 4.0 129.0 1.0 2.0 357.0 1 0.0 0.0
0
# 507
1 507 1 1893 queue7
stage -1.0 32.0 6.0 157.0 1.0 2.0 340.0 1 0.0 0.0
0
# 508
1 508 1 1894 queue8
stage -1.0 32.0 5.0 54.0 1.0 2.0 127.0 1 0.0 0.0
0
# 509
1 509 1 1894 queue9
stage -1.0 32.0 8.0 97.0 1.0 2.0 200.0 1 0.0 0.0
0
# 510
1 510 1 1894 queue10
stage -1.0 32.0 14.0 67.0 1.0 2.0 158.0 1 0.0 0.0
0
# 511
1 511 1 1894 queue11
stage -1.0 32.0 9.0 93.0 1.0 2.0 400.0 1 0.0 0.0
0
# 512
1 512 1 1894 queue12
stage -1.0 32.0 5.0 153.0 1.0 2.0 304.0 1 0.0 0.0
0
# 513
1 513 1 1894 queue13
stage -1.0 32.0 13.0 119.0 1.0 2.0 210.0 1 0.0 0.0
0
# 514
1 514 1 1894 queue14
stage -1.0 32.0 10.0 70.0 1.0 2.0 162.0 1 0.0 0.0
0
# 515
1 515 1 1895 queue15
stage -1.0 32.0 1.0 45.0 1.0 2.0 97.0 1 0.0 0.0
0
# 516
1 516 1 1895 queue16
stage -1.0 32.0 13.0 86.0 1.0 2.0 188.0 1 0.0 0.0
0
# 517
1 517 1 1896 queue17
stage -1.0 32.0 3.0 158.0 1.0 2.0 400.0 1 0.0 0.0
0
# 518
1 518 1 1896 queue18
stage -1.0 32.0 8.0 91.0 1.0 2.0 213.0 1 0.0 0.0
0
# 519
1 519 1 1896 queue19
stage -1.0 32.0 6.0 41.0 1.0 2.0 156.0 1 0.0 0.0
0
# 520
1 520 1 1896 queue0
stage -1.0 32.0 13.0 52.0 1.0 2.0 78.0 1 0.0 0.0
0
# 521
1 521 1 1898 queue1
stage -1.0 32.0 9.0 64.0 1.0 2.0 400.0 1 0.0 0.0
0
# 522
1 522 1 1898 queue2
stage -1.0 32.0 10.0 52.0 1.0 2.0 160.0 1 0.0 0.0
0
# 523
1 523 1 1900 queue3
stage -1.0 32.0 11.0 60.0 1.0 2.0 400.0 1 0.0 0.0
0
# 524
1 524 1 1900 queue4
stage -1.0 32.0 12.0 107.0 1.0 2.0 400.0 1 0.0 0.0
0
# 525
1 525 1 1900 queue5
stage -1.0 32.0 2.0 77.0 1.0 2.0 98.0 1 0.0 0.0
0
# 526
1 526 1 1900 queue6
stage -1.0 32.0 15.0 57.0 1.0 2.0 88.0 1 0.0 0.0
0
# 527
1 527 1 1900 queue7
stage -1.0 32.0 14.0 51.0 1.0 2.0 144.0 1 0.0 0.0
0
# 528
1 528 1 1901 queue8
stage -1.0 32.0 16.0 87.0 1.0 2.0 84.0 1 0.0 0.0
0
# 529
1 529 1 1901 queue9
stage -1.0 32.0 8.0 45.0 1.0 2.0 345.0 1 0.0 0.0
0
# 530
1 530 1 1901 queue10
stage -1.0 32.0 16.0 47.0 1.0 2.0 88.0 1 0.0 0.0
0
# 531
1 531 1 1901 queue11
stage -1.0 32.0 13.0 40.0 1.0 2.0 84.0 1 0.0 0.0
0
# 532
1 532 1 1901 queue12
stage -1.0 32.0 14.0 130.0 1.0 2.0 140.0 1 0.0 0.0
0
# 533
1 533 1 1901 queue13
stage -1.0 32.0 7.0 46.0 1.0 2.0 47.0 1 0.0 0.0
0
# 534
1 534 1 1901 queue14
stage -1.0 32.0 13.0 59.0 1.0 2.0 204.0 1 0.0 0.0
0
# 535
1 535 1 1902 queue15
stage -1.0 32.0 15.0 75.0 1.0 2.0 127.0 1 0.0 0.0
0
# 536
1 536 1 1902 queue16
stage -1.0 32.0 5.0 53.0 1.0 2.0 97.0 1 0.0 0.0
0
# 537
1 537 1 1902 queue17
stage -1.0 32.0 3.0 50.0 1.0 2.0 66.0 1 0.0 0.0
0
# 538
1 538 1 1904 queue18
stage -1.0 32.0 10.0 141.0 1.0 2.0 167.0 1 0.0 0.0
0
# 539
1 539 1 1904 queue19
stage -1.0 32.0 3.0 88.0 1.0 2.0 97.0 1 0.0 0.0
0
# 540
1 540 1 1904 queue0
stage -1.0 32.0 10.0 138.0 1.0 2.0 122.0 1 0.0 0.0
0
# 541
1 541 1 1904 queue1
stage -1.0 32.0 9.0 67.0 1.0 2.0 50.0 1 0.0 0.0
0
# 542
1 542 1 1904 queue2
stage -1.0 32.0 2.0 72.0 1.0 2.0 54.0 1 0.0 0.0
0
# 543
1 543 1 1905 queue3
stage -1.0 32.0 2.0 58.0 1.0 2.0 55.0 1 0.0 0.0
0
# 544
1 544 1 1906 queue4
stage -1.0 32.0 4.0 53.0 1.0 2.0 53.0 1 0.0 0.0
0
# 545
1 545 1 1906 queue5
stage -1.0 32.0 1.0 74.0 1.0 2.0 59.0 1 0.0 0.0
0
# 546
1 546 1 1908 queue6
stage -1.0 32.0 16.0 150.0 1.0 2.0 93.0 1 0.0 0.0
0
# 547
1 547 1 1909 queue7
stage -1.0 32.0 8.0 82.0 1.0 2.0 70.0 1 0.0 0.0
0
# 548
1 548 1 1916 queue8
stage -1.0 32.0 15.0 66.0 1.0 2.0 51.0 1 0.0 0.0
0
# 549
1 549 1 2079 queue9
stage -1.0 32.0 2.0 69.0 1.0 2.0 63.0 1 0.0 0.0
0
# 550
1 550 1 2081 queue10
stage -1.0 32.0 5.0 118.0 1.0 2.0 377.0 1 0.0 0.0
0
# 551
1 551 1 2082 queue11
stage -1.0 32.0 12.0 83.0 1.0 2.0 169.0 1 0.0 0.0
0
# 552
1 552 1 2082 queue12
stage -1.0 32.0 16.0 147.0 1.0 2.0 304.0 1 0.0 0.0
0
# 553
1 553 1 2082 queue13
stage -1.0 32.0 3.0 88.0 1.0 2.0 236.0 1 0.0 0.0
0
# 554
1 554 1 2082 queue14
stage -1.0 32.0 5.0 51.0 1.0 2.0 118.0 1 0.0 0.0
0
# 555
1 555 1 2082 queue15
stage -1.0 32.0 5.0 135.0 1.0 2.0 400.0 1 0.0 0.0
0
# 556
1 556 1 2082 queue16
stage -1.0 32.0 4.0 129.0 1.0 2.0 357.0 1 0.0 0.0
0
# 557
1 557 1 2082 queue17
stage -1.0 32.0 6.0 157.0 1.0 2.0 340.0 1 0.0 0.0
0
# 558
1 558 1 2083 queue18
stage -1.0 32.0 5.0 54.0 1.0 2.0 127.0 1 0.0 0.0
0
# 559
1 559 1 2083 queue19
stage -1.0 32.0 8.0 97.0 1.0 2.0 200.0 1 0.0 0.0
0
# 560
1 560 1 2083 queue0
stage -1.0 32.0 14.0 67.0 1.0 2.0 158.0 1 0.0 0.0
0
# 561
1 561 1 2083 queue1
stage -1.0 32.0 9.0 93.0 1.0 2.0 400.0 1 0.0 0.0
0
# 562
1 562 1 2083 queue2
stage -1.0 32.0 5.0 153.0 1.0 2.0 304.0 1 0.0 0.0
0
# 563
1 563 1 2083 queue3
stage -1.0 32.0 13.0 119.0 1.0 2.0 210.0 1 0.0 0.0
0
# 564
1 564 1 2083 queue4
stage -1.0 32.0 10.0 70.0 1.0 2.0 162.0 1 0.0 0.0
0
# 565
1 565 1 2084 queue5
stage -1.0 32.0 1.0 45.0 1.0 2.0 97.0 1 0.0 0.0
0
# 566
1 566 1 2084 queue6
stage -1.0 32.0 13.0 86.0 1.0 2.0 188.0 1 0.0 0.0
0
# 567
1 567 1 2085 queue7
stage -1.0 32.0 3.0 158.0 1.0 2.0 400.0 1 0.0 0.0
0
# 568
1 568 1 2085 queue8
stage -1.0 32.0 8.0 91.0 1.0 2.0 213.0 1 0.0 0.0
0
# 569
1 569 1 2085 queue9
stage -1.0 32.0 6.0 41.0 1.0 2.0 156.0 1 0.0 0.0
0
# 570
1 570 1 2085 queue10
stage -1.0 32.0 13.0 52.0 1.0 2.0 78.0 1 0.0 0.0
0
# 571
1 571 1 2087 queue11
stage -1.0 32.0 9.0 64.0 1.0 2.0 400.0 1 0.0 0.0
0
# 572
1 572 1 2087 queue12
stage -1.0 32.0 10.0 52.0 1.0 2.0 160.0 1 0.0 0.0
0
# 573
1 573 1 2089 queue13
stage -1.0 32.0 11.0 60.0 1.0 2.0 400.0 1 0.0 0.0
0
# 574
1 574 1 2089 queue14
stage -1.0 32.0 12.0 107.0 1.0 2.0 400.0 1 0.0 0.0
0
# 575
1 575 1 2089 queue15
stage -1.0 32.0 2.0 77.0 1.0 2.0 98.0 1 0.0 0.0
0
# 576
1 576 1 2089 queue16
stage -1.0 32.0 15.0 57.0 1.0 2.0 88.0 1 0.0 0.0
0
# 577
1 577 1 2089 queue17
stage -1.0 32.0 14.0 51.0 1.0 2.0 144.0 1 0.0 0.0
0
# 578
1 578 1 2090 queue18
stage -1.0 32.0 16.0 87.0 1.0 2.0 84.0 1 0.0 0.0
0
# 579
1 579 1 2090 queue19
stage -1.0 32.0 8.0 45.0 1.0 2.0 345.0 1 0.0 0.0
0
# 580
1 580 1 2090 queue0
stage -1.0 32.0 16.0 47.0 1.0 2.0 88.0 1 0.0 0.0
0
# 581
1 581 1 2090 queue1
stage -1.0 32.0 13.0 40.0 1.0 2.0 84.0 1 0.0 0.0
0
# 582
1 582 1 2090 queue2
stage -1.0 32.0 14.0 130.0 1.0 2.0 140.0 1 0.0 0.0
0
# 583
1 583 1 2090 queue3
stage -1.0 32.0 7.0 46.0 1.0 2.0 47.0 1 0.0 0.0
0
# 584
1 584 1 2090 queue4
stage -1.0 32.0 13.0 59.0 1.0 2.0 204.0 1 0.0 0.0
0
# 585
1 585 1 2091 queue5
stage -1.0 32.0 15.0 75.0 1.0 2.0 127.0 1 0.0 0.0
0
# 586
1 586 1 2091 queue6
stage -1.0 32.0 5.0 53.0 1.0 2.0 97.0 1 0.0 0.0
0
# 587
1 587 1 2091 queue7
stage -1.0 32.0 3.0 50.0 1.0 2.0 66.0 1 0.0 0.0
0
# 588
1 588 1 2093 queue8
stage -1.0 32.0 10.0 141.0 1.0 2.0 167.0 1 0.0 0.0
0
# 589
1 589 1 2093 queue9
stage -1.0 32.0 3.0 88.0 1.0 2.0 97.0 1 0.0 0.0
0
# 590
1 590 1 2093 queue10
stage -1.0 32.0 10.0 138.0 1.0 2.0 122.0 1 0.0 0.0
0
# 591
1 591 1 2093 queue11
stage -1.0 32.0 9.0 67.0 1.0 2.0 50.0 1 0.0 0.0
0
# 592
1 592 1 2093 queue12
stage -1.0 32.0 2.0 72.0 1.0 2.0 54.0 1 0.0 0.0
0
# 593
1 593 1 2094 queue13
stage -1.0 32.0 2.0 58.0 1.0 2.0 55.0 1 0.0 0.0
0
# 594
1 594 1 2095 queue14
stage -1.0 32.0 4.0 53.0 1.0 2.0 53.0 1 0.0 0.0
0
# 595
1 595 1 2095 queue15
stage -1.0 32.0 1.0 74.0 1.0 2.0 59.0 1 0.0 0.0
0
# 596
1 596 1 2097 queue16
stage -1.0 32.0 16.0 150.0 1.0 2.0 93.0 1 0.0 0.0
0
# 597
1 597 1 2098 queue17
stage -1.0 32.0 8.0 82.0 1.0 2.0 70.0 1 0.0 0.0
0
# 598
1 598 1 2105 queue18
stage -1.0 32.0 15.0 66.0 1.0 2.0 51.0 1 0.0 0.0
0
# 599
1 599 1 2268 queue19
stage -1.0 32.0 2.0 69.0 1.0 2.0 63.0 1 0.0 0.0
0
# 600
1 600 1 2270 queue0
stage -1.0 32.0 5.0 118.0 1.0 2.0 377.0 1 0.0 0.0
0
# 601
1 601 1 2271 queue1
stage -1.0 32.0 12.0 83.0 1.0 2.0 169.0 1 0.0 0.0
0
# 602
1 602 1 2271 queue2
stage -1.0 32.0 16.0 147.0 1.0 2.0 304.0 1 0.0 0.0
0
# 603
1 603 1 2271 queue3
stage -1.0 32.0 3.0 88.0 1.0 2.0 236.0 1 0.0 0.0
0
# 604
1 604 1 2271 queue4
stage -1.0 32.0 5.0 51.0 1.0 2.0 118.0 1 0.0 0.0
0
# 605
1 605 1 2271 queue5
stage -1.0 32.0 5.0 135.0 1.0 2.0 400.0 1 0.0 0.0
0
# 606
1 606 1 2271 queue6
stage -1.0 32.0 4.0 129.0 1.0 2.0 357.0 1 0.0 0.0
0
# 607
1 607 1 2271 queue7
stage -1.0 32.0 6.0 157.0 1.0 2.0 340.0 1 0.0 0.0
0
# 608
1 608 1 2272 queue8
stage -1.0 32.0 5.0 54.0 1.0 2.0 127.0 1 0.0 0.0
0
# 609
1 609 1 2272 queue9
stage -1.0 32.0 8.0 97.0 1.0 2.0 200.0 1 0.0 0.0
0
# 610
1 610 1 2272 queue10
stage -1.0 32.0 14.0 67.0 1.0 2.0 158.0 1 0.0 0.0
0
# 611
1 611 1 2272 queue11
stage -1.0 32.0 9.0 93.0 1.0 2.0 400.0 1 0.0 0.0
0
# 612
1 612 1 2272 queue12
stage -1.0 32.0 5.0 153.0 1.0 2.0 304.0 1 0.0 0.0
0
# 613
1 613 1 2272 queue13
stage -1.0 32.0 13.0 119.0 1.0 2.0 210.0 1 0.0 0.0
0
# 614
1 614 1 2272 queue14
stage -1.0 32.0 10.0 70.0 1.0 2.0 162.0 1 0.0 0.0
0
# 615
1 615 1 2273 queue15
stage -1.0 32.0 1.0 45.0 1.0 2.0 97.0 1 0.0 0.0
0
# 616
1 616 1 2273 queue16
stage -1.0 32.0 13.0 86.0 1.0 2.0 188.0 1 0.0 0.0
0
# 617
1 617 1 2274 queue17
stage -1.0 32.0 3.0 158.0 1.0 2.0 400.0 1 0.0 0.0
0
# 618
1 618 1 2274 queue18
stage -1.0 32.0 8.0 91.0 1.0 2.0 213.0 1 0.0 0.0
0
# 619
1 619 1 2274 queue19
stage -1.0 32.0 6.0 41.0 1.0 2.0 156.0 1 0.0 0.0
0
# 620
1 620 1 2274 queue0
stage -1.0 32.0 13.0 52.0 1.0 2.0 78.0 1 0.0 0.0
0
# 621
1 621 1 2276 queue1
stage -1.0 32.0 9.0 64.0 1.0 2.0 400.0 1 0.0 0.0
0
# 622
1 622 1 2276 queue2
stage -1.0 32.0 10.0 52.0 1.0 2.0 160.0 1 0.0 0.0
0
# 623
1 623 1 2278 queue3
stage -1.0 32.0 11.0 60.0 1.0 2.0 400.0 1 0.0 0.0
0
# 624
1 624 1 2278 queue4
stage -1.0 32.0 12.0 107.0 1.0 2.0 400.0 1 0.0 0.0
0
# 625
1 625 1 2278 queue5
stage -1.0 32.0 2.0 77.0 1.0 2.0 98.0 1 0.0 0.0
0
# 626
1 626 1 2278 queue6
stage -1.0 32.0 15.0 57.0 1.0 2.0 88.0 1 0.0 0.0
0
# 627
1 627 1 2278 queue7
stage -1.0 32.0 14.0 51.0 1.0 2.0 144.0 1 0.0 0.0
0
# 628
1 628 1 2279 queue8
stage -1.0 32.0 16.0 87.0 1.0 2.0 84.0 1 0.0 0.0
0
# 629
1 629 1 2279 queue9
stage -1.0 32.0 8.0 45.0 1.0 2.0 345.0 1 0.0 0.0
0
# 630
1 630 1 2279 queue10
stage -1.0 32.0 16.0 47.0 1.0 2.0 88.0 1 0.0 0.0
0
# 631
1 631 1 2279 queue11
stage -1.0 32.0 13.0 40.0 1.0 2.0 84.0 1 0.0 0.0
0
# 632
1 632 1 2279 queue12
stage -1.0 32.0 14.0 130.0 1.0 2.0 140.0 1 0.0 0.0
0
# 633
1 633 1 2279 queue13
stage -1.0 32.0 7.0 46.0 1.0 2.0 47.0 1 0.0 0.0
0
# 634
1 634 1 2279 queue14
stage -1.0 32.0 13.0 59.0 1.0 2.0 204.0 1 0.0 0.0
0
# 635
1 635 1 2280 queue15
stage -1.0 32.0 15.0 75.0 1.0 2.0 127.0 1 0.0 0.0
0
# 636
1 636 1 2280 queue16
stage -1.0 32.0 5.0 53.0 1.0 2.0 97.0 1 0.0 0.0
0
# 637
1 637 1 2280 queue17
stage -1.0 32.0 3.0 50.0 1.0 2.0 66.0 1 0.0 0.0
0
# 638
1 638 1 2282 queue18
stage -1.0 32.0 10.0 141.0 1.0 2.0 167.0 1 0.0 0.0
0
# 639
1 639 1 2282 queue19
stage -1.0 32.0 3.0 88.0 1.0 2.0 97.0 1 0.0 0.0
0
# 640
1 640 1 2282 queue0
stage -1.0 32.0 10.0 138.0 1.0 2.0 122.0 1 0.0 0.0
0
# 641
1 641 1 2282 queue1
stage -1.0 32.0 9.0 67.0 1.0 2.0 50.0 1 0.0 0.0
0
# 642
1 642 1 2282 queue2
stage -1.0 32.0 2.0 72.0 1.0 2.0 54.0 1 0.0 0.0
0
# 643
1 643 1 2283 queue3
stage -1.0 32.0 2.0 58.0 1.0 2.0 55.0 1 0.0 0.0
0
# 644
1 644 1 2284 queue4
stage -1.0 32.0 4.0 53.0 1.0 2.0 53.0 1 0.0 0.0
0
# 645
1 645 1 2284 queue5
stage -1.0 32.0 1.0 74.0 1.0 2.0 59.0 1 0.0 0.0
0
# 646
1 646 1 2286 queue6
stage -1.0 32.0 16.0 150.0 1.0 2.0 93.0 1 0.0 0.0
0
# 647
1 647 1 2287 queue7
stage -1.0 32.0 8.0 82.0 1.0 2.0 70.0 1 0.0 0.0
0
# 648
1 648 1 2294 queue8
stage -1.0 32.0 15.0 66.0 1.0 2.0 51.0 1 0.0 0.0
0
# 649
1 649 1 2457 queue9
stage -1.0 32.0 2.0 69.0 1.0 2.0 63.0 1 0.0 0.0
0
# 650
1 650 1 2459 queue10
stage -1.0 32.0 5.0 118.0 1.0 2.0 377.0 1 0.0 0.0
0
# 651
1 651 1 2460 queue11
stage -1.0 32.0 12.0 83.0 1.0 2.0 169.0 1 0.0 0.0
0
# 652
1 652 1 2460 queue12
stage -1.0 32.0 16.0 147.0 1.0 2.0 304.0 1 0.0 0.0
0
# 653
1 653 1 2460 queue13
stage -1.0 32.0 3.0 88.0 1.0 2.0 236.0 1 0.0 0.0
0
# 654
1 654 1 2460 queue14
stage -1.0 32.0 5.0 51.0 1.0 2.0 118.0 1 0.0 0.0
0
# 655
1 655 1 2460 queue15
stage -1.0 32.0 5.0 135.0 1.0 2.0 400.0 1 0.0 0.0
0
# 656
1 656 1 2460 queue16
stage -1.0 32.0 4.0 129.0 1.0 2.0 357.0 1 0.0 0.0
0
# 657
1 657 1 2460 queue17
stage -1.0 32.0 6.0 157.0 1.0 2.0 340.0 1 0.0 0.0
0
# 658
1 658 1 2461 queue18
stage -1.0 32.0 5.0 54.0 1.0 2.0 127.0 1 0.0 0.0
0
# 659
1 659 1 2461 queue19
stage -1.0 32.0 8.0 97.0 1.0 2.0 200.0 1 0.0 0.0
0
# 660
1 660 1 2461 queue0
stage -1.0 32.0 14.0 67.0 1.0 2.0 158.0 1 0.0 0.0
0
# 661
1 661 1 2461 queue1
stage -1.0 32.0 9.0 93.0 1.0 2.0 400.0 1 0.0 0.0
0
# 662
1 662 1 2461 queue2
stage -1.0 32.0 5.0 153.0 1.0 2.0 304.0 1 0.0 0.0
0
# 663
1 663 1 2461 queue3
stage -1.0 32.0 13.0 119.0 1.0 2.0 210.0 1 0.0 0.0
0
# 664
1 664 1 2461 queue4
stage -1.0 32.0 10.0 70.0 1.0 2.0 162.0 1 0.0 0.0
0
# 665
1 665 1 2462 queue5
stage -1.0 32.0 1.0 45.0 1.0 2.0 97.0 1 0.0 0.0
0
# 666
1 666 1 2462 queue6
stage -1.0 32.0 13.0 86.0 1.0 2.0 188.0 1 0.0 0.0
0
# 667
1 667 1 2463 queue7
stage -1.0 32.0 3.0 158.0 1.0 2.0 400.0 1 0.0 0.0
0
# 668
1 668 1 2463 queue8
stage -1.0 32.0 8.0 91.0 1.0 2.0 213.0 1 0.0 0.0
0
# 669
1 669 1 2463 queue9
stage -1.0 32.0 6.0 41.0 1.0 2.0 156.0 1 0.0 0.0
0
# 670
1 670 1 2463 queue10
stage -1.0 32.0 13.0 52.0 1.0 2.0 78.0 1 0.0 0.0
0
# 671
1 671 1 2465 queue11
stage -1.0 32.0 9.0 64.0 1.0 2.0 400.0 1 0.0 0.0
0
# 672
1 672 1 2465 queue12
stage -1.0 32.0 10.0 52.0 1.0 2.0 160.0 1 0.0 0.0
0
# 673
1 673 1 2467 queue13
stage -1.0 32.0 11.0 60.0 1.0 2.0 400.0 1 0.0 0.0
0
# 674
1 674 1 2467 queue14
stage -1.0 32.0 12.0 107.0 1.0 2.0 400.0 1 0.0 0.0
0
# 675
1 675 1 2467 queue15
stage -1.0 32.0 2.0 77.0 1.0 2.0 98.0 1 0.0 0.0
0
# 676
1 676 1 2467 queue16
stage -1.0 32.0 15.0 57.0 1.0 2.0 88.0 1 0.0 0.0
0
# 677
1 677 1 2467 queue17
stage -1.0 32.0 14.0 51.0 1.0 2.0 144.0 1 0.0 0.0
0
# 678
1 678 1 2468 queue18
stage -1.0 32.0 16.0 87.0 1.0 2.0 84.0 1 0.0 0.0
0
# 679
1 679 1 2468 queue19
stage -1.0 32.0 8.0 45.0 1.0 2.0 345.0 1 0.0 0.0
0
# 680
1 680 1 2468 queue0
stage -1.0 32.0 16.0 47.0 1.0 2.0 88.0 1 0.0 0.0
0
# 681
1 681 1 2468 queue1
stage -1.0 32.0 13.0 40.0 1.0 2.0 84.0 1 0.0 0.0
0
# 682
1 682 1 2468 queue2
stage -1.0 32.0 14.0 130.0 1.0 2.0 140.0 1 0.0 0.0
0
# 683
1 683 1 2468 queue3
stage -1.0 32.0 7.0 46.0 1.0 2.0 47.0 1 0.0 0.0
0
# 684
1 684 1 2468 queue4
stage -1.0 32.0 13.0 59.0 1.0 2.0 204.0 1 0.0 0.0
0
# 685
1 685 1 2469 queue5
stage -1.0 32.0 15.0 75.0 1.0 2.0 127.0 1 0.0 0.0
0
# 686
1 686 1 2469 queue6
stage -1.0 32.0 5.0 53.0 1.0 2.0 97.0 1 0.0 0.0
0
# 687
1 687 1 2469 queue7
stage -1.0 32.0 3.0 50.0 1.0 2.0 66.0 1 0.0 0.0
0
# 688
1 688 1 2471 queue8
stage -1.0 32.0 10.0 141.0 1.0 2.0 167.0 1 0.0 0.0
0
# 689
1 689 1 2471 queue9
stage -1.0 32.0 3.0 88.0 1.0 2.0 97.0 1 0.0 0.0
0
# 690
1 690 1 2471 queue10
stage -1.0 32.0 10.0 138.0 1.0 2.0 122.0 1 0.0 0.0
0
# 691
1 691 1 2471 queue11
stage -1.0 32.0 9.0 67.0 1.0 2.0 50.0 1 0.0 0.0
0
# 692
1 692 1 2471 queue12
stage -1.0 32.0 2.0 72.0 1.0 2.0 54.0 1 0.0 0.0
0
# 693
1 693 1 2472 queue13
stage -1.0 32.0 2.0 58.0 1.0 2.0 55.0 1 0.0 0.0
0
# 694
1 694 1 2473 queue14
stage -1.0 32.0 4.0 53.0 1.0 2.0 53.0 1 0.0 0.0
0
# 695
1 695 1 2473 queue15
stage -1.0 32.0 1.0 74.0 1.0 2.0 59.0 1 0.0 0.0
0
# 696
1 696 1 2475 queue16
stage -1.0 32.0 16.0 150.0 1.0 2.0 93.0 1 0.0 0.0
0
# 697
1 697 1 2476 queue17
stage -1.0 32.0 8.0 82.0 1.0 2.0 70.0 1 0.0 0.0
0
# 698
1 698 1 2483 queue18
stage -1.0 32.0 15.0 66.0 1.0 2.0 51.0 1 0.0 0.0
0
# 699
1 699 1 2646 queue19
stage -1.0 32.0 2.0 69.0 1.0 2.0 63.0 1 0.0 0.0
0
# 700
1 700 1 2648 queue0
stage -1.0 32.0 5.0 118.0 1.0 2.0 377.0 1 0.0 0.0
0
# 701
1 701 1 2649 queue1
stage -1.0 32.0 12.0 83.0 1.0 2.0 169.0 1 0.0 0.0
0
# 702
1 702 1 2649 queue2
stage -1.0 32.0 16.0 147.0 1.0 2.0 304.0 1 0.0 0.0
0
# 703
1 703 1 2649 queue3
stage -1.0 32.0 3.0 88.0 1.0 2.0 236.0 1 0.0 0.0
0
# 704
1 704 1 2649 queue4
stage -1.0 32.0 5.0 51.0 1.0 2.0 118.0 1 0.0 0.0
0
# 705
1 705 1 2649 queue5
stage -1.0 32.0 5.0 135.0 1.0 2.0 400.0 1 0.0 0.0
0
# 706
1 706 1 2649 queue6
stage -1.0 32.0 4.0 129.0 1.0 2.0 357.0 1 0.0 0.0
0
# 707
1 707 1 2649 queue7
stage -1.0 32.0 6.0 157.0 1.0 2.0 340.0 1 0.0 0.0
0
# 708
1 708 1 2650 queue8
stage -1.0 32.0 5.0 54.0 1.0 2.0 127.0 1 0.0 0.0
0
# 709
1 709 1 2650 queue9
stage -1.0 32.0 8.0 97.0 1.0 2.0 200.0 1 0.0 0.0
0
# 710
1 710 1 2650 queue10
stage -1.0 32.0 14.0 67.0 1.0 2.0 158.0 1 0.0 0.0
0
# 711
1 711 1 2650 queue11
stage -1.0 32.0 9.0 93.0 1.0 2.0 400.0 1 0.0 0.0
0
# 712
1 712 1 2650 queue12
stage -1.0 32.0 5.0 153.0 1.0 2.0 304.0 1 0.0 0.0
0
# 713
1 713 1 2650 queue13
stage -1.0 32.0 13.0 119.0 1.0 2.0 210.0 1 0.0 0.0
0
# 714
1 714 1 2650 queue14
stage -1.0 32.0 10.0 70.0 1.0 2.0 162.0 1 0.0 0.0
0
# 715
1 715 1 2651 queue15
stage -1.0 32.0 1.0 45.0 1.0 2.0 97.0 1 0.0 0.0
0
# 716
1 716 1 2651 queue16
stage -1.0 32.0 13.0 86.0 1.0 2.0 188.0 1 0.0 0.0
0
# 717
1 717 1 2652 queue17
stage -1.0 32.0 3.0 158.0 1.0 2.0 400.0 1 0.0 0.0
0
# 718
1 718 1 2652 queue18
stage -1.0 32.0 8.0 91.0 1.0 2.0 213.0 1 0.0 0.0
0
# 719
1 719 1 2652 queue19
stage -1.0 32.0 6.0 41.0 1.0 2.0 156.0 1 0.0 0.0
0
# 720
1 720 1 2652 queue0
stage -1.0 32.0 13.0 52.0 1.0 2.0 78.0 1 0.0 0.0
0
# 721
1 721 1 2654 queue1
stage -1.0 32.0 9.0 64.0 1.0 2.0 400.0 1 0.0 0.0
0
# 722
1 722 1 2654 queue2
stage -1.0 32.0 10.0 52.0 1.0 2.0 160.0 1 0.0 0.0
0
# 723
1 723 1 2656 queue3
stage -1.0 32.0 11.0 60.0 1.0 2.0 400.0 1 0.0 0.0
0
# 724
1 724 1 2656 queue4
stage -1.0 32.0 12.0 107.0 1.0 2.0 400.0 1 0.0 0.0
0
# 725
1 725 1 2656 queue5
stage -1.0 32.0 2.0 77.0 1.0 2.0 98.0 1 0.0 0.0
0
# 726
1 726 1 2656 queue6
stage -1.0 32.0 15.0 57.0 1.0 2.0 88.0 1 0.0 0.0
0
# 727
1 727 1 2656 queue7
stage -1.0 32.0 14.0 51.0 1.0 2.0 144.0 1 0.0 0.0
0
# 728
1 728 1 2657 queue8
stage -1.0 32.0 16.0 87.0 1.0 2.0 84.0 1 0.0 0.0
0
# 729
1 729 1 2657 queue9
stage -1.0 32.0 8.0 45.0 1.0 2.0 345.0 1 0.0 0.0
0
# 730
1 730 1 2657 queue10
stage -1.0 32.0 16.0 47.0 1.0 2.0 88.0 1 0.0 0.0
0
# 731
1 731 1 2657 queue11
stage -1.0 32.0 13.0 40.0 1.0 2.0 84.0 1 0.0 0.0
0
# 732
1 732 1 2657 queue12
stage -1.0 32.0 14.0 130.0 1.0 2.0 140.0 1 0.0 0.0
0
# 733
1 733 1 2657 queue13
stage -1.0 32.0 7.0 46.0 1.0 2.0 47.0 1 0.0 0.0
0
# 734
1 734 1 2657 queue14
stage -1.0 32.0 13.0 59.0 1.0 2.0 204.0 1 0.0 0.0
0
# 735
1 735 1 2658 queue15
stage -1.0 32.0 15.0 75.0 1.0 2.0 127.0 1 0.0 0.0
0
# 736
1 736 1 2658 queue16
stage -1.0 32.0 5.0 53.0 1.0 2.0 97.0 1 0.0 0.0
0
# 737
1 737 1 2658 queue17
stage -1.0 32.0 3.0 50.0 1.0 2.0 66.0 1 0.0 0.0
0
# 738
1 738 1 2660 queue18
stage -1.0 32.0 10.0 141.0 1.0 2.0 167.0 1 0.0 0.0
0
# 739
1 739 1 2660 queue19
stage -1.0 32.0 3.0 88.0 1.0 2.0 97.0 1 0.0 0.0
0
# 740
1 740 1 2660 queue0
stage -1.0 32.0 10.0 138.0 1.0 2.0 122.0 1 0.0 0.0
0
# 741
1 741 1 2660 queue1
stage -1.0 32.0 9.0 67.0 1.0 2.0 50.0 1 0.0 0.0
0
# 742
1 742 1 2660 queue2
stage -1.0 32.0 2.0 72.0 1.0 2.0 54.0 1 0.0 0.0
0
# 743
1 743 1 2661 queue3
stage -1.0 32.0 2.0 58.0 1.0 2.0 55.0 1 0.0 0.0
0
# 744
1 744 1 2662 queue4
stage -1.0 32.0 4.0 53.0 1.0 2.0 53.0 1 0.0 0.0
0
# 745
1 745 1 2662 queue5
stage -1.0 32.0 1.0 74.0 1.0 2.0 59.0 1 0.0 0.0
0
# 746
1 746 1 2664 queue6
stage -1.0 32.0 16.0 150.0 1.0 2.0 93.0 1 0.0 0.0
0
# 747
1 747 1 2665 queue7
stage -1.0 32.0 8.0 82.0 1.0 2.0 70.0 1 0.0 0.0
0
# 748
1 748 1 2672 queue8
stage -1.0 32.0 15.0 66.0 1.0 2.0 51.0 1 0.0 0.0
0
# 749
1 749 1 2835 queue9
stage -1.0 32.0 2.0 69.0 1.0 2.0 63.0 1 0.0 0.0
0
# 750
1 750 1 2837 queue10
stage -1.0 32.0 5.0 118.0 1.0 2.0 377.0 1 0.0 0.0
0
# 751
1 751 1 2838 queue11
stage -1.0 32.0 12.0 83.0 1.0 2.0 169.0 1 0.0 0.0
0
# 752
1 752 1 2838 queue12
stage -1.0 32.0 16.0 147.0 1.0 2.0 304.0 1 0.0 0.0
0
# 753
1 753 1 2838 queue13
stage -1.0 32.0 3.0 88.0 1.0 2.0 236.0 1 0.0 0.0
0
# 754
1 754 1 2838 queue14
stage -1.0 32.0 5.0 51.0 1.0 2.0 118.0 1 0.0 0.0
0
# 755
1 755 1 2838 queue15
stage -1.0 32.0 5.0 135.0 1.0 2.0 400.0 1 0.0 0.0
0
# 756
1 756 1 2838 queue16
stage -1.0 32.0 4.0 129.0 1.0 2.0 357.0 1 0.0 0.0
0
# 757
1 757 1 2838 queue17
stage -1.0 32.0 6.0 157.0 1.0 2.0 340.0 1 0.0 0.0
0
# 758
1 758 1 2839 queue18
stage -1.0 32.0 5.0 54.0 1.0 2.0 127.0 1 0.0 0.0
0
# 759
1 759 1 2839 queue19
stage -1.0 32.0 8.0 97.0 1.0 2.0 200.0 1 0.0 0.0
0
# 760
1 760 1 2839 queue0
stage -1.0 32.0 14.0 67.0 1.0 2.0 158.0 1 0.0 0.0
0
# 761
1 761 1 2839 queue1
stage -1.0 32.0 9.0 93.0 1.0 2.0 400.0 1 0.0 0.0
0
# 762
1 762 1 2839 queue2
stage -1.0 32.0 5.0 153.0 1.0 2.0 304.0 1 0.0 0.0
0
# 763
1 763 1 2839 queue3
stage -1.0 32.0 13.0 119.0 1.0 2.0 210.0 1 0.0 0.0
0
# 764
1 764 1 2839 queue4
stage -1.0 32.0 10.0 70.0 1.0 2.0 162.0 1 0.0 0.0
0
# 765
1 765 1 2840 queue5
stage -1.0 32.0 1.0 45.0 1.0 2.0 97.0 1 0.0 0.0
0
# 766
1 766 1 2840 queue6
stage -1.0 32.0 13.0 86.0 1.0 2.0 188.0 1 0.0 0.0
0
# 767
1 767 1 2841 queue7
stage -1.0 32.0 3.0 158.0 1.0 2.0 400.0 1 0.0 0.0
0
# 768
1 768 1 2841 queue8
stage -1.0 32.0 8.0 91.0 1.0 2.0 213.0 1 0.0 0.0
0
# 769
1 769 1 2841 queue9
stage -1.0 32.0 6.0 41.0 1.0 2.0 156.0 1 0.0 0.0
0
# 770
1 770 1 2841 queue10
stage -1.0 32.0 13.0 52.0 1.0 2.0 78.0 1 0.0 0.0
0
# 771
1 771 1 2843 queue11
stage -1.0 32.0 9.0 64.0 1.0 2.0 400.0 1 0.0 0.0
0
# 772
1 772 1 2843 queue12
stage -1.0 32.0 10.0 52.0 1.0 2.0 160.0 1 0.0 0.0
0
# 773
1 773 1 2845 queue13
stage -1.0 32.0 11.0 60.0 1.0 2.0 400.0 1 0.0 0.0
0
# 774
1 774 1 2845 queue14
stage -1.0 32.0 12.0 107.0 1.0 2.0 400.0 1 0.0 0.0
0
# 775
1 775 1 2845 queue15
stage -1.0 32.0 2.0 77.0 1.0 2.0 98.0 1 0.0 0.0
0
# 776
1 776 1 2845 queue16
stage -1.0 32.0 15.0 57.0 1.0 2.0 88.0 1 0.0 0.0
0
# 777
1 777 1 2845 queue17
stage -1.0 32.0 14.0 51.0 1.0 2.0 144.0 1 0.0 0.0
0
# 778
1 778 1 2846 queue18
stage -1.0 32.0 16.0 87.0 1.0 2.0 84.0 1 0.0 0.0
0
# 779
1 779 1 2846 queue19
stage -1.0 32.0 8.0 45.0 1.0 2.0 345.0 1 0.0 0.0
0
# 780
1 780 1 2846 queue0
stage -1.0 32.0 16.0 47.0 1.0 2.0 88.0 1 0.0 0.0
0
# 781
1 781 1 2846 queue1
stage -1.0 32.0 13.0 40.0 1.0 2.0 84.0 1 0.0 0.0
0
# 782
1 782 1 2846 queue2
stage -1.0 32.0 14.0 130.0 1.0 2.0 140.0 1 0.0 0.0
0
# 783
1 783 1 2846 queue3
stage -1.0 32.0 7.0 46.0 1.0 2.0 47.0 1 0.0 0.0
0
# 784
1 784 1 2846 queue4
stage -1.0 32.0 13.0 59.0 1.0 2.0 204.0 1 0.0 0.0
0
# 785
1 785 1 2847 queue5
stage -1.0 32.0 15.0 75.0 1.0 2.0 127.0 1 0.0 0.0
0
# 786
1 786 1 2847 queue6
stage -1.0 32.0 5.0 53.0 1.0 2.0 97.0 1 0.0 0.0
0
# 787
1 787 1 2847 queue7
stage -1.0 32.0 3.0 50.0 1.0 2.0 66.0 1 0.0 0.0
0
# 788
1 788 1 2849 queue8
stage -1.0 32.0 10.0 141.0 1.0 2.0 167.0 1 0.0 0.0
0
# 789
1 789 1 2849 queue9
stage -1.0 32.0 3.0 88.0 1.0 2.0 97.0 1 0.0 0.0
0
# 790
1 790 1 2849 queue10
stage -1.0 32.0 10.0 138.0 1.0 2.0 122.0 1 0.0 0.0
0
# 791
1 791 1 2849 queue11
stage -1.0 32.0 9.0 67.0 1.0 2.0 50.0 1 0.0 0.0
0
# 792
1 792 1 2849 queue12
stage -1.0 32.0 2.0 72.0 1.0 2.0 54.0 1 0.0 0.0
0
# 793
1 793 1 2850 queue13
stage -1.0 32.0 2.0 58.0 1.0 2.0 55.0 1 0.0 0.0
0
# 794
1 794 1 2851 queue14
stage -1.0 32.0 4.0 53.0 1.0 2.0 53.0 1 0.0 0.0
0
# 795
1 795 1 2851 queue15
stage -1.0 32.0 1.0 74.0 1.0 2.0 59.0 1 0.0 0.0
0
# 796
1 796 1 2853 queue16
stage -1.0 32.0 16.0 150.0 1.0 2.0 93.0 1 0.0 0.0
0
# 797
1 797 1 2854 queue17
stage -1.0 32.0 8.0 82.0 1.0 2.0 70.0 1 0.0 0.0
0
# 798
1 798 1 2861 queue18
stage -1.0 32.0 15.0 66.0 1.0 2.0 51.0 1 0.0 0.0
0
# 799
1 799 1 3024 queue19
stage -1.0 32.0 2.0 69.0 1.0 2.0 63.0 1 0.0 0.0
0
# 800
1 800 1 3026 queue0
stage -1.0 32.0 5.0 118.0 1.0 2.0 377.0 1 0.0 0.0
0
# 801
1 801 1 3027 queue1
stage -1.0 32.0 12.0 83.0 1.0 2.0 169.0 1 0.0 0.0
0
# 802
1 802 1 3027 queue2
stage -1.0 32.0 16.0 147.0 1.0 2.0 304.0 1 0.0 0.0
0
# 803
1 803 1 3027 queue3
stage -1.0 32.0 3.0 88.0 1.0 2.0 236.0 1 0.0 0.0
0
# 804
1 804 1 3027 queue4
stage -1.0 32.0 5.0 51.0 1.0 2.0 118.0 1 0.0 0.0
0
# 805
1 805 1 3027 queue5
stage -1.0 32.0 5.0 135.0 1.0 2.0 400.0 1 0.0 0.0
0
# 806
1 806 1 3027 queue6
stage -1.0 32.0 4.0 129.0 1.0 2.0 357.0 1 0.0 0.0
0
# 807
1 807 1 3027 queue7
stage -1.0 32.0 6.0 157.0 1.0 2.0 340.0 1 0.0 0.0
0
# 808
1 808 1 3028 queue8
stage -1.0 32.0 5.0 54.0 1.0 2.0 127.0 1 0.0 0.0
0
# 809
1 809 1 3028 queue9
stage -1.0 32.0 8.0 97.0 1.0 2.0 200.0 1 0.0 0.0
0
# 810
1 810 1 3028 queue10
stage -1.0 32.0 14.0 67.0 1.0 2.0 158.0 1 0.0 0.0
0
# 811
1 811 1 3028 queue11
stage -1.0 32.0 9.0 93.0 1.0 2.0 400.0 1 0.0 0.0
0
# 812
1 812 1 3028 queue12
stage -1.0 32.0 5.0 153.0 1.0 2.0 304.0 1 0.0 0.0
0
# 813
1 813 1 3028 queue13
stage -1.0 32.0 13.0 119.0 1.0 2.0 210.0 1 0.0 0.0
0
# 814
1 814 1 3028 queue14
stage -1.0 32.0 10.0 70.0 1.0 2.0 162.0 1 0.0 0.0
0
# 815
1 815 1 3029 queue15
stage -1.0 32.0 1.0 45.0 1.0 2.0 97.0 1 0.0 0.0
0
# 816
1 816 1 3029 queue16
stage -1.0 32.0 13.0 86.0 1.0 2.0 188.0 1 0.0 0.0
0
# 817
1 817 1 3030 queue17
stage -1.0 32.0 3.0 158.0 1.0 2.0 400.0 1 0.0 0.0
0
# 818
1 818 1 3030 queue18
stage -1.0 32.0 8.0 91.0 1.0 2.0 213.0 1 0.0 0.0
0
# 819
1 819 1 3030 queue19
stage -1.0 32.0 6.0 41.0 1.0 2.0 156.0 1 0.0 0.0
0
# 820
1 820 1 3030 queue0
stage -1.0 32.0 13.0 52.0 1.0 2.0 78.0 1 0.0 0.0
0
# 821
1 821 1 3032 queue1
stage -1.0 32.0 9.0 64.0 1.0 2.0 400.0 1 0.0 0.0
0
# 822
1 822 1 3032 queue2
stage -1.0 32.0 10.0 52.0 1.0 2.0 160.0 1 0.0 0.0
0
# 823
1 823 1 3034 queue3
stage -1.0 32.0 11.0 60.0 1.0 2.0 400.0 1 0.0 0.0
0
# 824
1 824 1 3034 queue4
stage -1.0 32.0 12.0 107.0 1.0 2.0 400.0 1 0.0 0.0
0
# 825
1 825 1 3034 queue5
stage -1.0 32.0 2.0 77.0 1.0 2.0 98.0 1 0.0 0.0
0
# 826
1 826 1 3034 queue6
stage -1.0 32.0 15.0 57.0 1.0 2.0 88.0 1 0.0 0.0
0
# 827
1 827 1 3034 queue7
stage -1.0 32.0 14.0 51.0 1.0 2.0 144.0 1 0.0 0.0
0
# 828
1 828 1 3035 queue8
stage -1.0 32.0 16.0 87.0 1.0 2.0 84.0 1 0.0 0.0
0
# 829
1 829 1 3035 queue9
stage -1.0 32.0 8.0 45.0 1.0 2.0 345.0 1 0.0 0.0
0
# 830
1 830 1 3035 queue10
stage -1.0 32.0 16.0 47.0 1.0 2.0 88.0 1 0.0 0.0
0
# 831
1 831 1 3035 queue11
stage -1.0 32.0 13.0 40.0 1.0 2.0 84.0 1 0.0 0.0
0
# 832
1 832 1 3035 queue12
stage -1.0 32.0 14.0 130.0 1.0 2.0 140.0 1 0.0 0.0
0
# 833
1 833 1 3035 queue13
stage -1.0 32.0 7.0 46.0 1.0 2.0 47.0 1 0.0 0.0
0
# 834
1 834 1 3035 queue14
stage -1.0 32.0 13.0 59.0 1.0 2.0 204.0 1 0.0 0.0
0
# 835
1 835 1 3036 queue15
stage -1.0 32.0 15.0 75.0 1.0 2.0 127.0 1 0.0 0.0
0
# 836
1 836 1 3036 queue16
stage -1.0 32.0 5.0 53.0 1.0 2.0 97.0 1 0.0 0.0
0
# 837
1 837 1 3036 queue17
stage -1.0 32.0 3.0 50.0 1.0 2.0 66.0 1 0.0 0.0
0
# 838
1 838 1 3038 queue18
stage -1.0 32.0 10.0 141.0 1.0 2.0 167.0 1 0.0 0.0
0
# 839
1 839 1 3038 queue19
stage -1.0 32.0 3.0 88.0 1.0 2.0 97.0 1 0.0 0.0
0
# 840
1 840 1 3038 queue0
stage -1.0 32.0 10.0 138.0 1.0 2.0 122.0 1 0.0 0.0
0
# 841
1 841 1 3038 queue1
stage -1.0 32.0 9.0 67.0 1.0 2.0 50.0 1 0.0 0.0
0
# 842
1 842 1 3038 queue2
stage -1.0 32.0 2.0 72.0 1.0 2.0 54.0 1 0.0 0.0
0
# 843
1 843 1 3039 queue3
stage -1.0 32.0 2.0 58.0 1.0 2.0 55.0 1 0.0 0.0
0
# 844
1 844 1 3040 queue4
stage -1.0 32.0 4.0 53.0 1.0 2.0 53.0 1 0.0 0.0
0
# 845
1 845 1 3040 queue5
stage -1.0 32.0 1.0 74.0 1.0 2.0 59.0 1 0.0 0.0
0
# 846
1 846 1 3042 queue6
stage -1.0 32.0 16.0 150.0 1.0 2.0 93.0 1 0.0 0.0
0
# 847
1 847 1 3043 queue7
stage -1.0 32.0 8.0 82.0 1.0 2.0 70.0 1 0.0 0.0
0
# 848
1 848 1 3050 queue8
stage -1.0 32.0 15.0 66.0 1.0 2.0 51.0 1 0.0 0.0
0
# 849
1 849 1 3213 queue9
stage -1.0 32.0 2.0 69.0 1.0 2.0 63.0 1 0.0 0.0
0
# 850
1 850 1 3215 queue10
stage -1.0 32.0 5.0 118.0 1.0 2.0 377.0 1 0.0 0.0
0
# 851
1 851 1 3216 queue11
stage -1.0 32.0 12.0 83.0 1.0 2.0 169.0 1 0.0 0.0
0
# 852
1 852 1 3216 queue12
stage -1.0 32.0 16.0 147.0 1.0 2.0 304.0 1 0.0 0.0
0
# 853
1 853 1 3216 queue13
stage -1.0 32.0 3.0 88.0 1.0 2.0 236.0 1 0.0 0.0
0
# 854
1 854 1 3216 queue14
stage -1.0 32.0 5.0 51.0 1.0 2.0 118.0 1 0.0 0.0
0
# 855
1 855 1 3216 queue15
stage -1.0 32.0 5.0 135.0 1.0 2.0 400.0 1 0.0 0.0
0
# 856
1 856 1 3216 queue16
stage -1.0 32.0 4.0 129.0 1.0 2.0 357.0 1 0.0 0.0
0
# 857
1 857 1 3216 queue17
stage -1.0 32.0 6.0 157.0 1.0 2.0 340.0 1 0.0 0.0
0
# 858
1 858 1 3217 queue18
stage -1.0 32.0 5.0 54.0 1.0 2.0 127.0 1 0.0 0.0
0
# 859
1 859 1 3217 queue19
stage -1.0 32.0 8.0 97.0 1.0 2.0 200.0 1 0.0 0.0
0
# 860
1 860 1 3217 queue0
stage -1.0 32.0 14.0 67.0 1.0 2.0 158.0 1 0.0 0.0
0
# 861
1 861 1 3217 queue1
stage -1.0 32.0 9.0 93.0 1.0 2.0 400.0 1 0.0 0.0
0
# 862
1 862 1 3217 queue2
stage -1.0 32.0 5.0 153.0 1.0 2.0 304.0 1 0.0 0.0
0
# 863
1 863 1 3217 queue3
stage -1.0 32.0 13.0 119.0 1.0 2.0 210.0 1 0.0 0.0
0
# 864
1 864 1 3217 queue4
stage -1.0 32.0 10.0 70.0 1.0 2.0 162.0 1 0.0 0.0
0
# 865
1 865 1 3218 queue5
stage -1.0 32.0 1.0 45.0 1.0 2.0 97.0 1 0.0 0.0
0
# 866
1 866 1 3218 queue6
stage -1.0 32.0 13.0 86.0 1.0 2.0 188.0 1 0.0 0.0
0
# 867
1 867 1 3219 queue7
stage -1.0 32.0 3.0 158.0 1.0 2.0 400.0 1 0.0 0.0
0
# 868
1 868 1 3219 queue8
stage -1.0 32.0 8.0 91.0 1.0 2.0 213.0 1 0.0 0.0
0
# 869
1 869 1 3219 queue9
stage -1.0 32.0 6.0 41.0 1.0 2.0 156.0 1 0.0 0.0
0
# 870
1 870 1 3219 queue10
stage -1.0 32.0 13.0 52.0 1.0 2.0 78.0 1 0.0 0.0
0
# 871
1 871 1 3221 queue11
stage -1.0 32.0 9.0 64.0 1.0 2.0 400.0 1 0.0 0.0
0
# 872
1 872 1 3221 queue12
stage -1.0 32.0 10.0 52.0 1.0 2.0 160.0 1 0.0 0.0
0
# 873
1 873 1 3223 queue13
stage -1.0 32.0 11.0 60.0 1.0 2.0 400.0 1 0.0 0.0
0
# 874
1 874 1 3223 queue14
stage -1.0 32.0 12.0 107.0 1.0 2.0 400.0 1 0.0 0.0
0
# 875
1 875 1 3223 queue15
stage -1.0 32.0 2.0 77.0 1.0 2.0 98.0 1 0.0 0.0
0
# 876
1 876 1 3223 queue16
stage -1.0 32.0 15.0 57.0 1.0 2.0 88.0 1 0.0 0.0
0
# 877
1 877 1 3223 queue17
stage -1.0 32.0 14.0 51.0 1.0 2.0 144.0 1 0.0 0.0
0
# 878
1 878 1 3224 queue18
stage -1.0 32.0 16.0 87.0 1.0 2.0 84.0 1 0.0 0.0
0
# 879
1 879 1 3224 queue19
stage -1.0 32.0 8.0 45.0 1.0 2.0 345.0 1 0.0 0.0
0
# 880
1 880 1 3224 queue0
stage -1.0 32.0 16.0 47.0 1.0 2.0 88.0 1 0.0 0.0
0
# 881
1 881 1 3224 queue1
stage -1.0 32.0 13.0 40.0 1.0 2.0 84.0 1 0.0 0.0
0
# 882
1 882 1 3224 queue2
stage -1.0 32.0 14.0 130.0 1.0 2.0 140.0 1 0.0 0.0
0
# 883
1 883 1 3224 queue3
stage -1.0 32.0 7.0 46.0 1.0 2.0 47.0 1 0.0 0.0
0
# 884
1 884 1 3224 queue4
stage -1.0 32.0 13.0 59.0 1.0 2.0 204.0 1 0.0 0.0
0
# 885
1 885 1 3225 queue5
stage -1.0 32.0 15.0 75.0 1.0 2.0 127.0 1 0.0 0.0
0
# 886
1 886 1 3225 queue6
stage -1.0 32.0 5.0 53.0 1.0 2.0 97.0 1 0.0 0.0
0
# 887
1 887 1 3225 queue7
stage -1.0 32.0 3.0 50.0 1.0 2.0 66.0 1 0.0 0.0
0
# 888
1 888 1 3227 queue8
stage -1.0 32.0 10.0 141.0 1.0 2.0 167.0 1 0.0 0.0
0
# 889
1 889 1 3227 queue9
stage -1.0 32.0 3.0 88.0 1.0 2.0 97.0 1 0.0 0.0
0
# 890
1 890 1 3227 queue10
stage -1.0 32.0 10.0 138.0 1.0 2.0 122.0 1 0.0 0.0
0
# 891
1 891 1 3227 queue11
stage -1.0 32.0 9.0 67.0 1.0 2.0 50.0 1 0.0 0.0
0
# 892
1 892 1 3227 queue12
stage -1.0 32.0 2.0 72.0 1.0 2.0 54.0 1 0.0 0.0
0
# 893
1 893 1 3228 queue13
stage -1.0 32.0 2.0 58.0 1.0 2.0 55.0 1 0.0 0.0
0
# 894
1 894 1 3229 queue14
stage -1.0 32.0 4.0 53.0 1.0 2.0 53.0 1 0.0 0.0
0
# 895
1 895 1 3229 queue15
stage -1.0 32.0 1.0 74.0 1.0 2.0 59.0 1 0.0 0.0
0
# 896
1 896 1 3231 queue16
stage -1.0 32.0 16.0 150.0 1.0 2.0 93.0 1 0.0 0.0
0
# 897
1 897 1 3232 queue17
stage -1.0 32.0 8.0 82.0 1.0 2.0 70.0 1 0.0 0.0
0
# 898
1 898 1 3239 queue18
stage -1.0 32.0 15.0 66.0 1.0 2.0 51.0 1 0.0 0.0
0
# 899
1 899 1 3402 queue19
stage -1.0 32.0 2.0 69.0 1.0 2.0 63.0 1 0.0 0.0
0
# 900
1 900 1 3404 queue0
stage -1.0 32.0 5.0 118.0 1.0 2.0 377.0 1 0.0 0.0
0
# 901
1 901 1 3405 queue1
stage -1.0 32.0 12.0 83.0 1.0 2.0 169.0 1 0.0 0.0
0
# 902
1 902 1 3405 queue2
stage -1.0 32.0 16.0 147.0 1.0 2.0 304.0 1 0.0 0.0
0
# 903
1 903 1 3405 queue3
stage -1.0 32.0 3.0 88.0 1.0 2.0 236.0 1 0.0 0.0
0
# 904
1 904 1 3405 queue4
stage -1.0 32.0 5.0 51.0 1.0 2.0 118.0 1 0.0 0.0
0
# 905
1 905 1 3405 queue5
stage -1.0 32.0 5.0 135.0 1.0 2.0 400.0 1 0.0 0.0
0
# 906
1 906 1 3405 queue6
stage -1.0 32.0 4.0 129.0 1.0 2.0 357.0 1 0.0 0.0
0
# 907
1 907 1 3405 queue7
stage -1.0 32.0 6.0 157.0 1.0 2.0 340.0 1 0.0 0.0
0
# 908
1 908 1 3406 queue8
stage -1.0 32.0 5.0 54.0 1.0 2.0 127.0 1 0.0 0.0
0
# 909
1 909 1 3406 queue9
stage -1.0 32.0 8.0 97.0 1.0 2.0 200.0 1 0.0 0.0
0
# 910
1 910 1 3406 queue10
stage -1.0 32.0 14.0 67.0 1.0 2.0 158.0 1 0.0 0.0
0
# 911
1 911 1 3406 queue11
stage -1.0 32.0 9.0 93.0 1.0 2.0 400.0 1 0.0 0.0
0
# 912
1 912 1 3406 queue12
stage -1.0 32.0 5.0 153.0 1.0 2.0 304.0 1 0.0 0.0
0
# 913
1 913 1 3406 queue13
stage -1.0 32.0 13.0 119.0 1.0 2.0 210.0 1 0.0 0.0
0
# 914
1 914 1 3406 queue14
stage -1.0 32.0 10.0 70.0 1.0 2.0 162.0 1 0.0 0.0
0
# 915
1 915 1 3407 queue15
stage -1.0 32.0 1.0 45.0 1.0 2.0 97.0 1 0.0 0.0
0
# 916
1 916 1 3407 queue16
stage -1.0 32.0 13.0 86.0 1.0 2.0 188.0 1 0.0 0.0
0
# 917
1 917 1 3408 queue17
stage -1.0 32.0 3.0 158.0 1.0 2.0 400.0 1 0.0 0.0
0
# 918
1 918 1 3408 queue18
stage -1.0 32.0 8.0 91.0 1.0 2.0 213.0 1 0.0 0.0
0
# 919
1 919 1 3408 queue19
stage -1.0 32.0 6.0 41.0 1.0 2.0 156.0 1 0.0 0.0
0
# 920
1 920 1 3408 queue0
stage -1.0 32.0 13.0 52.0 1.0 2.0 78.0 1 0.0 0.0
0
# 921
1 921 1 3410 queue1
stage -1.0 32.0 9.0 64.0 1.0 2.0 400.0 1 0.0 0.0
0
# 922
1 922 1 3410 queue2
stage -1.0 32.0 10.0 52.0 1.0 2.0 160.0 1 0.0 0.0
0
# 923
1 923 1 3412 queue3
stage -1.0 32.0 11.0 60.0 1.0 2.0 400.0 1 0.0 0.0
0
# 924
1 924 1 3412 queue4
stage -1.0 32.0 12.0 107.0 1.0 2.0 400.0 1 0.0 0.0
0
# 925
1 925 1 3412 queue5
stage -1.0 32.0 2.0 77.0 1.0 2.0 98.0 1 0.0 0.0
0
# 926
1 926 1 3412 queue6
stage -1.0 32.0 15.0 57.0 1.0 2.0 88.0 1 0.0 0.0
0
# 927
1 927 1 3412 queue7
stage -1.0 32.0 14.0 51.0 1.0 2.0 144.0 1 0.0 0.0
0
# 928
1 928 1 3413 queue8
stage -1.0 32.0 16.0 87.0 1.0 2.0 84.0 1 0.0 0.0
0
# 929
1 929 1 3413 queue9
stage -1.0 32.0 8.0 45.0 1.0 2.0 345.0 1 0.0 0.0
0
# 930
1 930 1 3413 queue10
stage -1.0 32.0 16.0 47.0 1.0 2.0 88.0 1 0.0 0.0
0
# 931
1 931 1 3413 queue11
stage -1.0 32.0 13.0 40.0 1.0 2.0 84.0 1 0.0 0.0
0
# 932
1 932 1 3413 queue12
stage -1.0 32.0 14.0 130.0 1.0 2.0 140.0 1 0.0 0.0
0
# 933
1 933 1 3413 queue13
stage -1.0 32.0 7.0 46.0 1.0 2.0 47.0 1 0.0 0.0
0
# 934
1 934 1 3413 queue14
stage -1.0 32.0 13.0 59.0 1.0 2.0 204.0 1 0.0 0.0
0
# 935
1 935 1 3414 queue15
stage -1.0 32.0 15.0 75.0 1.0 2.0 127.0 1 0.0 0.0
0
# 936
1 936 1 3414 queue16
stage -1.0 32.0 5.0 53.0 1.0 2.0 97.0 1 0.0 0.0
0
# 937
1 937 1 3414 queue17
stage -1.0 32.0 3.0 50.0 1.0 2.0 66.0 1 0.0 0.0
0
# 938
1 938 1 3416 queue18
stage -1.0 32.0 10.0 141.0 1.0 2.0 167.0 1 0.0 0.0
0
# 939
1 939 1 3416 queue19
stage -1.0 32.0 3.0 88.0 1.0 2.0 97.0 1 0.0 0.0
0
# 940
1 940 1 3416 queue0
stage -1.0 32.0 10.0 138.0 1.0 2.0 122.0 1 0.0 0.0
0
# 941
1 941 1 3416 queue1
stage -1.0 32.0 9.0 67.0 1.0 2.0 50.0 1 0.0 0.0
0
# 942
1 942 1 3416 queue2
stage -1.0 32.0 2.0 72.0 1.0 2.0 54.0 1 0.0 0.0
0
# 943
1 943 1 3417 queue3
stage -1.0 32.0 2.0 58.0 1.0 2.0 55.0 1 0.0 0.0
0
# 944
1 944 1 3418 queue4
stage -1.0 32.0 4.0 53.0 1.0 2.0 53.0 1 0.0 0.0
0
# 945
1 945 1 3418 queue5
stage -1.0 32.0 1.0 74.0 1.0 2.0 59.0 1 0.0 0.0
0
# 946
1 946 1 3420 queue6
stage -1.0 32.0 16.0 150.0 1.0 2.0 93.0 1 0.0 0.0
0
# 947
1 947 1 3421 queue7
stage -1.0 32.0 8.0 82.0 1.0 2.0 70.0 1 0.0 0.0
0
# 948
1 948 1 3428 queue8
stage -1.0 32.0 15.0 66.0 1.0 2.0 51.0 1 0.0 0.0
0
# 949
1 949 1 3591 queue9
stage -1.0 32.0 2.0 69.0 1.0 2.0 63.0 1 0.0 0.0
0
# 950
1 950 1 3593 queue10
stage -1.0 32.0 5.0 118.0 1.0 2.0 377.0 1 0.0 0.0
0
# 951
1 951 1 3594 queue11
stage -1.0 32.0 12.0 83.0 1.0 2.0 169.0 1 0.0 0.0
0
# 952
1 952 1 3594 queue12
stage -1.0 32.0 16.0 147.0 1.0 2.0 304.0 1 0.0 0.0
0
# 953
1 953 1 3594 queue13
stage -1.0 32.0 3.0 88.0 1.0 2.0 236.0 1 0.0 0.0
0
# 954
1 954 1 3594 queue14
stage -1.0 32.0 5.0 51.0 1.0 2.0 118.0 1 0.0 0.0
0
# 955
1 955 1 3594 queue15
stage -1.0 32.0 5.0 135.0 1.0 2.0 400.0 1 0.0 0.0
0
# 956
1 956 1 3594 queue16
stage -1.0 32.0 4.0 129.0 1.0 2.0 357.0 1 0.0 0.0
0
# 957
1 957 1 3594 queue17
stage -1.0 32.0 6.0 157.0 1.0 2.0 340.0 1 0.0 0.0
0
# 958
1 958 1 3595 queue18
stage -1.0 32.0 5.0 54.0 1.0 2.0 127.0 1 0.0 0.0
0
# 959
1 959 1 3595 queue19
stage -1.0 32.0 8.0 97.0 1.0 2.0 200.0 1 0.0 0.0
0
# 960
1 960 1 3595 queue0
stage -1.0 32.0 14.0 67.0 1.0 2.0 158.0 1 0.0 0.0
0
# 961
1 961 1 3595 queue1
stage -1.0 32.0 9.0 93.0 1.0 2.0 400.0 1 0.0 0.0
0
# 962
1 962 1 3595 queue2
stage -1.0 32.0 5.0 153.0 1.0 2.0 304.0 1 0.0 0.0
0
# 963
1 963 1 3595 queue3
stage -1.0 32.0 13.0 119.0 1.0 2.0 210.0 1 0.0 0.0
0
# 964
1 964 1 3595 queue4
stage -1.0 32.0 10.0 70.0 1.0 2.0 162.0 1 0.0 0.0
0
# 965
1 965 1 3596 queue5
stage -1.0 32.0 1.0 45.0 1.0 2.0 97.0 1 0.0 0.0
0
# 966
1 966 1 3596 queue6
stage -1.0 32.0 13.0 86.0 1.0 2.0 188.0 1 0.0 0.0
0
# 967
1 967 1 3597 queue7
stage -1.0 32.0 3.0 158.0 1.0 2.0 400.0 1 0.0 0.0
0
# 968
1 968 1 3597 queue8
stage -1.0 32.0 8.0 91.0 1.0 2.0 213.0 1 0.0 0.0
0
# 969
1 969 1 3597 queue9
stage -1.0 32.0 6.0 41.0 1.0 2.0 156.0 1 0.0 0.0
0
# 970
1 970 1 3597 queue10
stage -1.0 32.0 13.0 52.0 1.0 2.0 78.0 1 0.0 0.0
0
# 971
1 971 1 3599 queue11
stage -1.0 32.0 9.0 64.0 1.0 2.0 400.0 1 0.0 0.0
0
# 972
1 972 1 3599 queue12
stage -1.0 32.0 10.0 52.0 1.0 2.0 160.0 1 0.0 0.0
0
# 973
1 973 1 3601 queue13
stage -1.0 32.0 11.0 60.0 1.0 2.0 400.0 1 0.0 0.0
0
# 974
1 974 1 3601 queue14
stage -1.0 32.0 12.0 107.0 1.0 2.0 400.0 1 0.0 0.0
0
# 975
1 975 1 3601 queue15
stage -1.0 32.0 2.0 77.0 1.0 2.0 98.0 1 0.0 0.0
0
# 976
1 976 1 3601 queue16
stage -1.0 32.0 15.0 57.0 1.0 2.0 88.0 1 0.0 0.0
0
# 977
1 977 1 3601 queue17
stage -1.0 32.0 14.0 51.0 1.0 2.0 144.0 1 0.0 0.0
0
# 978
1 978 1 3602 queue18
stage -1.0 32.0 16.0 87.0 1.0 2.0 84.0 1 0.0 0.0
0
# 979
1 979 1 3602 queue19
stage -1.0 32.0 8.0 45.0 1.0 2.0 345.0 1 0.0 0.0
0
# 980
1 980 1 3602 queue0
stage -1.0 32.0 16.0 47.0 1.0 2.0 88.0 1 0.0 0.0
0
# 981
1 981 1 3602 queue1
stage -1.0 32.0 13.0 40.0 1.0 2.0 84.0 1 0.0 0.0
0
# 982
1 982 1 3602 queue2
stage -1.0 32.0 14.0 130.0 1.0 2.0 140.0 1 0.0 0.0
0
# 983
1 983 1 3602 queue3
stage -1.0 32.0 7.0 46.0 1.0 2.0 47.0 1 0.0 0.0
0
# 984
1 984 1 3602 queue4
stage -1.0 32.0 13.0 59.0 1.0 2.0 204.0 1 0.0 0.0
0
# 985
1 985 1 3603 queue5
stage -1.0 32.0 15.0 75.0 1.0 2.0 127.0 1 0.0 0.0
0
# 986
1 986 1 3603 queue6
stage -1.0 32.0 5.0 53.0 1.0 2.0 97.0 1 0.0 0.0
0
# 987
1 987 1 3603 queue7
stage -1.0 32.0 3.0 50.0 1.0 2.0 66.0 1 0.0 0.0
0
# 988
1 988 1 3605 queue8
stage -1.0 32.0 10.0 141.0 1.0 2.0 167.0 1 0.0 0.0
0
# 989
1 989 1 3605 queue9
stage -1.0 32.0 3.0 88.0 1.0 2.0 97.0 1 0.0 0.0
0
# 990
1 990 1 3605 queue10
stage -1.0 32.0 10.0 138.0 1.0 2.0 122.0 1 0.0 0.0
0
# 991
1 991 1 3605 queue11
stage -1.0 32.0 9.0 67.0 1.0 2.0 50.0 1 0.0 0.0
0
# 992
1 992 1 3605 queue12
stage -1.0 32.0 2.0 72.0 1.0 2.0 54.0 1 0.0 0.0
0
# 993
1 993 1 3606 queue13
stage -1.0 32.0 2.0 58.0 1.0 2.0 55.0 1 0.0 0.0
0
# 994
1 994 1 3607 queue14
stage -1.0 32.0 4.0 53.0 1.0 2.0 53.0 1 0.0 0.0
0
# 995
1 995 1 3607 queue15
stage -1.0 32.0 1.0 74.0 1.0 2.0 59.0 1 0.0 0.0
0
# 996
1 996 1 3609 queue16
stage -1.0 32.0 16.0 150.0 1.0 2.0 93.0 1 0.0 0.0
0
# 997
1 997 1 3610 queue17
stage -1.0 32.0 8.0 82.0 1.0 2.0 70.0 1 0.0 0.0
0
# 998
1 998 1 3617 queue18
stage -1.0 32.0 15.0 66.0 1.0 2.0 51.0 1 0.0 0.0
0
# 999
1 999 1 3780 queue19
stage -1.0 32.0 2.0 69.0 1.0 2.0 63.0 1 0.0 0.0
0
