# 0
1 0 1 4 queue0
stage -1.0 32.0 5.0 66.0 1.0 2.0 113.0 1 -0.11 -0.08
0
# 1
1 1 1 5 queue1
stage -1.0 32.0 25.0 69.0 1.0 2.0 104.0 1 0.0 -0.1
0
# 2
1 2 1 5 queue2
stage -1.0 32.0 30.0 196.0 1.0 2.0 193.0 1 -0.06 0.07
0
# 3
1 3 1 5 queue3
stage -1.0 32.0 12.0 196.0 1.0 2.0 193.0 1 -0.15 0.1
0
# 4
1 4 1 6 queue4
stage -1.0 32.0 39.0 197.0 1.0 2.0 200.0 1 -0.13 -0.02
0
# 5
1 5 1 6 queue5
stage -1.0 32.0 39.0 198.0 1.0 2.0 193.0 1 -0.05 -0.08
0
# 6
1 6 1 6 queue6
stage -1.0 32.0 39.0 66.0 1.0 2.0 195.0 1 0.16 -0.02
0
# 7
1 7 1 6 queue7
stage -1.0 32.0 8.0 70.0 1.0 2.0 193.0 1 0.23 0.03
0
# 8
1 8 1 7 queue8
stage -1.0 32.0 39.0 66.0 1.0 2.0 152.0 1 -0.22 -0.18
0
# 9
1 9 1 7 queue9
stage -1.0 32.0 39.0 65.0 1.0 2.0 176.0 1 -0.03 0.15
0
# 10
1 10 1 7 queue10
stage -1.0 32.0 39.0 69.0 1.0 2.0 191.0 1 -0.07 0.15
0
# 11
1 11 1 7 queue11
stage -1.0 32.0 39.0 66.0 1.0 2.0 108.0 1 -0.23 -0.3
0
# 12
1 12 1 7 queue12
stage -1.0 32.0 38.0 68.0 1.0 2.0 195.0 1 -0.21 0.02
0
# 13
1 13 1 10 queue13
stage -1.0 32.0 66.0 67.0 1.0 2.0 151.0 1 -0.29 0.03
0
# 14
1 14 1 10 queue14
stage -1.0 32.0 12.0 68.0 1.0 2.0 193.0 1 0.01 -0.04
0
# 15
1 15 1 10 queue0
stage -1.0 32.0 66.0 195.0 1.0 2.0 191.0 1 0.05 0.02
0
# 16
1 16 1 10 queue1
stage -1.0 32.0 66.0 65.0 1.0 2.0 126.0 1 0.07 0.02
0
# 17
1 17 1 10 queue2
stage -1.0 32.0 60.0 69.0 1.0 2.0 167.0 1 -0.07 -0.13
0
# 18
1 18 1 10 queue3
stage -1.0 32.0 66.0 199.0 1.0 2.0 196.0 1 -0.01 -0.02
0
# 19
1 19 1 12 queue4
stage -1.0 32.0 68.0 70.0 1.0 2.0 185.0 1 -0.09 0.17
0
# 20
1 20 1 14 queue5
stage -1.0 32.0 66.0 67.0 1.0 2.0 199.0 1 0.05 -0.09
0
# 21
1 21 1 15 queue6
stage -1.0 32.0 66.0 65.0 1.0 2.0 195.0 1 -0.22 -0.03
0
# 22
1 22 1 17 queue7
stage -1.0 32.0 80.0 69.0 1.0 2.0 156.0 1 -0.03 0.1
0
# 23
1 23 1 17 queue8
stage -1.0 32.0 24.0 67.0 1.0 2.0 151.0 1 -0.04 -0.08
0
# 24
1 24 1 17 queue9
stage -1.0 32.0 53.0 70.0 1.0 2.0 150.0 1 0.15 -0.12
0
# 25
1 25 1 17 queue10
stage -1.0 32.0 53.0 66.0 1.0 2.0 158.0 1 -0.02 0.05
0
# 26
1 26 1 18 queue11
stage -1.0 32.0 53.0 68.0 1.0 2.0 134.0 1 0.07 -0.04
0
# 27
1 27 1 18 queue12
stage -1.0 32.0 55.0 199.0 1.0 2.0 196.0 1 0.14 0.12
0
# 28
1 28 1 18 queue13
stage -1.0 32.0 53.0 68.0 1.0 2.0 193.0 1 0.04 0.08
0
# 29
1 29 1 18 queue14
stage -1.0 32.0 53.0 198.0 1.0 2.0 195.0 1 -0.12 0.19
0
# 30
1 30 1 18 queue0
stage -1.0 32.0 53.0 65.0 1.0 2.0 93.0 1 -0.1 -0.08
0
# 31
1 31 1 18 queue1
stage -1.0 32.0 81.0 198.0 1.0 2.0 196.0 1 -0.08 -0.12
0
# 32
1 32 1 19 queue2
stage -1.0 32.0 81.0 197.0 1.0 2.0 191.0 1 0.01 -0.01
0
# 33
1 33 1 19 queue3
stage -1.0 32.0 81.0 65.0 1.0 2.0 195.0 1 0.09 -0.01
0
# 34
1 34 1 20 queue4
stage -1.0 32.0 81.0 67.0 1.0 2.0 192.0 1 -0.01 -0.08
0
# 35
1 35 1 20 queue5
stage -1.0 32.0 81.0 68.0 1.0 2.0 85.0 1 -0.03 0.16
0
# 36
1 36 1 20 queue6
stage -1.0 32.0 81.0 67.0 1.0 2.0 148.0 1 -0.09 0.06
0
# 37
1 37 1 23 queue7
stage -1.0 32.0 81.0 69.0 1.0 2.0 105.0 1 0.03 0.1
0
# 38
1 38 1 24 queue8
stage -1.0 32.0 204.0 69.0 1.0 2.0 138.0 1 0.0 -0.08
0
# 39
1 39 1 24 queue9
stage -1.0 32.0 8.0 69.0 1.0 2.0 117.0 1 0.06 0.08
0
# 40
1 40 1 24 queue10
stage -1.0 32.0 1.0 68.0 1.0 2.0 197.0 1 0.13 -0.05
0
# 41
1 41 1 25 queue11
stage -1.0 32.0 8.0 68.0 1.0 2.0 175.0 1 0.03 0.0
0
# 42
1 42 1 38 queue12
stage -1.0 32.0 8.0 66.0 1.0 2.0 77.0 1 0.02 0.03
0
# 43
1 43 1 38 queue13
stage -1.0 32.0 3.0 69.0 1.0 2.0 199.0 1 -0.03 -0.12
0
# 44
1 44 1 38 queue14
stage -1.0 32.0 16.0 70.0 1.0 2.0 198.0 1 0.01 0.1
0
# 45
1 45 1 38 queue0
stage -1.0 32.0 11.0 66.0 1.0 2.0 191.0 1 -0.11 -0.08
0
# 46
1 46 1 38 queue1
stage -1.0 32.0 22.0 68.0 1.0 2.0 196.0 1 0.01 -0.13
0
# 47
1 47 1 38 queue2
stage -1.0 32.0 16.0 68.0 1.0 2.0 191.0 1 -0.2 -0.08
0
# 48
1 48 1 44 queue3
stage -1.0 32.0 12.0 67.0 1.0 2.0 114.0 1 -0.01 0.15
0
# 49
1 49 1 44 queue4
stage -1.0 32.0 12.0 68.0 1.0 2.0 191.0 1 0.06 -0.03
0
# 50
1 50 1 47 queue5
stage -1.0 32.0 24.0 68.0 1.0 2.0 200.0 1 0.01 0.12
0
# 51
1 51 1 53 queue6
stage -1.0 32.0 8.0 67.0 1.0 2.0 79.0 1 0.08 0.1
0
# 52
1 52 1 55 queue7
stage -1.0 32.0 8.0 68.0 1.0 2.0 191.0 1 -0.03 0.09
0
# 53
1 53 1 55 queue8
stage -1.0 32.0 27.0 70.0 1.0 2.0 187.0 1 -0.05 0.01
0
# 54
1 54 1 56 queue9
stage -1.0 32.0 6.0 65.0 1.0 2.0 192.0 1 -0.02 0.03
0
# 55
1 55 1 57 queue10
stage -1.0 32.0 6.0 66.0 1.0 2.0 192.0 1 0.17 -0.05
0
# 56
1 56 1 65 queue11
stage -1.0 32.0 4.0 69.0 1.0 2.0 106.0 1 0.09 -0.02
0
# 57
1 57 1 66 queue12
stage -1.0 32.0 80.0 68.0 1.0 2.0 137.0 1 0.1 0.02
0
# 58
1 58 1 66 queue13
stage -1.0 32.0 6.0 65.0 1.0 2.0 115.0 1 0.04 0.0
0
# 59
1 59 1 68 queue14
stage -1.0 32.0 24.0 199.0 1.0 2.0 191.0 1 0.23 -0.17
0
# 60
1 60 1 71 queue0
stage -1.0 32.0 42.0 68.0 1.0 2.0 77.0 1 -0.15 -0.05
0
# 61
1 61 1 71 queue1
stage -1.0 32.0 24.0 69.0 1.0 2.0 161.0 1 0.03 0.11
0
# 62
1 62 1 75 queue2
stage -1.0 32.0 10.0 67.0 1.0 2.0 106.0 1 0.02 0.13
0
# 63
1 63 1 75 queue3
stage -1.0 32.0 5.0 66.0 1.0 2.0 194.0 1 0.0 -0.04
0
# 64
1 64 1 75 queue4
stage -1.0 32.0 7.0 67.0 1.0 2.0 169.0 1 -0.1 -0.03
0
# 65
1 65 1 75 queue5
stage -1.0 32.0 64.0 66.0 1.0 2.0 195.0 1 -0.05 0.1
0
# 66
1 66 1 75 queue6
stage -1.0 32.0 73.0 69.0 1.0 2.0 190.0 1 0.09 -0.04
0
# 67
1 67 1 75 queue7
stage -1.0 32.0 4.0 68.0 1.0 2.0 105.0 1 0.02 -0.25
0
# 68
1 68 1 75 queue8
stage -1.0 32.0 4.0 66.0 1.0 2.0 115.0 1 0.08 -0.03
0
# 69
1 69 1 75 queue9
stage -1.0 32.0 4.0 66.0 1.0 2.0 189.0 1 0.03 -0.08
0
# 70
1 70 1 75 queue10
stage -1.0 32.0 43.0 67.0 1.0 2.0 128.0 1 0.09 0.21
0
# 71
1 71 1 75 queue11
stage -1.0 32.0 8.0 65.0 1.0 2.0 199.0 1 0.12 -0.01
0
# 72
1 72 1 75 queue12
stage -1.0 32.0 8.0 69.0 1.0 2.0 193.0 1 0.04 0.07
0
# 73
1 73 1 75 queue13
stage -1.0 32.0 5.0 70.0 1.0 2.0 194.0 1 0.2 0.05
0
# 74
1 74 1 75 queue14
stage -1.0 32.0 2.0 68.0 1.0 2.0 195.0 1 -0.12 0.09
0
# 75
1 75 1 78 queue0
stage -1.0 32.0 13.0 68.0 1.0 2.0 194.0 1 0.16 -0.04
0
# 76
1 76 1 78 queue1
stage -1.0 32.0 5.0 66.0 1.0 2.0 169.0 1 -0.09 0.01
0
# 77
1 77 1 79 queue2
stage -1.0 32.0 10.0 69.0 1.0 2.0 169.0 1 0.0 0.04
0
# 78
1 78 1 79 queue3
stage -1.0 32.0 24.0 198.0 1.0 2.0 199.0 1 -0.02 -0.03
0
# 79
1 79 1 81 queue4
stage -1.0 32.0 29.0 199.0 1.0 2.0 197.0 1 -0.01 -0.04
0
# 80
1 80 1 83 queue5
stage -1.0 32.0 48.0 200.0 1.0 2.0 191.0 1 -0.07 0.02
0
# 81
1 81 1 85 queue6
stage -1.0 32.0 244.0 67.0 1.0 2.0 194.0 1 0.1 -0.04
0
# 82
1 82 1 85 queue7
stage -1.0 32.0 11.0 69.0 1.0 2.0 106.0 1 -0.05 -0.1
0
# 83
1 83 1 85 queue8
stage -1.0 32.0 11.0 67.0 1.0 2.0 76.0 1 0.06 0.03
0
# 84
1 84 1 86 queue9
stage -1.0 32.0 3.0 67.0 1.0 2.0 93.0 1 -0.01 0.03
0
# 85
1 85 1 88 queue10
stage -1.0 32.0 24.0 69.0 1.0 2.0 198.0 1 0.05 -0.19
0
# 86
1 86 1 88 queue11
stage -1.0 32.0 11.0 67.0 1.0 2.0 197.0 1 -0.14 0.17
0
# 87
1 87 1 88 queue12
stage -1.0 32.0 11.0 70.0 1.0 2.0 200.0 1 -0.03 -0.21
0
# 88
1 88 1 89 queue13
stage -1.0 32.0 11.0 70.0 1.0 2.0 151.0 1 -0.04 0.11
0
# 89
1 89 1 96 queue14
stage -1.0 32.0 31.0 68.0 1.0 2.0 105.0 1 -0.09 -0.14
0
# 90
1 90 1 97 queue0
stage -1.0 32.0 11.0 67.0 1.0 2.0 167.0 1 -0.1 0.01
0
# 91
1 91 1 98 queue1
stage -1.0 32.0 244.0 66.0 1.0 2.0 197.0 1 -0.08 -0.06
0
# 92
1 92 1 98 queue2
stage -1.0 32.0 81.0 70.0 1.0 2.0 195.0 1 0.0 0.01
0
# 93
1 93 1 98 queue3
stage -1.0 32.0 81.0 67.0 1.0 2.0 78.0 1 -0.09 0.11
0
# 94
1 94 1 98 queue4
stage -1.0 32.0 24.0 68.0 1.0 2.0 195.0 1 -0.02 0.06
0
# 95
1 95 1 98 queue5
stage -1.0 32.0 279.0 66.0 1.0 2.0 166.0 1 -0.13 -0.02
0
# 96
1 96 1 98 queue6
stage -1.0 32.0 239.0 70.0 1.0 2.0 102.0 1 0.04 -0.2
0
# 97
1 97 1 98 queue7
stage -1.0 32.0 204.0 70.0 1.0 2.0 172.0 1 -0.01 -0.07
0
# 98
1 98 1 98 queue8
stage -1.0 32.0 16.0 66.0 1.0 2.0 197.0 1 0.17 0.06
0
# 99
1 99 1 98 queue9
stage -1.0 32.0 8.0 69.0 1.0 2.0 196.0 1 -0.13 0.3
0
# 100
1 100 1 107 queue10
stage -1.0 32.0 16.0 70.0 1.0 2.0 99.0 1 0.13 0.02
0
# 101
1 101 1 107 queue11
stage -1.0 32.0 5.0 68.0 1.0 2.0 192.0 1 0.12 -0.12
0
# 102
1 102 1 110 queue12
stage -1.0 32.0 2.0 66.0 1.0 2.0 196.0 1 0.22 -0.09
0
# 103
1 103 1 110 queue13
stage -1.0 32.0 35.0 66.0 1.0 2.0 191.0 1 -0.04 0.1
0
# 104
1 104 1 110 queue14
stage -1.0 32.0 41.0 68.0 1.0 2.0 106.0 1 -0.04 -0.01
0
# 105
1 105 1 111 queue0
stage -1.0 32.0 35.0 69.0 1.0 2.0 192.0 1 -0.08 0.03
0
# 106
1 106 1 111 queue1
stage -1.0 32.0 38.0 68.0 1.0 2.0 200.0 1 0.1 -0.01
0
# 107
1 107 1 113 queue2
stage -1.0 32.0 35.0 198.0 1.0 2.0 196.0 1 -0.11 -0.14
0
# 108
1 108 1 113 queue3
stage -1.0 32.0 35.0 198.0 1.0 2.0 197.0 1 -0.03 0.07
0
# 109
1 109 1 113 queue4
stage -1.0 32.0 30.0 198.0 1.0 2.0 196.0 1 0.03 -0.01
0
# 110
1 110 1 113 queue5
stage -1.0 32.0 8.0 195.0 1.0 2.0 194.0 1 -0.06 0.11
0
# 111
1 111 1 113 queue6
stage -1.0 32.0 7.0 198.0 1.0 2.0 198.0 1 0.02 -0.05
0
# 112
1 112 1 114 queue7
stage -1.0 32.0 20.0 67.0 1.0 2.0 197.0 1 -0.03 -0.08
0
# 113
1 113 1 115 queue8
stage -1.0 32.0 60.0 67.0 1.0 2.0 93.0 1 0.03 0.04
0
# 114
1 114 1 115 queue9
stage -1.0 32.0 33.0 65.0 1.0 2.0 197.0 1 0.12 0.09
0
# 115
1 115 1 116 queue10
stage -1.0 32.0 20.0 68.0 1.0 2.0 199.0 1 0.05 -0.06
0
# 116
1 116 1 117 queue11
stage -1.0 32.0 1.0 69.0 1.0 2.0 190.0 1 0.13 -0.08
0
# 117
1 117 1 120 queue12
stage -1.0 32.0 12.0 67.0 1.0 2.0 196.0 1 -0.06 -0.06
0
# 118
1 118 1 120 queue13
stage -1.0 32.0 5.0 69.0 1.0 2.0 116.0 1 0.11 0.04
0
# 119
1 119 1 121 queue14
stage -1.0 32.0 12.0 67.0 1.0 2.0 187.0 1 -0.04 0.11
0
# 120
1 120 1 123 queue0
stage -1.0 32.0 24.0 66.0 1.0 2.0 173.0 1 0.0 -0.2
0
# 121
1 121 1 123 queue1
stage -1.0 32.0 13.0 66.0 1.0 2.0 194.0 1 -0.06 0.04
0
# 122
1 122 1 127 queue2
stage -1.0 32.0 48.0 87.0 1.0 2.0 193.0 1 -0.09 0.15
0
# 123
1 123 1 127 queue3
stage -1.0 32.0 6.0 87.0 1.0 2.0 196.0 1 0.13 0.18
0
# 124
1 124 1 127 queue4
stage -1.0 32.0 6.0 69.0 1.0 2.0 160.0 1 -0.06 0.12
0
# 125
1 125 1 129 queue5
stage -1.0 32.0 6.0 67.0 1.0 2.0 197.0 1 -0.03 -0.09
0
# 126
1 126 1 130 queue6
stage -1.0 32.0 29.0 65.0 1.0 2.0 188.0 1 -0.11 0.11
0
# 127
1 127 1 130 queue7
stage -1.0 32.0 8.0 68.0 1.0 2.0 161.0 1 0.05 0.12
0
# 128
1 128 1 132 queue8
stage -1.0 32.0 60.0 67.0 1.0 2.0 174.0 1 -0.08 -0.09
0
# 129
1 129 1 132 queue9
stage -1.0 32.0 0.0 68.0 1.0 2.0 200.0 1 0.01 0.03
0
# 130
1 130 1 135 queue10
stage -1.0 32.0 5.0 68.0 1.0 2.0 164.0 1 0.02 0.11
0
# 131
1 131 1 136 queue11
stage -1.0 32.0 12.0 69.0 1.0 2.0 198.0 1 0.02 -0.11
0
# 132
1 132 1 136 queue12
stage -1.0 32.0 5.0 67.0 1.0 2.0 199.0 1 -0.2 -0.07
0
# 133
1 133 1 137 queue13
stage -1.0 32.0 8.0 68.0 1.0 2.0 191.0 1 0.25 0.01
0
# 134
1 134 1 138 queue14
stage -1.0 32.0 53.0 68.0 1.0 2.0 156.0 1 0.06 0.01
0
# 135
1 135 1 138 queue0
stage -1.0 32.0 10.0 68.0 1.0 2.0 177.0 1 0.11 -0.11
0
# 136
1 136 1 140 queue1
stage -1.0 32.0 1.0 69.0 1.0 2.0 195.0 1 -0.01 -0.01
0
# 137
1 137 1 141 queue2
stage -1.0 32.0 10.0 68.0 1.0 2.0 197.0 1 0.01 0.08
0
# 138
1 138 1 147 queue3
stage -1.0 32.0 24.0 66.0 1.0 2.0 147.0 1 -0.04 -0.01
0
# 139
1 139 1 148 queue4
stage -1.0 32.0 24.0 69.0 1.0 2.0 185.0 1 0.14 -0.08
0
# 140
1 140 1 149 queue5
stage -1.0 32.0 24.0 67.0 1.0 2.0 158.0 1 0.06 0.08
0
# 141
1 141 1 149 queue6
stage -1.0 32.0 24.0 66.0 1.0 2.0 145.0 1 -0.06 0.02
0
# 142
1 142 1 154 queue7
stage -1.0 32.0 8.0 68.0 1.0 2.0 168.0 1 0.09 -0.02
0
# 143
1 143 1 156 queue8
stage -1.0 32.0 8.0 68.0 1.0 2.0 184.0 1 0.13 0.0
0
# 144
1 144 1 159 queue9
stage -1.0 32.0 33.0 65.0 1.0 2.0 182.0 1 0.06 0.13
0
# 145
1 145 1 163 queue10
stage -1.0 32.0 8.0 68.0 1.0 2.0 184.0 1 0.01 -0.04
0
# 146
1 146 1 164 queue11
stage -1.0 32.0 1.0 199.0 1.0 2.0 191.0 1 0.14 -0.07
0
# 147
1 147 1 164 queue12
stage -1.0 32.0 1.0 67.0 1.0 2.0 155.0 1 0.01 0.05
0
# 148
1 148 1 164 queue13
stage -1.0 32.0 16.0 198.0 1.0 2.0 196.0 1 -0.06 0.0
0
# 149
1 149 1 164 queue14
stage -1.0 32.0 5.0 198.0 1.0 2.0 197.0 1 0.19 -0.02
0
# 150
1 150 1 164 queue0
stage -1.0 32.0 24.0 195.0 1.0 2.0 191.0 1 0.0 0.25
0
# 151
1 151 1 164 queue1
stage -1.0 32.0 16.0 67.0 1.0 2.0 199.0 1 -0.03 0.03
0
# 152
1 152 1 164 queue2
stage -1.0 32.0 10.0 197.0 1.0 2.0 196.0 1 0.0 0.04
0
# 153
1 153 1 166 queue3
stage -1.0 32.0 24.0 67.0 1.0 2.0 173.0 1 -0.02 -0.14
0
# 154
1 154 1 166 queue4
stage -1.0 32.0 12.0 70.0 1.0 2.0 193.0 1 0.0 0.12
0
# 155
1 155 1 168 queue5
stage -1.0 32.0 61.0 66.0 1.0 2.0 170.0 1 0.16 0.21
0
# 156
1 156 1 168 queue6
stage -1.0 32.0 4.0 66.0 1.0 2.0 191.0 1 -0.14 -0.06
0
# 157
1 157 1 168 queue7
stage -1.0 32.0 3.0 67.0 1.0 2.0 191.0 1 0.1 0.03
0
# 158
1 158 1 168 queue8
stage -1.0 32.0 244.0 66.0 1.0 2.0 152.0 1 -0.02 -0.04
0
# 159
1 159 1 170 queue9
stage -1.0 32.0 12.0 67.0 1.0 2.0 146.0 1 0.05 0.0
0
# 160
1 160 1 173 queue10
stage -1.0 32.0 145.0 68.0 1.0 2.0 195.0 1 0.09 -0.05
0
# 161
1 161 1 173 queue11
stage -1.0 32.0 8.0 70.0 1.0 2.0 199.0 1 0.21 -0.03
0
# 162
1 162 1 173 queue12
stage -1.0 32.0 27.0 67.0 1.0 2.0 145.0 1 -0.06 -0.03
0
# 163
1 163 1 173 queue13
stage -1.0 32.0 98.0 65.0 1.0 2.0 145.0 1 0.0 0.08
0
# 164
1 164 1 174 queue14
stage -1.0 32.0 27.0 68.0 1.0 2.0 135.0 1 0.13 0.02
0
# 165
1 165 1 174 queue0
stage -1.0 32.0 8.0 65.0 1.0 2.0 162.0 1 0.02 -0.01
0
# 166
1 166 1 175 queue1
stage -1.0 32.0 126.0 68.0 1.0 2.0 165.0 1 0.14 -0.03
0
# 167
1 167 1 175 queue2
stage -1.0 32.0 8.0 68.0 1.0 2.0 145.0 1 -0.02 0.01
0
# 168
1 168 1 175 queue3
stage -1.0 32.0 244.0 65.0 1.0 2.0 160.0 1 0.08 0.02
0
# 169
1 169 1 175 queue4
stage -1.0 32.0 217.0 67.0 1.0 2.0 181.0 1 -0.13 0.09
0
# 170
1 170 1 175 queue5
stage -1.0 32.0 204.0 66.0 1.0 2.0 170.0 1 -0.02 -0.1
0
# 171
1 171 1 175 queue6
stage -1.0 32.0 29.0 68.0 1.0 2.0 168.0 1 -0.1 -0.07
0
# 172
1 172 1 175 queue7
stage -1.0 32.0 12.0 67.0 1.0 2.0 194.0 1 0.13 0.04
0
# 173
1 173 1 176 queue8
stage -1.0 32.0 12.0 66.0 1.0 2.0 154.0 1 0.14 0.14
0
# 174
1 174 1 176 queue9
stage -1.0 32.0 24.0 68.0 1.0 2.0 184.0 1 -0.01 -0.13
0
# 175
1 175 1 176 queue10
stage -1.0 32.0 11.0 70.0 1.0 2.0 174.0 1 -0.07 0.29
0
# 176
1 176 1 177 queue11
stage -1.0 32.0 11.0 66.0 1.0 2.0 147.0 1 0.05 -0.1
0
# 177
1 177 1 179 queue12
stage -1.0 32.0 11.0 66.0 1.0 2.0 164.0 1 -0.02 -0.04
0
# 178
1 178 1 180 queue13
stage -1.0 32.0 11.0 67.0 1.0 2.0 190.0 1 0.05 0.09
0
# 179
1 179 1 180 queue14
stage -1.0 32.0 11.0 68.0 1.0 2.0 200.0 1 -0.08 0.02
0
# 180
1 180 1 182 queue0
stage -1.0 32.0 11.0 69.0 1.0 2.0 55.0 1 -0.07 -0.1
0
# 181
1 181 1 182 queue1
stage -1.0 32.0 2.0 67.0 1.0 2.0 48.0 1 -0.03 -0.05
0
# 182
1 182 1 183 queue2
stage -1.0 32.0 43.0 66.0 1.0 2.0 52.0 1 0.14 0.0
0
# 183
1 183 1 183 queue3
stage -1.0 32.0 16.0 69.0 1.0 2.0 195.0 1 0.03 -0.09
0
# 184
1 184 1 184 queue4
stage -1.0 32.0 8.0 68.0 1.0 2.0 54.0 1 0.19 0.09
0
# 185
1 185 1 184 queue5
stage -1.0 32.0 8.0 69.0 1.0 2.0 192.0 1 -0.25 -0.06
0
# 186
1 186 1 185 queue6
stage -1.0 32.0 8.0 68.0 1.0 2.0 39.0 1 0.03 0.1
0
# 187
1 187 1 187 queue7
stage -1.0 32.0 16.0 70.0 1.0 2.0 44.0 1 0.11 -0.11
0
# 188
1 188 1 187 queue8
stage -1.0 32.0 16.0 69.0 1.0 2.0 60.0 1 -0.09 0.07
0
# 189
1 189 1 187 queue9
stage -1.0 32.0 16.0 67.0 1.0 2.0 41.0 1 0.28 -0.23
0
# 190
1 190 1 187 queue10
stage -1.0 32.0 16.0 69.0 1.0 2.0 52.0 1 0.07 0.03
0
# 191
1 191 1 187 queue11
stage -1.0 32.0 16.0 68.0 1.0 2.0 73.0 1 -0.03 0.11
0
# 192
1 192 1 187 queue12
stage -1.0 32.0 4.0 66.0 1.0 2.0 66.0 1 -0.06 0.05
0
# 193
1 193 1 187 queue13
stage -1.0 32.0 39.0 66.0 1.0 2.0 100.0 1 0.0 0.01
0
# 194
1 194 1 187 queue14
stage -1.0 32.0 40.0 67.0 1.0 2.0 67.0 1 -0.15 -0.11
0
# 195
1 195 1 187 queue0
stage -1.0 32.0 24.0 66.0 1.0 2.0 36.0 1 -0.04 -0.17
0
# 196
1 196 1 187 queue1
stage -1.0 32.0 31.0 68.0 1.0 2.0 200.0 1 0.06 -0.03
0
# 197
1 197 1 187 queue2
stage -1.0 32.0 33.0 66.0 1.0 2.0 29.0 1 -0.2 0.05
0
# 198
1 198 1 187 queue3
stage -1.0 32.0 14.0 68.0 1.0 2.0 196.0 1 -0.02 0.06
0
# 199
1 199 1 187 queue4
stage -1.0 32.0 244.0 66.0 1.0 2.0 56.0 1 0.01 0.19
0
# 200
1 200 1 188 queue5
stage -1.0 32.0 33.0 65.0 1.0 2.0 63.0 1 0.08 -0.27
0
# 201
1 201 1 189 queue6
stage -1.0 32.0 204.0 69.0 1.0 2.0 47.0 1 -0.01 -0.1
0
# 202
1 202 1 189 queue7
stage -1.0 32.0 5.0 67.0 1.0 2.0 52.0 1 -0.12 -0.06
0
# 203
1 203 1 189 queue8
stage -1.0 32.0 6.0 70.0 1.0 2.0 36.0 1 -0.01 0.03
0
# 204
1 204 1 190 queue9
stage -1.0 32.0 6.0 68.0 1.0 2.0 52.0 1 0.14 0.09
0
# 205
1 205 1 190 queue10
stage -1.0 32.0 29.0 65.0 1.0 2.0 43.0 1 0.14 0.01
0
# 206
1 206 1 190 queue11
stage -1.0 32.0 27.0 67.0 1.0 2.0 55.0 1 0.13 0.08
0
# 207
1 207 1 190 queue12
stage -1.0 32.0 205.0 70.0 1.0 2.0 49.0 1 0.02 0.0
0
# 208
1 208 1 190 queue13
stage -1.0 32.0 244.0 69.0 1.0 2.0 96.0 1 0.26 -0.04
0
# 209
1 209 1 191 queue14
stage -1.0 32.0 12.0 66.0 1.0 2.0 57.0 1 0.21 -0.07
0
# 210
1 210 1 191 queue0
stage -1.0 32.0 3.0 65.0 1.0 2.0 134.0 1 -0.18 0.18
0
# 211
1 211 1 191 queue1
stage -1.0 32.0 16.0 68.0 1.0 2.0 31.0 1 -0.13 -0.02
0
# 212
1 212 1 191 queue2
stage -1.0 32.0 5.0 68.0 1.0 2.0 67.0 1 -0.03 0.02
0
# 213
1 213 1 191 queue3
stage -1.0 32.0 6.0 67.0 1.0 2.0 36.0 1 0.07 0.06
0
# 214
1 214 1 191 queue4
stage -1.0 32.0 5.0 70.0 1.0 2.0 29.0 1 0.07 -0.04
0
# 215
1 215 1 191 queue5
stage -1.0 32.0 5.0 68.0 1.0 2.0 74.0 1 -0.02 0.06
0
# 216
1 216 1 192 queue6
stage -1.0 32.0 5.0 67.0 1.0 2.0 38.0 1 -0.01 -0.06
0
# 217
1 217 1 192 queue7
stage -1.0 32.0 81.0 66.0 1.0 2.0 194.0 1 0.07 -0.05
0
# 218
1 218 1 193 queue8
stage -1.0 32.0 5.0 66.0 1.0 2.0 36.0 1 -0.18 -0.17
0
# 219
1 219 1 193 queue9
stage -1.0 32.0 5.0 68.0 1.0 2.0 71.0 1 -0.07 0.03
0
# 220
1 220 1 194 queue10
stage -1.0 32.0 16.0 66.0 1.0 2.0 73.0 1 -0.03 0.08
0
# 221
1 221 1 200 queue11
stage -1.0 32.0 8.0 67.0 1.0 2.0 34.0 1 -0.02 0.17
0
# 222
1 222 1 200 queue12
stage -1.0 32.0 8.0 67.0 1.0 2.0 55.0 1 -0.14 -0.08
0
# 223
1 223 1 202 queue13
stage -1.0 32.0 16.0 70.0 1.0 2.0 84.0 1 -0.04 -0.04
0
# 224
1 224 1 203 queue14
stage -1.0 32.0 4.0 67.0 1.0 2.0 32.0 1 0.16 -0.13
0
# 225
1 225 1 205 queue0
stage -1.0 32.0 4.0 68.0 1.0 2.0 40.0 1 0.06 0.02
0
# 226
1 226 1 205 queue1
stage -1.0 32.0 4.0 69.0 1.0 2.0 140.0 1 -0.02 0.05
0
# 227
1 227 1 205 queue2
stage -1.0 32.0 16.0 68.0 1.0 2.0 27.0 1 -0.12 0.05
0
# 228
1 228 1 205 queue3
stage -1.0 32.0 5.0 67.0 1.0 2.0 125.0 1 0.09 -0.09
0
# 229
1 229 1 206 queue4
stage -1.0 32.0 5.0 69.0 1.0 2.0 56.0 1 0.09 -0.02
0
# 230
1 230 1 206 queue5
stage -1.0 32.0 5.0 67.0 1.0 2.0 133.0 1 -0.13 0.06
0
# 231
1 231 1 206 queue6
stage -1.0 32.0 5.0 65.0 1.0 2.0 146.0 1 -0.09 -0.02
0
# 232
1 232 1 206 queue7
stage -1.0 32.0 5.0 68.0 1.0 2.0 53.0 1 -0.18 0.11
0
# 233
1 233 1 207 queue8
stage -1.0 32.0 5.0 69.0 1.0 2.0 34.0 1 0.1 0.02
0
# 234
1 234 1 210 queue9
stage -1.0 32.0 16.0 66.0 1.0 2.0 182.0 1 -0.09 -0.07
0
# 235
1 235 1 211 queue10
stage -1.0 32.0 14.0 68.0 1.0 2.0 36.0 1 -0.13 -0.07
0
# 236
1 236 1 211 queue11
stage -1.0 32.0 15.0 67.0 1.0 2.0 56.0 1 0.04 0.15
0
# 237
1 237 1 211 queue12
stage -1.0 32.0 24.0 69.0 1.0 2.0 71.0 1 0.04 0.02
0
# 238
1 238 1 211 queue13
stage -1.0 32.0 4.0 69.0 1.0 2.0 39.0 1 0.08 0.05
0
# 239
1 239 1 211 queue14
stage -1.0 32.0 12.0 66.0 1.0 2.0 31.0 1 0.09 -0.14
0
# 240
1 240 1 211 queue0
stage -1.0 32.0 12.0 69.0 1.0 2.0 53.0 1 -0.01 0.0
0
# 241
1 241 1 211 queue1
stage -1.0 32.0 16.0 69.0 1.0 2.0 26.0 1 0.05 -0.14
0
# 242
1 242 1 214 queue2
stage -1.0 32.0 12.0 69.0 1.0 2.0 66.0 1 0.02 -0.08
0
# 243
1 243 1 214 queue3
stage -1.0 32.0 12.0 69.0 1.0 2.0 33.0 1 -0.19 0.02
0
# 244
1 244 1 215 queue4
stage -1.0 32.0 109.0 70.0 1.0 2.0 63.0 1 0.01 -0.06
0
# 245
1 245 1 215 queue5
stage -1.0 32.0 24.0 69.0 1.0 2.0 40.0 1 -0.07 -0.06
0
# 246
1 246 1 215 queue6
stage -1.0 32.0 24.0 67.0 1.0 2.0 35.0 1 -0.03 -0.09
0
# 247
1 247 1 215 queue7
stage -1.0 32.0 4.0 67.0 1.0 2.0 38.0 1 0.05 -0.17
0
# 248
1 248 1 215 queue8
stage -1.0 32.0 109.0 65.0 1.0 2.0 40.0 1 0.03 -0.13
0
# 249
1 249 1 215 queue9
stage -1.0 32.0 39.0 66.0 1.0 2.0 34.0 1 -0.03 -0.06
0
# 250
1 250 1 215 queue10
stage -1.0 32.0 4.0 70.0 1.0 2.0 193.0 1 -0.16 0.05
0
# 251
1 251 1 215 queue11
stage -1.0 32.0 80.0 70.0 1.0 2.0 26.0 1 0.15 0.0
0
# 252
1 252 1 216 queue12
stage -1.0 32.0 39.0 66.0 1.0 2.0 34.0 1 0.02 -0.28
0
# 253
1 253 1 216 queue13
stage -1.0 32.0 40.0 70.0 1.0 2.0 53.0 1 -0.06 -0.12
0
# 254
1 254 1 216 queue14
stage -1.0 32.0 163.0 67.0 1.0 2.0 46.0 1 0.05 0.11
0
# 255
1 255 1 216 queue0
stage -1.0 32.0 4.0 67.0 1.0 2.0 29.0 1 0.04 0.09
0
# 256
1 256 1 217 queue1
stage -1.0 32.0 40.0 66.0 1.0 2.0 74.0 1 0.13 0.07
0
# 257
1 257 1 218 queue2
stage -1.0 32.0 39.0 68.0 1.0 2.0 32.0 1 -0.07 0.1
0
# 258
1 258 1 218 queue3
stage -1.0 32.0 24.0 69.0 1.0 2.0 25.0 1 0.19 0.09
0
# 259
1 259 1 218 queue4
stage -1.0 32.0 32.0 66.0 1.0 2.0 72.0 1 0.05 -0.02
0
# 260
1 260 1 218 queue5
stage -1.0 32.0 24.0 66.0 1.0 2.0 116.0 1 -0.14 0.05
0
# 261
1 261 1 218 queue6
stage -1.0 32.0 40.0 67.0 1.0 2.0 52.0 1 0.08 -0.16
0
# 262
1 262 1 218 queue7
stage -1.0 32.0 4.0 68.0 1.0 2.0 56.0 1 0.05 0.14
0
# 263
1 263 1 218 queue8
stage -1.0 32.0 24.0 67.0 1.0 2.0 199.0 1 -0.1 -0.06
0
# 264
1 264 1 219 queue9
stage -1.0 32.0 13.0 68.0 1.0 2.0 62.0 1 0.13 -0.09
0
# 265
1 265 1 221 queue10
stage -1.0 32.0 39.0 67.0 1.0 2.0 63.0 1 -0.12 -0.05
0
# 266
1 266 1 222 queue11
stage -1.0 32.0 7.0 66.0 1.0 2.0 31.0 1 0.02 -0.04
0
# 267
1 267 1 222 queue12
stage -1.0 32.0 40.0 70.0 1.0 2.0 165.0 1 0.03 -0.12
0
# 268
1 268 1 222 queue13
stage -1.0 32.0 24.0 67.0 1.0 2.0 55.0 1 0.04 0.04
0
# 269
1 269 1 222 queue14
stage -1.0 32.0 32.0 66.0 1.0 2.0 199.0 1 0.08 -0.11
0
# 270
1 270 1 222 queue0
stage -1.0 32.0 16.0 65.0 1.0 2.0 38.0 1 -0.12 0.08
0
# 271
1 271 1 222 queue1
stage -1.0 32.0 16.0 70.0 1.0 2.0 59.0 1 -0.13 -0.17
0
# 272
1 272 1 222 queue2
stage -1.0 32.0 32.0 70.0 1.0 2.0 110.0 1 -0.03 0.1
0
# 273
1 273 1 225 queue3
stage -1.0 32.0 12.0 66.0 1.0 2.0 124.0 1 0.03 0.08
0
# 274
1 274 1 225 queue4
stage -1.0 32.0 103.0 69.0 1.0 2.0 200.0 1 0.03 0.1
0
# 275
1 275 1 225 queue5
stage -1.0 32.0 32.0 70.0 1.0 2.0 65.0 1 -0.07 -0.04
0
# 276
1 276 1 226 queue6
stage -1.0 32.0 40.0 67.0 1.0 2.0 196.0 1 0.03 -0.05
0
# 277
1 277 1 226 queue7
stage -1.0 32.0 34.0 65.0 1.0 2.0 41.0 1 -0.01 0.03
0
# 278
1 278 1 226 queue8
stage -1.0 32.0 32.0 69.0 1.0 2.0 199.0 1 -0.02 -0.09
0
# 279
1 279 1 226 queue9
stage -1.0 32.0 181.0 67.0 1.0 2.0 198.0 1 0.08 0.05
0
# 280
1 280 1 227 queue10
stage -1.0 32.0 16.0 69.0 1.0 2.0 39.0 1 0.1 0.03
0
# 281
1 281 1 233 queue11
stage -1.0 32.0 204.0 69.0 1.0 2.0 39.0 1 -0.15 0.01
0
# 282
1 282 1 233 queue12
stage -1.0 32.0 16.0 65.0 1.0 2.0 156.0 1 0.12 0.01
0
# 283
1 283 1 235 queue13
stage -1.0 32.0 80.0 68.0 1.0 2.0 41.0 1 0.2 -0.02
0
# 284
1 284 1 235 queue14
stage -1.0 32.0 4.0 68.0 1.0 2.0 100.0 1 0.1 0.02
0
# 285
1 285 1 235 queue0
stage -1.0 32.0 39.0 69.0 1.0 2.0 31.0 1 -0.1 0.04
0
# 286
1 286 1 240 queue1
stage -1.0 32.0 40.0 65.0 1.0 2.0 34.0 1 0.07 -0.07
0
# 287
1 287 1 242 queue2
stage -1.0 32.0 24.0 66.0 1.0 2.0 137.0 1 -0.1 0.06
0
# 288
1 288 1 243 queue3
stage -1.0 32.0 4.0 69.0 1.0 2.0 63.0 1 0.0 -0.15
0
# 289
1 289 1 243 queue4
stage -1.0 32.0 39.0 69.0 1.0 2.0 46.0 1 -0.01 -0.01
0
# 290
1 290 1 244 queue5
stage -1.0 32.0 40.0 66.0 1.0 2.0 39.0 1 -0.07 0.03
0
# 291
1 291 1 244 queue6
stage -1.0 32.0 24.0 67.0 1.0 2.0 37.0 1 0.05 0.14
0
# 292
1 292 1 244 queue7
stage -1.0 32.0 16.0 68.0 1.0 2.0 70.0 1 0.03 0.02
0
# 293
1 293 1 245 queue8
stage -1.0 32.0 16.0 70.0 1.0 2.0 37.0 1 0.2 -0.02
0
# 294
1 294 1 245 queue9
stage -1.0 32.0 24.0 66.0 1.0 2.0 52.0 1 0.17 -0.06
0
# 295
1 295 1 245 queue10
stage -1.0 32.0 12.0 65.0 1.0 2.0 127.0 1 -0.01 0.04
0
# 296
1 296 1 246 queue11
stage -1.0 32.0 81.0 70.0 1.0 2.0 198.0 1 0.01 -0.06
0
# 297
1 297 1 249 queue12
stage -1.0 32.0 12.0 69.0 1.0 2.0 193.0 1 0.12 0.0
0
# 298
1 298 1 251 queue13
stage -1.0 32.0 24.0 69.0 1.0 2.0 43.0 1 0.08 -0.08
0
# 299
1 299 1 252 queue14
stage -1.0 32.0 109.0 68.0 1.0 2.0 67.0 1 -0.1 0.05
0
# 300
1 300 1 253 queue0
stage -1.0 32.0 16.0 66.0 1.0 2.0 56.0 1 0.14 0.1
0
# 301
1 301 1 253 queue1
stage -1.0 32.0 23.0 67.0 1.0 2.0 46.0 1 0.1 0.07
0
# 302
1 302 1 253 queue2
stage -1.0 32.0 163.0 67.0 1.0 2.0 48.0 1 0.07 0.1
0
# 303
1 303 1 253 queue3
stage -1.0 32.0 12.0 67.0 1.0 2.0 76.0 1 0.05 0.03
0
# 304
1 304 1 255 queue4
stage -1.0 32.0 12.0 68.0 1.0 2.0 47.0 1 -0.02 -0.13
0
# 305
1 305 1 255 queue5
stage -1.0 32.0 24.0 70.0 1.0 2.0 49.0 1 -0.1 0.08
0
# 306
1 306 1 256 queue6
stage -1.0 32.0 4.0 69.0 1.0 2.0 50.0 1 -0.11 0.12
0
# 307
1 307 1 256 queue7
stage -1.0 32.0 39.0 68.0 1.0 2.0 54.0 1 -0.03 -0.1
0
# 308
1 308 1 258 queue8
stage -1.0 32.0 40.0 67.0 1.0 2.0 62.0 1 0.07 -0.18
0
# 309
1 309 1 259 queue9
stage -1.0 32.0 4.0 68.0 1.0 2.0 50.0 1 0.06 0.01
0
# 310
1 310 1 260 queue10
stage -1.0 32.0 24.0 68.0 1.0 2.0 64.0 1 0.09 0.02
0
# 311
1 311 1 263 queue11
stage -1.0 32.0 39.0 65.0 1.0 2.0 54.0 1 -0.02 -0.1
0
# 312
1 312 1 263 queue12
stage -1.0 32.0 40.0 68.0 1.0 2.0 65.0 1 -0.07 0.04
0
# 313
1 313 1 263 queue13
stage -1.0 32.0 24.0 69.0 1.0 2.0 75.0 1 0.08 0.02
0
# 314
1 314 1 263 queue14
stage -1.0 32.0 2.0 69.0 1.0 2.0 50.0 1 -0.06 0.11
0
# 315
1 315 1 264 queue0
stage -1.0 32.0 8.0 70.0 1.0 2.0 74.0 1 0.09 0.13
0
# 316
1 316 1 268 queue1
stage -1.0 32.0 4.0 66.0 1.0 2.0 51.0 1 0.19 -0.15
0
# 317
1 317 1 270 queue2
stage -1.0 32.0 16.0 65.0 1.0 2.0 41.0 1 0.02 -0.03
0
# 318
1 318 1 271 queue3
stage -1.0 32.0 8.0 68.0 1.0 2.0 67.0 1 0.14 0.07
0
# 319
1 319 1 271 queue4
stage -1.0 32.0 10.0 67.0 1.0 2.0 51.0 1 0.08 -0.05
0
# 320
1 320 1 271 queue5
stage -1.0 32.0 12.0 68.0 1.0 2.0 67.0 1 0.01 0.05
0
# 321
1 321 1 272 queue6
stage -1.0 32.0 3.0 69.0 1.0 2.0 69.0 1 -0.13 0.0
0
# 322
1 322 1 272 queue7
stage -1.0 32.0 41.0 69.0 1.0 2.0 48.0 1 0.1 -0.16
0
# 323
1 323 1 272 queue8
stage -1.0 32.0 3.0 67.0 1.0 2.0 44.0 1 0.02 -0.09
0
# 324
1 324 1 275 queue9
stage -1.0 32.0 1.0 66.0 1.0 2.0 58.0 1 -0.14 0.02
0
# 325
1 325 1 277 queue10
stage -1.0 32.0 53.0 69.0 1.0 2.0 53.0 1 0.01 0.02
0
# 326
1 326 1 278 queue11
stage -1.0 32.0 1.0 69.0 1.0 2.0 83.0 1 -0.06 0.02
0
# 327
1 327 1 278 queue12
stage -1.0 32.0 3.0 68.0 1.0 2.0 59.0 1 -0.25 -0.11
0
# 328
1 328 1 278 queue13
stage -1.0 32.0 16.0 67.0 1.0 2.0 43.0 1 -0.15 -0.25
0
# 329
1 329 1 278 queue14
stage -1.0 32.0 12.0 69.0 1.0 2.0 52.0 1 0.02 -0.04
0
# 330
1 330 1 281 queue0
stage -1.0 32.0 12.0 70.0 1.0 2.0 53.0 1 -0.07 0.16
0
# 331
1 331 1 281 queue1
stage -1.0 32.0 24.0 68.0 1.0 2.0 46.0 1 -0.1 0.03
0
# 332
1 332 1 287 queue2
stage -1.0 32.0 12.0 69.0 1.0 2.0 47.0 1 0.0 -0.17
0
# 333
1 333 1 287 queue3
stage -1.0 32.0 12.0 68.0 1.0 2.0 65.0 1 -0.04 0.12
0
# 334
1 334 1 287 queue4
stage -1.0 32.0 24.0 70.0 1.0 2.0 75.0 1 -0.04 0.08
0
# 335
1 335 1 295 queue5
stage -1.0 32.0 6.0 66.0 1.0 2.0 44.0 1 0.02 0.24
0
# 336
1 336 1 296 queue6
stage -1.0 32.0 6.0 68.0 1.0 2.0 56.0 1 -0.05 -0.05
0
# 337
1 337 1 297 queue7
stage -1.0 32.0 6.0 66.0 1.0 2.0 63.0 1 0.02 -0.12
0
# 338
1 338 1 298 queue8
stage -1.0 32.0 6.0 68.0 1.0 2.0 61.0 1 0.01 0.02
0
# 339
1 339 1 300 queue9
stage -1.0 32.0 12.0 67.0 1.0 2.0 58.0 1 -0.12 -0.1
0
# 340
1 340 1 300 queue10
stage -1.0 32.0 3.0 69.0 1.0 2.0 48.0 1 -0.19 0.07
0
# 341
1 341 1 300 queue11
stage -1.0 32.0 43.0 69.0 1.0 2.0 60.0 1 0.03 0.03
0
# 342
1 342 1 300 queue12
stage -1.0 32.0 5.0 69.0 1.0 2.0 83.0 1 -0.01 0.12
0
# 343
1 343 1 300 queue13
stage -1.0 32.0 33.0 67.0 1.0 2.0 45.0 1 0.0 -0.05
0
# 344
1 344 1 303 queue14
stage -1.0 32.0 4.0 69.0 1.0 2.0 39.0 1 0.05 -0.07
0
# 345
1 345 1 303 queue0
stage -1.0 32.0 39.0 69.0 1.0 2.0 41.0 1 -0.1 -0.07
0
# 346
1 346 1 303 queue1
stage -1.0 32.0 4.0 67.0 1.0 2.0 50.0 1 0.26 0.01
0
# 347
1 347 1 308 queue2
stage -1.0 32.0 40.0 69.0 1.0 2.0 53.0 1 0.08 0.03
0
# 348
1 348 1 308 queue3
stage -1.0 32.0 16.0 68.0 1.0 2.0 57.0 1 0.01 0.09
0
# 349
1 349 1 310 queue4
stage -1.0 32.0 24.0 67.0 1.0 2.0 45.0 1 -0.08 -0.2
0
# 350
1 350 1 310 queue5
stage -1.0 32.0 41.0 69.0 1.0 2.0 48.0 1 0.11 -0.12
0
# 351
1 351 1 310 queue6
stage -1.0 32.0 12.0 67.0 1.0 2.0 59.0 1 0.02 0.0
0
# 352
1 352 1 312 queue7
stage -1.0 32.0 80.0 67.0 1.0 2.0 54.0 1 -0.04 0.05
0
# 353
1 353 1 313 queue8
stage -1.0 32.0 80.0 67.0 1.0 2.0 71.0 1 -0.05 -0.03
0
# 354
1 354 1 315 queue9
stage -1.0 32.0 119.0 69.0 1.0 2.0 88.0 1 -0.01 0.01
0
# 355
1 355 1 316 queue10
stage -1.0 32.0 5.0 69.0 1.0 2.0 47.0 1 -0.17 -0.01
0
# 356
1 356 1 316 queue11
stage -1.0 32.0 5.0 66.0 1.0 2.0 67.0 1 -0.01 -0.11
0
# 357
1 357 1 317 queue12
stage -1.0 32.0 5.0 68.0 1.0 2.0 54.0 1 0.04 0.1
0
# 358
1 358 1 317 queue13
stage -1.0 32.0 5.0 199.0 1.0 2.0 136.0 1 0.04 -0.12
0
# 359
1 359 1 317 queue14
stage -1.0 32.0 5.0 69.0 1.0 2.0 51.0 1 -0.21 0.1
0
# 360
1 360 1 317 queue0
stage -1.0 32.0 5.0 67.0 1.0 2.0 20.0 1 0.16 0.04
0
# 361
1 361 1 317 queue1
stage -1.0 32.0 6.0 197.0 1.0 2.0 55.0 1 -0.11 -0.03
0
# 362
1 362 1 317 queue2
stage -1.0 32.0 6.0 198.0 1.0 2.0 46.0 1 0.12 0.19
0
# 363
1 363 1 318 queue3
stage -1.0 32.0 43.0 198.0 1.0 2.0 73.0 1 -0.15 0.06
0
# 364
1 364 1 318 queue4
stage -1.0 32.0 8.0 196.0 1.0 2.0 194.0 1 0.05 -0.05
0
# 365
1 365 1 318 queue5
stage -1.0 32.0 80.0 198.0 1.0 2.0 107.0 1 0.16 -0.12
0
# 366
1 366 1 318 queue6
stage -1.0 32.0 16.0 200.0 1.0 2.0 43.0 1 -0.07 0.02
0
# 367
1 367 1 318 queue7
stage -1.0 32.0 82.0 199.0 1.0 2.0 63.0 1 -0.02 0.09
0
# 368
1 368 1 318 queue8
stage -1.0 32.0 4.0 197.0 1.0 2.0 114.0 1 0.14 -0.15
0
# 369
1 369 1 318 queue9
stage -1.0 32.0 82.0 67.0 1.0 2.0 66.0 1 -0.12 0.1
0
# 370
1 370 1 319 queue10
stage -1.0 32.0 0.0 198.0 1.0 2.0 116.0 1 -0.12 -0.11
0
# 371
1 371 1 319 queue11
stage -1.0 32.0 8.0 196.0 1.0 2.0 36.0 1 -0.02 -0.08
0
# 372
1 372 1 319 queue12
stage -1.0 32.0 4.0 69.0 1.0 2.0 28.0 1 0.05 -0.2
0
# 373
1 373 1 320 queue13
stage -1.0 32.0 39.0 69.0 1.0 2.0 18.0 1 0.02 -0.14
0
# 374
1 374 1 320 queue14
stage -1.0 32.0 7.0 68.0 1.0 2.0 50.0 1 0.04 0.08
0
# 375
1 375 1 320 queue0
stage -1.0 32.0 40.0 65.0 1.0 2.0 20.0 1 0.11 -0.09
0
# 376
1 376 1 320 queue1
stage -1.0 32.0 24.0 66.0 1.0 2.0 34.0 1 0.14 0.08
0
# 377
1 377 1 320 queue2
stage -1.0 32.0 5.0 69.0 1.0 2.0 17.0 1 0.04 0.01
0
# 378
1 378 1 320 queue3
stage -1.0 32.0 4.0 67.0 1.0 2.0 30.0 1 0.04 -0.22
0
# 379
1 379 1 320 queue4
stage -1.0 32.0 6.0 66.0 1.0 2.0 31.0 1 0.14 0.02
0
# 380
1 380 1 320 queue5
stage -1.0 32.0 8.0 68.0 1.0 2.0 15.0 1 -0.01 0.03
0
# 381
1 381 1 320 queue6
stage -1.0 32.0 43.0 68.0 1.0 2.0 30.0 1 -0.17 0.05
0
# 382
1 382 1 320 queue7
stage -1.0 32.0 2.0 69.0 1.0 2.0 49.0 1 -0.05 -0.21
0
# 383
1 383 1 323 queue8
stage -1.0 32.0 3.0 69.0 1.0 2.0 23.0 1 0.04 -0.04
0
# 384
1 384 1 323 queue9
stage -1.0 32.0 28.0 70.0 1.0 2.0 38.0 1 -0.06 -0.1
0
# 385
1 385 1 323 queue10
stage -1.0 32.0 12.0 69.0 1.0 2.0 14.0 1 0.0 -0.02
0
# 386
1 386 1 325 queue11
stage -1.0 32.0 24.0 66.0 1.0 2.0 25.0 1 0.05 0.2
0
# 387
1 387 1 326 queue12
stage -1.0 32.0 13.0 69.0 1.0 2.0 24.0 1 0.22 0.09
0
# 388
1 388 1 326 queue13
stage -1.0 32.0 5.0 65.0 1.0 2.0 62.0 1 -0.16 0.0
0
# 389
1 389 1 327 queue14
stage -1.0 32.0 24.0 69.0 1.0 2.0 13.0 1 -0.07 -0.02
0
# 390
1 390 1 327 queue0
stage -1.0 32.0 43.0 67.0 1.0 2.0 24.0 1 0.04 0.02
0
# 391
1 391 1 327 queue1
stage -1.0 32.0 12.0 69.0 1.0 2.0 43.0 1 0.03 -0.14
0
# 392
1 392 1 330 queue2
stage -1.0 32.0 27.0 68.0 1.0 2.0 79.0 1 -0.03 0.03
0
# 393
1 393 1 330 queue3
stage -1.0 32.0 8.0 68.0 1.0 2.0 16.0 1 0.22 -0.11
0
# 394
1 394 1 330 queue4
stage -1.0 32.0 41.0 70.0 1.0 2.0 198.0 1 0.0 0.23
0
# 395
1 395 1 330 queue5
stage -1.0 32.0 239.0 66.0 1.0 2.0 38.0 1 -0.17 -0.03
0
# 396
1 396 1 330 queue6
stage -1.0 32.0 16.0 68.0 1.0 2.0 18.0 1 -0.18 0.02
0
# 397
1 397 1 330 queue7
stage -1.0 32.0 12.0 68.0 1.0 2.0 23.0 1 0.11 -0.03
0
# 398
1 398 1 330 queue8
stage -1.0 32.0 5.0 67.0 1.0 2.0 16.0 1 -0.14 0.09
0
# 399
1 399 1 330 queue9
stage -1.0 32.0 3.0 67.0 1.0 2.0 42.0 1 -0.05 -0.14
0
# 400
1 400 1 331 queue10
stage -1.0 32.0 10.0 68.0 1.0 2.0 16.0 1 0.0 -0.09
0
# 401
1 401 1 331 queue11
stage -1.0 32.0 1.0 66.0 1.0 2.0 30.0 1 -0.07 -0.05
0
# 402
1 402 1 331 queue12
stage -1.0 32.0 1.0 67.0 1.0 2.0 21.0 1 -0.01 0.05
0
# 403
1 403 1 332 queue13
stage -1.0 32.0 16.0 65.0 1.0 2.0 12.0 1 -0.12 0.03
0
# 404
1 404 1 333 queue14
stage -1.0 32.0 8.0 66.0 1.0 2.0 15.0 1 0.03 -0.05
0
# 405
1 405 1 334 queue0
stage -1.0 32.0 5.0 67.0 1.0 2.0 18.0 1 -0.07 -0.13
0
# 406
1 406 1 336 queue1
stage -1.0 32.0 2.0 65.0 1.0 2.0 18.0 1 0.0 -0.06
0
# 407
1 407 1 336 queue2
stage -1.0 32.0 20.0 68.0 1.0 2.0 16.0 1 0.05 -0.1
0
# 408
1 408 1 336 queue3
stage -1.0 32.0 81.0 67.0 1.0 2.0 16.0 1 0.08 0.09
0
# 409
1 409 1 336 queue4
stage -1.0 32.0 8.0 68.0 1.0 2.0 29.0 1 -0.1 -0.02
0
# 410
1 410 1 337 queue5
stage -1.0 32.0 16.0 66.0 1.0 2.0 156.0 1 0.16 -0.02
0
# 411
1 411 1 338 queue6
stage -1.0 32.0 43.0 68.0 1.0 2.0 22.0 1 0.0 0.01
0
# 412
1 412 1 338 queue7
stage -1.0 32.0 16.0 69.0 1.0 2.0 36.0 1 0.03 -0.11
0
# 413
1 413 1 340 queue8
stage -1.0 32.0 5.0 69.0 1.0 2.0 28.0 1 -0.04 -0.04
0
# 414
1 414 1 340 queue9
stage -1.0 32.0 5.0 66.0 1.0 2.0 25.0 1 0.06 0.14
0
# 415
1 415 1 340 queue10
stage -1.0 32.0 5.0 66.0 1.0 2.0 20.0 1 0.07 -0.03
0
# 416
1 416 1 341 queue11
stage -1.0 32.0 5.0 68.0 1.0 2.0 16.0 1 -0.13 0.0
0
# 417
1 417 1 342 queue12
stage -1.0 32.0 5.0 68.0 1.0 2.0 15.0 1 -0.02 -0.14
0
# 418
1 418 1 351 queue13
stage -1.0 32.0 5.0 66.0 1.0 2.0 13.0 1 0.02 -0.11
0
# 419
1 419 1 351 queue14
stage -1.0 32.0 5.0 66.0 1.0 2.0 14.0 1 -0.15 0.03
0
# 420
1 420 1 351 queue0
stage -1.0 32.0 5.0 69.0 1.0 2.0 88.0 1 0.0 -0.03
0
# 421
1 421 1 352 queue1
stage -1.0 32.0 13.0 69.0 1.0 2.0 18.0 1 0.03 -0.18
0
# 422
1 422 1 352 queue2
stage -1.0 32.0 5.0 68.0 1.0 2.0 20.0 1 -0.04 0.1
0
# 423
1 423 1 352 queue3
stage -1.0 32.0 5.0 69.0 1.0 2.0 142.0 1 0.16 0.08
0
# 424
1 424 1 353 queue4
stage -1.0 32.0 12.0 68.0 1.0 2.0 16.0 1 -0.08 -0.13
0
# 425
1 425 1 356 queue5
stage -1.0 32.0 5.0 65.0 1.0 2.0 36.0 1 -0.08 -0.08
0
# 426
1 426 1 357 queue6
stage -1.0 32.0 5.0 67.0 1.0 2.0 33.0 1 -0.09 -0.04
0
# 427
1 427 1 358 queue7
stage -1.0 32.0 5.0 67.0 1.0 2.0 83.0 1 0.18 -0.11
0
# 428
1 428 1 358 queue8
stage -1.0 32.0 12.0 66.0 1.0 2.0 43.0 1 -0.09 0.09
0
# 429
1 429 1 358 queue9
stage -1.0 32.0 16.0 68.0 1.0 2.0 31.0 1 0.12 -0.1
0
# 430
1 430 1 358 queue10
stage -1.0 32.0 5.0 68.0 1.0 2.0 10.0 1 0.14 0.0
0
# 431
1 431 1 358 queue11
stage -1.0 32.0 33.0 66.0 1.0 2.0 35.0 1 0.09 0.14
0
# 432
1 432 1 359 queue12
stage -1.0 32.0 5.0 66.0 1.0 2.0 22.0 1 0.08 -0.06
0
# 433
1 433 1 359 queue13
stage -1.0 32.0 33.0 67.0 1.0 2.0 16.0 1 -0.05 0.02
0
# 434
1 434 1 359 queue14
stage -1.0 32.0 5.0 67.0 1.0 2.0 23.0 1 -0.1 0.04
0
# 435
1 435 1 359 queue0
stage -1.0 32.0 24.0 68.0 1.0 2.0 40.0 1 -0.05 0.04
0
# 436
1 436 1 359 queue1
stage -1.0 32.0 16.0 69.0 1.0 2.0 27.0 1 -0.02 -0.03
0
# 437
1 437 1 359 queue2
stage -1.0 32.0 16.0 68.0 1.0 2.0 19.0 1 0.2 0.06
0
# 438
1 438 1 359 queue3
stage -1.0 32.0 41.0 67.0 1.0 2.0 11.0 1 -0.16 0.02
0
# 439
1 439 1 359 queue4
stage -1.0 32.0 16.0 67.0 1.0 2.0 12.0 1 -0.15 -0.02
0
# 440
1 440 1 359 queue5
stage -1.0 32.0 33.0 67.0 1.0 2.0 14.0 1 0.14 -0.05
0
# 441
1 441 1 361 queue6
stage -1.0 32.0 21.0 68.0 1.0 2.0 16.0 1 -0.04 -0.1
0
# 442
1 442 1 361 queue7
stage -1.0 32.0 16.0 68.0 1.0 2.0 78.0 1 0.08 -0.03
0
# 443
1 443 1 361 queue8
stage -1.0 32.0 33.0 68.0 1.0 2.0 19.0 1 0.03 -0.04
0
# 444
1 444 1 364 queue9
stage -1.0 32.0 22.0 69.0 1.0 2.0 22.0 1 0.13 0.02
0
# 445
1 445 1 364 queue10
stage -1.0 32.0 16.0 70.0 1.0 2.0 29.0 1 0.15 -0.03
0
# 446
1 446 1 364 queue11
stage -1.0 32.0 33.0 69.0 1.0 2.0 18.0 1 0.14 0.0
0
# 447
1 447 1 365 queue12
stage -1.0 32.0 41.0 69.0 1.0 2.0 11.0 1 -0.05 -0.08
0
# 448
1 448 1 366 queue13
stage -1.0 32.0 33.0 66.0 1.0 2.0 150.0 1 0.01 0.01
0
# 449
1 449 1 366 queue14
stage -1.0 32.0 33.0 66.0 1.0 2.0 41.0 1 0.09 -0.12
0
# 450
1 450 1 366 queue0
stage -1.0 32.0 81.0 68.0 1.0 2.0 23.0 1 -0.12 0.09
0
# 451
1 451 1 368 queue1
stage -1.0 32.0 33.0 68.0 1.0 2.0 16.0 1 0.01 0.01
0
# 452
1 452 1 368 queue2
stage -1.0 32.0 33.0 69.0 1.0 2.0 50.0 1 -0.08 -0.05
0
# 453
1 453 1 368 queue3
stage -1.0 32.0 33.0 68.0 1.0 2.0 25.0 1 0.0 0.14
0
# 454
1 454 1 368 queue4
stage -1.0 32.0 33.0 65.0 1.0 2.0 50.0 1 -0.03 0.15
0
# 455
1 455 1 371 queue5
stage -1.0 32.0 33.0 66.0 1.0 2.0 10.0 1 0.02 0.13
0
# 456
1 456 1 371 queue6
stage -1.0 32.0 33.0 68.0 1.0 2.0 39.0 1 -0.04 0.03
0
# 457
1 457 1 373 queue7
stage -1.0 32.0 33.0 66.0 1.0 2.0 18.0 1 -0.03 0.08
0
# 458
1 458 1 373 queue8
stage -1.0 32.0 33.0 70.0 1.0 2.0 34.0 1 -0.1 -0.04
0
# 459
1 459 1 375 queue9
stage -1.0 32.0 33.0 66.0 1.0 2.0 31.0 1 -0.05 0.14
0
# 460
1 460 1 375 queue10
stage -1.0 32.0 33.0 65.0 1.0 2.0 31.0 1 -0.02 -0.15
0
# 461
1 461 1 376 queue11
stage -1.0 32.0 33.0 70.0 1.0 2.0 23.0 1 0.02 -0.16
0
# 462
1 462 1 376 queue12
stage -1.0 32.0 33.0 68.0 1.0 2.0 36.0 1 0.06 0.2
0
# 463
1 463 1 376 queue13
stage -1.0 32.0 16.0 66.0 1.0 2.0 43.0 1 -0.03 -0.02
0
# 464
1 464 1 378 queue14
stage -1.0 32.0 33.0 70.0 1.0 2.0 14.0 1 0.04 -0.05
0
# 465
1 465 1 379 queue0
stage -1.0 32.0 57.0 68.0 1.0 2.0 128.0 1 0.04 -0.1
0
# 466
1 466 1 382 queue1
stage -1.0 32.0 33.0 69.0 1.0 2.0 14.0 1 0.02 -0.05
0
# 467
1 467 1 383 queue2
stage -1.0 32.0 16.0 66.0 1.0 2.0 14.0 1 -0.06 0.08
0
# 468
1 468 1 383 queue3
stage -1.0 32.0 16.0 66.0 1.0 2.0 26.0 1 0.14 0.09
0
# 469
1 469 1 383 queue4
stage -1.0 32.0 12.0 69.0 1.0 2.0 16.0 1 0.0 0.14
0
# 470
1 470 1 383 queue5
stage -1.0 32.0 12.0 68.0 1.0 2.0 16.0 1 -0.1 0.12
0
# 471
1 471 1 383 queue6
stage -1.0 32.0 24.0 66.0 1.0 2.0 60.0 1 0.09 -0.09
0
# 472
1 472 1 384 queue7
stage -1.0 32.0 12.0 68.0 1.0 2.0 11.0 1 -0.11 0.18
0
# 473
1 473 1 385 queue8
stage -1.0 32.0 163.0 69.0 1.0 2.0 13.0 1 -0.04 -0.09
0
# 474
1 474 1 385 queue9
stage -1.0 32.0 163.0 66.0 1.0 2.0 21.0 1 -0.08 -0.08
0
# 475
1 475 1 386 queue10
stage -1.0 32.0 43.0 67.0 1.0 2.0 196.0 1 -0.13 -0.08
0
# 476
1 476 1 386 queue11
stage -1.0 32.0 163.0 70.0 1.0 2.0 61.0 1 0.08 0.16
0
# 477
1 477 1 387 queue12
stage -1.0 32.0 163.0 68.0 1.0 2.0 39.0 1 0.1 -0.04
0
# 478
1 478 1 387 queue13
stage -1.0 32.0 43.0 67.0 1.0 2.0 23.0 1 -0.18 0.03
0
# 479
1 479 1 388 queue14
stage -1.0 32.0 24.0 68.0 1.0 2.0 18.0 1 -0.03 0.0
0
# 480
1 480 1 392 queue0
stage -1.0 32.0 14.0 67.0 1.0 2.0 33.0 1 0.03 -0.15
0
# 481
1 481 1 392 queue1
stage -1.0 32.0 21.0 65.0 1.0 2.0 23.0 1 -0.11 0.02
0
# 482
1 482 1 392 queue2
stage -1.0 32.0 16.0 69.0 1.0 2.0 23.0 1 -0.14 -0.02
0
# 483
1 483 1 392 queue3
stage -1.0 32.0 33.0 69.0 1.0 2.0 25.0 1 0.0 -0.13
0
# 484
1 484 1 392 queue4
stage -1.0 32.0 28.0 65.0 1.0 2.0 25.0 1 -0.03 0.07
0
# 485
1 485 1 393 queue5
stage -1.0 32.0 16.0 66.0 1.0 2.0 22.0 1 0.14 0.06
0
# 486
1 486 1 393 queue6
stage -1.0 32.0 16.0 67.0 1.0 2.0 20.0 1 -0.04 -0.04
0
# 487
1 487 1 393 queue7
stage -1.0 32.0 24.0 66.0 1.0 2.0 18.0 1 -0.11 0.03
0
# 488
1 488 1 393 queue8
stage -1.0 32.0 6.0 67.0 1.0 2.0 20.0 1 0.01 0.0
0
# 489
1 489 1 394 queue9
stage -1.0 32.0 6.0 69.0 1.0 2.0 19.0 1 -0.02 0.16
0
# 490
1 490 1 395 queue10
stage -1.0 32.0 4.0 70.0 1.0 2.0 23.0 1 -0.02 -0.1
0
# 491
1 491 1 395 queue11
stage -1.0 32.0 1.0 66.0 1.0 2.0 18.0 1 0.09 0.08
0
# 492
1 492 1 395 queue12
stage -1.0 32.0 43.0 70.0 1.0 2.0 33.0 1 -0.1 0.05
0
# 493
1 493 1 395 queue13
stage -1.0 32.0 5.0 68.0 1.0 2.0 21.0 1 -0.06 0.0
0
# 494
1 494 1 396 queue14
stage -1.0 32.0 16.0 67.0 1.0 2.0 21.0 1 -0.13 -0.07
0
# 495
1 495 1 398 queue0
stage -1.0 32.0 18.0 66.0 1.0 2.0 26.0 1 -0.05 0.03
0
# 496
1 496 1 398 queue1
stage -1.0 32.0 41.0 175.0 1.0 2.0 55.0 1 0.03 -0.12
0
# 497
1 497 1 398 queue2
stage -1.0 32.0 12.0 175.0 1.0 2.0 49.0 1 0.05 -0.01
0
# 498
1 498 1 398 queue3
stage -1.0 32.0 32.0 175.0 1.0 2.0 79.0 1 -0.05 -0.07
0
# 499
1 499 1 400 queue4
stage -1.0 32.0 19.0 183.0 1.0 2.0 49.0 1 -0.09 0.0
0
# 500
1 500 1 400 queue5
stage -1.0 32.0 5.0 198.0 1.0 2.0 64.0 1 -0.14 -0.05
0
# 501
1 501 1 400 queue6
stage -1.0 32.0 118.0 196.0 1.0 2.0 73.0 1 0.09 -0.14
0
# 502
1 502 1 406 queue7
stage -1.0 32.0 24.0 67.0 1.0 2.0 22.0 1 -0.03 0.11
0
# 503
1 503 1 407 queue8
stage -1.0 32.0 81.0 69.0 1.0 2.0 30.0 1 0.02 -0.18
0
# 504
1 504 1 407 queue9
stage -1.0 32.0 81.0 69.0 1.0 2.0 27.0 1 -0.03 -0.17
0
# 505
1 505 1 408 queue10
stage -1.0 32.0 75.0 67.0 1.0 2.0 24.0 1 0.23 0.0
0
# 506
1 506 1 410 queue11
stage -1.0 32.0 75.0 69.0 1.0 2.0 20.0 1 -0.11 0.22
0
# 507
1 507 1 410 queue12
stage -1.0 32.0 12.0 66.0 1.0 2.0 29.0 1 0.03 -0.03
0
# 508
1 508 1 411 queue13
stage -1.0 32.0 41.0 69.0 1.0 2.0 21.0 1 -0.14 0.03
0
# 509
1 509 1 411 queue14
stage -1.0 32.0 175.0 67.0 1.0 2.0 25.0 1 0.02 0.04
0
# 510
1 510 1 411 queue0
stage -1.0 32.0 163.0 67.0 1.0 2.0 28.0 1 -0.02 -0.07
0
# 511
1 511 1 411 queue1
stage -1.0 32.0 24.0 67.0 1.0 2.0 19.0 1 0.0 -0.16
0
# 512
1 512 1 411 queue2
stage -1.0 32.0 8.0 66.0 1.0 2.0 20.0 1 0.09 0.22
0
# 513
1 513 1 411 queue3
stage -1.0 32.0 24.0 67.0 1.0 2.0 20.0 1 0.2 0.05
0
# 514
1 514 1 411 queue4
stage -1.0 32.0 11.0 65.0 1.0 2.0 28.0 1 -0.02 0.0
0
# 515
1 515 1 412 queue5
stage -1.0 32.0 12.0 70.0 1.0 2.0 22.0 1 -0.1 -0.06
0
# 516
1 516 1 413 queue6
stage -1.0 32.0 163.0 65.0 1.0 2.0 22.0 1 -0.04 0.04
0
# 517
1 517 1 414 queue7
stage -1.0 32.0 41.0 66.0 1.0 2.0 29.0 1 -0.21 -0.05
0
# 518
1 518 1 415 queue8
stage -1.0 32.0 24.0 70.0 1.0 2.0 23.0 1 0.05 -0.17
0
# 519
1 519 1 415 queue9
stage -1.0 32.0 80.0 67.0 1.0 2.0 20.0 1 0.03 -0.01
0
# 520
1 520 1 415 queue10
stage -1.0 32.0 106.0 65.0 1.0 2.0 27.0 1 0.02 0.14
0
# 521
1 521 1 415 queue11
stage -1.0 32.0 80.0 69.0 1.0 2.0 20.0 1 -0.22 0.04
0
# 522
1 522 1 415 queue12
stage -1.0 32.0 43.0 69.0 1.0 2.0 18.0 1 0.01 0.04
0
# 523
1 523 1 416 queue13
stage -1.0 32.0 12.0 67.0 1.0 2.0 29.0 1 0.08 0.14
0
# 524
1 524 1 416 queue14
stage -1.0 32.0 4.0 70.0 1.0 2.0 25.0 1 -0.09 0.11
0
# 525
1 525 1 416 queue0
stage -1.0 32.0 4.0 68.0 1.0 2.0 21.0 1 0.08 0.04
0
# 526
1 526 1 417 queue1
stage -1.0 32.0 16.0 65.0 1.0 2.0 24.0 1 -0.14 0.02
0
# 527
1 527 1 417 queue2
stage -1.0 32.0 16.0 70.0 1.0 2.0 20.0 1 -0.2 0.05
0
# 528
1 528 1 417 queue3
stage -1.0 32.0 4.0 67.0 1.0 2.0 28.0 1 -0.08 -0.02
0
# 529
1 529 1 417 queue4
stage -1.0 32.0 39.0 66.0 1.0 2.0 18.0 1 -0.11 -0.12
0
# 530
1 530 1 417 queue5
stage -1.0 32.0 16.0 68.0 1.0 2.0 23.0 1 0.1 -0.12
0
# 531
1 531 1 420 queue6
stage -1.0 32.0 40.0 68.0 1.0 2.0 20.0 1 -0.15 0.14
0
# 532
1 532 1 420 queue7
stage -1.0 32.0 24.0 67.0 1.0 2.0 20.0 1 0.09 -0.02
0
# 533
1 533 1 421 queue8
stage -1.0 32.0 16.0 68.0 1.0 2.0 24.0 1 0.02 -0.07
0
# 534
1 534 1 422 queue9
stage -1.0 32.0 5.0 69.0 1.0 2.0 26.0 1 -0.12 0.16
0
# 535
1 535 1 423 queue10
stage -1.0 32.0 16.0 68.0 1.0 2.0 20.0 1 -0.05 0.05
0
# 536
1 536 1 424 queue11
stage -1.0 32.0 53.0 65.0 1.0 2.0 19.0 1 0.06 -0.15
0
# 537
1 537 1 430 queue12
stage -1.0 32.0 10.0 66.0 1.0 2.0 25.0 1 0.19 0.12
0
# 538
1 538 1 430 queue13
stage -1.0 32.0 12.0 69.0 1.0 2.0 21.0 1 -0.03 -0.11
0
# 539
1 539 1 430 queue14
stage -1.0 32.0 340.0 69.0 1.0 2.0 22.0 1 0.04 0.16
0
# 540
1 540 1 430 queue0
stage -1.0 32.0 5.0 67.0 1.0 2.0 5.0 1 0.1 -0.21
0
# 541
1 541 1 430 queue1
stage -1.0 32.0 16.0 67.0 1.0 2.0 3.0 1 -0.12 0.04
0
# 542
1 542 1 434 queue2
stage -1.0 32.0 43.0 68.0 1.0 2.0 4.0 1 0.1 0.04
0
# 543
1 543 1 434 queue3
stage -1.0 32.0 38.0 67.0 1.0 2.0 3.0 1 -0.11 -0.01
0
# 544
1 544 1 434 queue4
stage -1.0 32.0 15.0 67.0 1.0 2.0 10.0 1 -0.01 -0.17
0
# 545
1 545 1 434 queue5
stage -1.0 32.0 84.0 66.0 1.0 2.0 8.0 1 0.01 -0.01
0
# 546
1 546 1 434 queue6
stage -1.0 32.0 731.0 69.0 1.0 2.0 4.0 1 -0.03 -0.05
0
# 547
1 547 1 435 queue7
stage -1.0 32.0 7.0 68.0 1.0 2.0 5.0 1 0.05 -0.04
0
# 548
1 548 1 437 queue8
stage -1.0 32.0 6.0 66.0 1.0 2.0 5.0 1 0.0 0.02
0
# 549
1 549 1 441 queue9
stage -1.0 32.0 8.0 69.0 1.0 2.0 7.0 1 -0.12 0.11
0
# 550
1 550 1 442 queue10
stage -1.0 32.0 8.0 69.0 1.0 2.0 3.0 1 -0.2 -0.08
0
# 551
1 551 1 442 queue11
stage -1.0 32.0 60.0 66.0 1.0 2.0 3.0 1 0.09 0.01
0
# 552
1 552 1 442 queue12
stage -1.0 32.0 60.0 66.0 1.0 2.0 3.0 1 0.03 0.08
0
# 553
1 553 1 442 queue13
stage -1.0 32.0 27.0 66.0 1.0 2.0 8.0 1 0.01 0.26
0
# 554
1 554 1 443 queue14
stage -1.0 32.0 40.0 67.0 1.0 2.0 3.0 1 -0.07 -0.1
0
# 555
1 555 1 443 queue0
stage -1.0 32.0 17.0 68.0 1.0 2.0 11.0 1 -0.07 0.05
0
# 556
1 556 1 444 queue1
stage -1.0 32.0 80.0 67.0 1.0 2.0 4.0 1 -0.05 0.0
0
# 557
1 557 1 447 queue2
stage -1.0 32.0 12.0 66.0 1.0 2.0 7.0 1 0.12 -0.01
0
# 558
1 558 1 447 queue3
stage -1.0 32.0 12.0 66.0 1.0 2.0 3.0 1 0.03 0.03
0
# 559
1 559 1 447 queue4
stage -1.0 32.0 40.0 68.0 1.0 2.0 8.0 1 0.07 -0.19
0
# 560
1 560 1 450 queue5
stage -1.0 32.0 12.0 70.0 1.0 2.0 3.0 1 -0.1 -0.12
0
# 561
1 561 1 450 queue6
stage -1.0 32.0 19.0 66.0 1.0 2.0 3.0 1 0.02 0.01
0
# 562
1 562 1 450 queue7
stage -1.0 32.0 19.0 69.0 1.0 2.0 2.0 1 -0.12 0.02
0
# 563
1 563 1 450 queue8
stage -1.0 32.0 8.0 66.0 1.0 2.0 3.0 1 -0.05 -0.05
0
# 564
1 564 1 450 queue9
stage -1.0 32.0 16.0 67.0 1.0 2.0 43.0 1 0.24 0.02
0
# 565
1 565 1 453 queue10
stage -1.0 32.0 8.0 69.0 1.0 2.0 5.0 1 0.08 -0.04
0
# 566
1 566 1 453 queue11
stage -1.0 32.0 8.0 67.0 1.0 2.0 6.0 1 0.12 -0.04
0
# 567
1 567 1 453 queue12
stage -1.0 32.0 19.0 67.0 1.0 2.0 9.0 1 -0.17 0.0
0
# 568
1 568 1 453 queue13
stage -1.0 32.0 8.0 66.0 1.0 2.0 3.0 1 0.03 -0.1
0
# 569
1 569 1 453 queue14
stage -1.0 32.0 7.0 70.0 1.0 2.0 2.0 1 0.16 -0.07
0
# 570
1 570 1 455 queue0
stage -1.0 32.0 24.0 67.0 1.0 2.0 4.0 1 -0.04 0.02
0
# 571
1 571 1 456 queue1
stage -1.0 32.0 8.0 70.0 1.0 2.0 4.0 1 -0.25 -0.15
0
# 572
1 572 1 457 queue2
stage -1.0 32.0 24.0 68.0 1.0 2.0 4.0 1 -0.11 -0.25
0
# 573
1 573 1 458 queue3
stage -1.0 32.0 8.0 66.0 1.0 2.0 5.0 1 0.02 -0.06
0
# 574
1 574 1 460 queue4
stage -1.0 32.0 8.0 67.0 1.0 2.0 4.0 1 0.02 0.01
0
# 575
1 575 1 460 queue5
stage -1.0 32.0 163.0 69.0 1.0 2.0 7.0 1 0.02 -0.14
0
# 576
1 576 1 461 queue6
stage -1.0 32.0 24.0 66.0 1.0 2.0 4.0 1 -0.09 0.02
0
# 577
1 577 1 461 queue7
stage -1.0 32.0 43.0 70.0 1.0 2.0 6.0 1 -0.16 0.1
0
# 578
1 578 1 462 queue8
stage -1.0 32.0 16.0 68.0 1.0 2.0 4.0 1 0.0 -0.13
0
# 579
1 579 1 462 queue9
stage -1.0 32.0 14.0 70.0 1.0 2.0 6.0 1 0.05 0.01
0
# 580
1 580 1 462 queue10
stage -1.0 32.0 163.0 69.0 1.0 2.0 3.0 1 -0.05 0.08
0
# 581
1 581 1 462 queue11
stage -1.0 32.0 40.0 69.0 1.0 2.0 16.0 1 0.07 0.14
0
# 582
1 582 1 462 queue12
stage -1.0 32.0 40.0 66.0 1.0 2.0 7.0 1 -0.03 0.02
0
# 583
1 583 1 463 queue13
stage -1.0 32.0 40.0 70.0 1.0 2.0 3.0 1 -0.15 0.19
0
# 584
1 584 1 463 queue14
stage -1.0 32.0 40.0 69.0 1.0 2.0 3.0 1 0.13 0.09
0
# 585
1 585 1 463 queue0
stage -1.0 32.0 13.0 70.0 1.0 2.0 9.0 1 0.11 -0.06
0
# 586
1 586 1 463 queue1
stage -1.0 32.0 13.0 66.0 1.0 2.0 5.0 1 0.02 0.08
0
# 587
1 587 1 465 queue2
stage -1.0 32.0 13.0 67.0 1.0 2.0 4.0 1 0.04 -0.07
0
# 588
1 588 1 465 queue3
stage -1.0 32.0 80.0 68.0 1.0 2.0 9.0 1 -0.1 -0.02
0
# 589
1 589 1 466 queue4
stage -1.0 32.0 4.0 67.0 1.0 2.0 4.0 1 0.02 0.09
0
# 590
1 590 1 470 queue5
stage -1.0 32.0 39.0 65.0 1.0 2.0 4.0 1 0.01 0.06
0
# 591
1 591 1 474 queue6
stage -1.0 32.0 4.0 69.0 1.0 2.0 5.0 1 -0.18 0.07
0
# 592
1 592 1 474 queue7
stage -1.0 32.0 40.0 68.0 1.0 2.0 4.0 1 -0.1 -0.03
0
# 593
1 593 1 475 queue8
stage -1.0 32.0 39.0 69.0 1.0 2.0 3.0 1 0.12 -0.11
0
# 594
1 594 1 475 queue9
stage -1.0 32.0 40.0 66.0 1.0 2.0 3.0 1 0.08 -0.1
0
# 595
1 595 1 475 queue10
stage -1.0 32.0 24.0 70.0 1.0 2.0 3.0 1 -0.13 -0.02
0
# 596
1 596 1 476 queue11
stage -1.0 32.0 24.0 68.0 1.0 2.0 8.0 1 0.03 0.05
0
# 597
1 597 1 478 queue12
stage -1.0 32.0 13.0 69.0 1.0 2.0 4.0 1 0.1 0.07
0
# 598
1 598 1 483 queue13
stage -1.0 32.0 80.0 68.0 1.0 2.0 7.0 1 0.07 0.1
0
# 599
1 599 1 495 queue14
stage -1.0 32.0 2.0 69.0 1.0 2.0 4.0 1 0.1 0.14
0
# 600
1 600 1 496 queue0
stage -1.0 32.0 6.0 67.0 1.0 2.0 43.0 1 0.05 -0.1
0
# 601
1 601 1 497 queue1
stage -1.0 32.0 16.0 67.0 1.0 2.0 3.0 1 -0.08 0.08
0
# 602
1 602 1 498 queue2
stage -1.0 32.0 6.0 69.0 1.0 2.0 5.0 1 0.0 0.12
0
# 603
1 603 1 498 queue3
stage -1.0 32.0 43.0 65.0 1.0 2.0 2.0 1 -0.06 0.01
0
# 604
1 604 1 498 queue4
stage -1.0 32.0 8.0 66.0 1.0 2.0 4.0 1 0.04 -0.01
0
# 605
1 605 1 498 queue5
stage -1.0 32.0 41.0 69.0 1.0 2.0 7.0 1 -0.06 0.17
0
# 606
1 606 1 498 queue6
stage -1.0 32.0 8.0 70.0 1.0 2.0 4.0 1 -0.02 0.2
0
# 607
1 607 1 501 queue7
stage -1.0 32.0 12.0 67.0 1.0 2.0 4.0 1 0.02 0.03
0
# 608
1 608 1 501 queue8
stage -1.0 32.0 35.0 68.0 1.0 2.0 3.0 1 0.14 0.05
0
# 609
1 609 1 503 queue9
stage -1.0 32.0 35.0 68.0 1.0 2.0 2.0 1 0.03 -0.07
0
# 610
1 610 1 504 queue10
stage -1.0 32.0 35.0 69.0 1.0 2.0 5.0 1 -0.01 -0.01
0
# 611
1 611 1 504 queue11
stage -1.0 32.0 35.0 65.0 1.0 2.0 7.0 1 -0.15 0.0
0
# 612
1 612 1 504 queue12
stage -1.0 32.0 48.0 66.0 1.0 2.0 3.0 1 0.06 -0.1
0
# 613
1 613 1 505 queue13
stage -1.0 32.0 16.0 66.0 1.0 2.0 2.0 1 -0.07 0.07
0
# 614
1 614 1 505 queue14
stage -1.0 32.0 5.0 67.0 1.0 2.0 3.0 1 0.04 -0.1
0
# 615
1 615 1 505 queue0
stage -1.0 32.0 38.0 66.0 1.0 2.0 2.0 1 0.02 0.1
0
# 616
1 616 1 506 queue1
stage -1.0 32.0 33.0 69.0 1.0 2.0 4.0 1 -0.02 0.2
0
# 617
1 617 1 506 queue2
stage -1.0 32.0 9.0 66.0 1.0 2.0 2.0 1 0.01 0.12
0
# 618
1 618 1 506 queue3
stage -1.0 32.0 163.0 69.0 1.0 2.0 16.0 1 0.01 -0.15
0
# 619
1 619 1 507 queue4
stage -1.0 32.0 33.0 66.0 1.0 2.0 5.0 1 0.03 0.1
0
# 620
1 620 1 507 queue5
stage -1.0 32.0 22.0 68.0 1.0 2.0 5.0 1 0.05 0.08
0
# 621
1 621 1 510 queue6
stage -1.0 32.0 33.0 70.0 1.0 2.0 6.0 1 -0.09 -0.02
0
# 622
1 622 1 510 queue7
stage -1.0 32.0 25.0 69.0 1.0 2.0 4.0 1 0.03 -0.01
0
# 623
1 623 1 510 queue8
stage -1.0 32.0 34.0 69.0 1.0 2.0 5.0 1 -0.05 0.03
0
# 624
1 624 1 510 queue9
stage -1.0 32.0 33.0 68.0 1.0 2.0 14.0 1 -0.04 -0.07
0
# 625
1 625 1 511 queue10
stage -1.0 32.0 12.0 68.0 1.0 2.0 4.0 1 0.1 0.03
0
# 626
1 626 1 511 queue11
stage -1.0 32.0 33.0 69.0 1.0 2.0 3.0 1 0.08 0.03
0
# 627
1 627 1 511 queue12
stage -1.0 32.0 33.0 69.0 1.0 2.0 4.0 1 0.1 -0.03
0
# 628
1 628 1 511 queue13
stage -1.0 32.0 33.0 67.0 1.0 2.0 6.0 1 -0.17 -0.13
0
# 629
1 629 1 511 queue14
stage -1.0 32.0 33.0 67.0 1.0 2.0 9.0 1 0.08 -0.12
0
# 630
1 630 1 511 queue0
stage -1.0 32.0 33.0 69.0 1.0 2.0 5.0 1 -0.11 0.08
0
# 631
1 631 1 512 queue1
stage -1.0 32.0 41.0 68.0 1.0 2.0 8.0 1 0.04 0.04
0
# 632
1 632 1 515 queue2
stage -1.0 32.0 33.0 66.0 1.0 2.0 3.0 1 -0.12 0.03
0
# 633
1 633 1 515 queue3
stage -1.0 32.0 33.0 69.0 1.0 2.0 8.0 1 -0.04 0.02
0
# 634
1 634 1 516 queue4
stage -1.0 32.0 33.0 66.0 1.0 2.0 5.0 1 -0.05 -0.12
0
# 635
1 635 1 516 queue5
stage -1.0 32.0 33.0 68.0 1.0 2.0 3.0 1 -0.09 0.13
0
# 636
1 636 1 516 queue6
stage -1.0 32.0 33.0 68.0 1.0 2.0 35.0 1 -0.06 -0.1
0
# 637
1 637 1 516 queue7
stage -1.0 32.0 33.0 66.0 1.0 2.0 4.0 1 0.14 0.05
0
# 638
1 638 1 516 queue8
stage -1.0 32.0 33.0 67.0 1.0 2.0 4.0 1 -0.16 0.08
0
# 639
1 639 1 517 queue9
stage -1.0 32.0 33.0 68.0 1.0 2.0 2.0 1 0.05 -0.14
0
# 640
1 640 1 517 queue10
stage -1.0 32.0 33.0 67.0 1.0 2.0 2.0 1 -0.02 0.05
0
# 641
1 641 1 518 queue11
stage -1.0 32.0 33.0 68.0 1.0 2.0 3.0 1 0.09 0.19
0
# 642
1 642 1 518 queue12
stage -1.0 32.0 33.0 68.0 1.0 2.0 3.0 1 0.1 -0.07
0
# 643
1 643 1 518 queue13
stage -1.0 32.0 33.0 68.0 1.0 2.0 13.0 1 0.07 0.13
0
# 644
1 644 1 518 queue14
stage -1.0 32.0 33.0 66.0 1.0 2.0 7.0 1 0.09 0.04
0
# 645
1 645 1 519 queue0
stage -1.0 32.0 8.0 67.0 1.0 2.0 3.0 1 0.11 0.05
0
# 646
1 646 1 521 queue1
stage -1.0 32.0 12.0 68.0 1.0 2.0 55.0 1 -0.12 -0.06
0
# 647
1 647 1 521 queue2
stage -1.0 32.0 43.0 69.0 1.0 2.0 51.0 1 -0.28 0.02
0
# 648
1 648 1 521 queue3
stage -1.0 32.0 5.0 69.0 1.0 2.0 2.0 1 0.0 0.15
0
# 649
1 649 1 521 queue4
stage -1.0 32.0 40.0 66.0 1.0 2.0 10.0 1 0.05 -0.16
0
# 650
1 650 1 521 queue5
stage -1.0 32.0 24.0 140.0 1.0 2.0 8.0 1 -0.06 -0.03
0
# 651
1 651 1 521 queue6
stage -1.0 32.0 40.0 65.0 1.0 2.0 5.0 1 -0.13 0.03
0
# 652
1 652 1 522 queue7
stage -1.0 32.0 33.0 69.0 1.0 2.0 9.0 1 -0.17 0.05
0
# 653
1 653 1 524 queue8
stage -1.0 32.0 244.0 66.0 1.0 2.0 8.0 1 -0.09 -0.03
0
# 654
1 654 1 525 queue9
stage -1.0 32.0 35.0 70.0 1.0 2.0 3.0 1 -0.06 -0.07
0
# 655
1 655 1 525 queue10
stage -1.0 32.0 80.0 69.0 1.0 2.0 3.0 1 -0.06 0.01
0
# 656
1 656 1 526 queue11
stage -1.0 32.0 24.0 66.0 1.0 2.0 21.0 1 0.02 -0.19
0
# 657
1 657 1 526 queue12
stage -1.0 32.0 48.0 68.0 1.0 2.0 16.0 1 -0.08 0.02
0
# 658
1 658 1 531 queue13
stage -1.0 32.0 48.0 67.0 1.0 2.0 4.0 1 -0.14 0.05
0
# 659
1 659 1 531 queue14
stage -1.0 32.0 239.0 66.0 1.0 2.0 6.0 1 0.0 -0.01
0
# 660
1 660 1 531 queue0
stage -1.0 32.0 24.0 70.0 1.0 2.0 4.0 1 -0.14 0.09
0
# 661
1 661 1 531 queue1
stage -1.0 32.0 47.0 68.0 1.0 2.0 8.0 1 0.05 0.08
0
# 662
1 662 1 531 queue2
stage -1.0 32.0 16.0 68.0 1.0 2.0 4.0 1 0.02 0.04
0
# 663
1 663 1 531 queue3
stage -1.0 32.0 244.0 70.0 1.0 2.0 7.0 1 0.15 0.04
0
# 664
1 664 1 533 queue4
stage -1.0 32.0 61.0 68.0 1.0 2.0 4.0 1 -0.07 -0.13
0
# 665
1 665 1 534 queue5
stage -1.0 32.0 17.0 67.0 1.0 2.0 3.0 1 -0.07 -0.09
0
# 666
1 666 1 535 queue6
stage -1.0 32.0 244.0 140.0 1.0 2.0 7.0 1 0.02 0.1
0
# 667
1 667 1 536 queue7
stage -1.0 32.0 24.0 69.0 1.0 2.0 5.0 1 0.11 -0.18
0
# 668
1 668 1 537 queue8
stage -1.0 32.0 33.0 67.0 1.0 2.0 4.0 1 -0.02 -0.09
0
# 669
1 669 1 538 queue9
stage -1.0 32.0 244.0 67.0 1.0 2.0 4.0 1 0.06 -0.13
0
# 670
1 670 1 539 queue10
stage -1.0 32.0 24.0 140.0 1.0 2.0 8.0 1 -0.02 0.09
0
# 671
1 671 1 539 queue11
stage -1.0 32.0 32.0 140.0 1.0 2.0 7.0 1 -0.09 0.09
0
# 672
1 672 1 541 queue12
stage -1.0 32.0 244.0 68.0 1.0 2.0 5.0 1 0.05 -0.12
0
# 673
1 673 1 542 queue13
stage -1.0 32.0 3.0 70.0 1.0 2.0 4.0 1 0.05 -0.02
0
# 674
1 674 1 542 queue14
stage -1.0 32.0 43.0 66.0 1.0 2.0 6.0 1 0.02 0.06
0
# 675
1 675 1 542 queue0
stage -1.0 32.0 12.0 66.0 1.0 2.0 4.0 1 -0.13 0.16
0
# 676
1 676 1 543 queue1
stage -1.0 32.0 54.0 68.0 1.0 2.0 4.0 1 -0.04 -0.04
0
# 677
1 677 1 544 queue2
stage -1.0 32.0 49.0 66.0 1.0 2.0 4.0 1 -0.08 -0.14
0
# 678
1 678 1 544 queue3
stage -1.0 32.0 54.0 66.0 1.0 2.0 5.0 1 0.17 -0.02
0
# 679
1 679 1 544 queue4
stage -1.0 32.0 38.0 67.0 1.0 2.0 5.0 1 0.08 -0.03
0
# 680
1 680 1 545 queue5
stage -1.0 32.0 49.0 68.0 1.0 2.0 4.0 1 0.03 -0.07
0
# 681
1 681 1 545 queue6
stage -1.0 32.0 81.0 67.0 1.0 2.0 3.0 1 -0.17 -0.18
0
# 682
1 682 1 546 queue7
stage -1.0 32.0 38.0 69.0 1.0 2.0 5.0 1 -0.05 0.07
0
# 683
1 683 1 554 queue8
stage -1.0 32.0 54.0 69.0 1.0 2.0 3.0 1 -0.06 -0.01
0
# 684
1 684 1 557 queue9
stage -1.0 32.0 81.0 67.0 1.0 2.0 4.0 1 0.06 -0.02
0
# 685
1 685 1 557 queue10
stage -1.0 32.0 49.0 68.0 1.0 2.0 4.0 1 -0.04 0.07
0
# 686
1 686 1 560 queue11
stage -1.0 32.0 38.0 67.0 1.0 2.0 3.0 1 0.06 0.07
0
# 687
1 687 1 560 queue12
stage -1.0 32.0 81.0 68.0 1.0 2.0 3.0 1 0.02 -0.03
0
# 688
1 688 1 562 queue13
stage -1.0 32.0 0.0 67.0 1.0 2.0 4.0 1 -0.02 -0.13
0
# 689
1 689 1 563 queue14
stage -1.0 32.0 16.0 69.0 1.0 2.0 4.0 1 0.18 -0.18
0
# 690
1 690 1 564 queue0
stage -1.0 32.0 12.0 68.0 1.0 2.0 4.0 1 -0.07 0.21
0
# 691
1 691 1 564 queue1
stage -1.0 32.0 12.0 68.0 1.0 2.0 5.0 1 -0.04 0.26
0
# 692
1 692 1 564 queue2
stage -1.0 32.0 24.0 68.0 1.0 2.0 6.0 1 0.0 0.02
0
# 693
1 693 1 564 queue3
stage -1.0 32.0 43.0 67.0 1.0 2.0 5.0 1 0.08 0.13
0
# 694
1 694 1 564 queue4
stage -1.0 32.0 4.0 69.0 1.0 2.0 5.0 1 0.01 0.14
0
# 695
1 695 1 565 queue5
stage -1.0 32.0 13.0 69.0 1.0 2.0 4.0 1 0.09 0.14
0
# 696
1 696 1 570 queue6
stage -1.0 32.0 43.0 69.0 1.0 2.0 7.0 1 0.03 -0.01
0
# 697
1 697 1 572 queue7
stage -1.0 32.0 6.0 67.0 1.0 2.0 4.0 1 -0.06 -0.12
0
# 698
1 698 1 575 queue8
stage -1.0 32.0 6.0 67.0 1.0 2.0 3.0 1 -0.1 -0.01
0
# 699
1 699 1 576 queue9
stage -1.0 32.0 12.0 70.0 1.0 2.0 4.0 1 -0.27 0.08
0
# 700
1 700 1 576 queue10
stage -1.0 32.0 239.0 68.0 1.0 2.0 4.0 1 0.19 0.01
0
# 701
1 701 1 578 queue11
stage -1.0 32.0 1195.0 69.0 1.0 2.0 5.0 1 0.06 -0.02
0
# 702
1 702 1 579 queue12
stage -1.0 32.0 38.0 66.0 1.0 2.0 4.0 1 0.05 -0.2
0
# 703
1 703 1 581 queue13
stage -1.0 32.0 15.0 119.0 1.0 2.0 7.0 1 -0.03 0.06
0
# 704
1 704 1 581 queue14
stage -1.0 32.0 84.0 68.0 1.0 2.0 4.0 1 -0.17 -0.04
0
# 705
1 705 1 581 queue0
stage -1.0 32.0 731.0 67.0 1.0 2.0 4.0 1 -0.11 -0.15
0
# 706
1 706 1 581 queue1
stage -1.0 32.0 1.0 68.0 1.0 2.0 6.0 1 0.01 0.0
0
# 707
1 707 1 581 queue2
stage -1.0 32.0 27.0 66.0 1.0 2.0 4.0 1 0.05 -0.06
0
# 708
1 708 1 582 queue3
stage -1.0 32.0 53.0 69.0 1.0 2.0 4.0 1 0.11 -0.03
0
# 709
1 709 1 583 queue4
stage -1.0 32.0 9.0 66.0 1.0 2.0 7.0 1 0.03 0.07
0
# 710
1 710 1 584 queue5
stage -1.0 32.0 40.0 69.0 1.0 2.0 4.0 1 -0.23 0.28
0
# 711
1 711 1 584 queue6
stage -1.0 32.0 18.0 69.0 1.0 2.0 5.0 1 0.07 -0.09
0
# 712
1 712 1 585 queue7
stage -1.0 32.0 6.0 68.0 1.0 2.0 4.0 1 -0.11 0.11
0
# 713
1 713 1 585 queue8
stage -1.0 32.0 80.0 69.0 1.0 2.0 5.0 1 0.1 0.03
0
# 714
1 714 1 587 queue9
stage -1.0 32.0 80.0 66.0 1.0 2.0 4.0 1 -0.06 -0.25
0
# 715
1 715 1 596 queue10
stage -1.0 32.0 24.0 70.0 1.0 2.0 4.0 1 0.09 0.19
0
# 716
1 716 1 596 queue11
stage -1.0 32.0 18.0 66.0 1.0 2.0 4.0 1 -0.09 0.03
0
# 717
1 717 1 596 queue12
stage -1.0 32.0 40.0 66.0 1.0 2.0 3.0 1 0.0 0.14
0
# 718
1 718 1 596 queue13
stage -1.0 32.0 398.0 70.0 1.0 2.0 4.0 1 -0.05 -0.03
0
# 719
1 719 1 596 queue14
stage -1.0 32.0 26.0 66.0 1.0 2.0 4.0 1 -0.1 -0.07
0
# 720
1 720 1 596 queue0
stage -1.0 32.0 12.0 70.0 1.0 2.0 3.0 1 0.02 -0.08
0
# 721
1 721 1 598 queue1
stage -1.0 32.0 12.0 70.0 1.0 2.0 4.0 1 0.09 0.05
0
# 722
1 722 1 598 queue2
stage -1.0 32.0 61.0 65.0 1.0 2.0 4.0 1 -0.04 -0.02
0
# 723
1 723 1 598 queue3
stage -1.0 32.0 24.0 66.0 1.0 2.0 7.0 1 -0.1 0.05
0
# 724
1 724 1 598 queue4
stage -1.0 32.0 13.0 200.0 1.0 2.0 18.0 1 0.29 -0.07
0
# 725
1 725 1 608 queue5
stage -1.0 32.0 5.0 67.0 1.0 2.0 9.0 1 -0.13 -0.01
0
# 726
1 726 1 608 queue6
stage -1.0 32.0 244.0 198.0 1.0 2.0 19.0 1 0.14 0.14
0
# 727
1 727 1 610 queue7
stage -1.0 32.0 25.0 66.0 1.0 2.0 13.0 1 0.04 0.13
0
# 728
1 728 1 611 queue8
stage -1.0 32.0 36.0 66.0 1.0 2.0 2.0 1 -0.07 -0.1
0
# 729
1 729 1 612 queue9
stage -1.0 32.0 80.0 66.0 1.0 2.0 3.0 1 -0.1 -0.02
0
# 730
1 730 1 613 queue10
stage -1.0 32.0 4.0 68.0 1.0 2.0 9.0 1 0.09 -0.13
0
# 731
1 731 1 614 queue11
stage -1.0 32.0 8.0 68.0 1.0 2.0 7.0 1 0.02 0.08
0
# 732
1 732 1 614 queue12
stage -1.0 32.0 2.0 67.0 1.0 2.0 4.0 1 0.01 -0.02
0
# 733
1 733 1 616 queue13
stage -1.0 32.0 53.0 65.0 1.0 2.0 3.0 1 -0.03 0.14
0
# 734
1 734 1 616 queue14
stage -1.0 32.0 8.0 66.0 1.0 2.0 5.0 1 -0.01 0.02
0
# 735
1 735 1 618 queue0
stage -1.0 32.0 43.0 66.0 1.0 2.0 5.0 1 0.02 0.13
0
# 736
1 736 1 618 queue1
stage -1.0 32.0 12.0 69.0 1.0 2.0 10.0 1 0.08 0.0
0
# 737
1 737 1 618 queue2
stage -1.0 32.0 12.0 66.0 1.0 2.0 3.0 1 -0.03 -0.06
0
# 738
1 738 1 625 queue3
stage -1.0 32.0 53.0 68.0 1.0 2.0 4.0 1 -0.03 0.21
0
# 739
1 739 1 627 queue4
stage -1.0 32.0 16.0 67.0 1.0 2.0 3.0 1 -0.05 0.09
0
# 740
1 740 1 628 queue5
stage -1.0 32.0 16.0 69.0 1.0 2.0 16.0 1 0.0 0.05
0
# 741
1 741 1 630 queue6
stage -1.0 32.0 3.0 66.0 1.0 2.0 4.0 1 -0.04 -0.02
0
# 742
1 742 1 630 queue7
stage -1.0 32.0 10.0 65.0 1.0 2.0 3.0 1 0.03 0.1
0
# 743
1 743 1 630 queue8
stage -1.0 32.0 12.0 69.0 1.0 2.0 5.0 1 -0.06 -0.14
0
# 744
1 744 1 630 queue9
stage -1.0 32.0 60.0 69.0 1.0 2.0 5.0 1 0.21 0.16
0
# 745
1 745 1 630 queue10
stage -1.0 32.0 8.0 66.0 1.0 2.0 5.0 1 0.12 0.0
0
# 746
1 746 1 630 queue11
stage -1.0 32.0 8.0 67.0 1.0 2.0 6.0 1 -0.14 -0.02
0
# 747
1 747 1 630 queue12
stage -1.0 32.0 80.0 69.0 1.0 2.0 3.0 1 0.04 0.0
0
# 748
1 748 1 632 queue13
stage -1.0 32.0 40.0 66.0 1.0 2.0 20.0 1 0.03 -0.03
0
# 749
1 749 1 632 queue14
stage -1.0 32.0 12.0 67.0 1.0 2.0 3.0 1 0.25 0.0
0
# 750
1 750 1 634 queue0
stage -1.0 32.0 80.0 66.0 1.0 2.0 5.0 1 -0.02 0.19
0
# 751
1 751 1 634 queue1
stage -1.0 32.0 14.0 70.0 1.0 2.0 4.0 1 0.0 -0.06
0
# 752
1 752 1 634 queue2
stage -1.0 32.0 16.0 69.0 1.0 2.0 3.0 1 0.05 0.01
0
# 753
1 753 1 634 queue3
stage -1.0 32.0 19.0 66.0 1.0 2.0 2.0 1 -0.07 0.14
0
# 754
1 754 1 634 queue4
stage -1.0 32.0 24.0 67.0 1.0 2.0 6.0 1 -0.04 0.01
0
# 755
1 755 1 634 queue5
stage -1.0 32.0 4.0 66.0 1.0 2.0 4.0 1 0.13 0.06
0
# 756
1 756 1 634 queue6
stage -1.0 32.0 5.0 69.0 1.0 2.0 25.0 1 0.0 0.13
0
# 757
1 757 1 634 queue7
stage -1.0 32.0 41.0 65.0 1.0 2.0 4.0 1 -0.02 0.09
0
# 758
1 758 1 634 queue8
stage -1.0 32.0 16.0 66.0 1.0 2.0 3.0 1 0.02 -0.06
0
# 759
1 759 1 635 queue9
stage -1.0 32.0 38.0 67.0 1.0 2.0 3.0 1 0.08 0.06
0
# 760
1 760 1 635 queue10
stage -1.0 32.0 33.0 70.0 1.0 2.0 4.0 1 -0.08 0.14
0
# 761
1 761 1 635 queue11
stage -1.0 32.0 163.0 66.0 1.0 2.0 4.0 1 -0.01 -0.04
0
# 762
1 762 1 635 queue12
stage -1.0 32.0 2.0 65.0 1.0 2.0 4.0 1 0.08 0.01
0
# 763
1 763 1 635 queue13
stage -1.0 32.0 38.0 69.0 1.0 2.0 4.0 1 -0.01 -0.01
0
# 764
1 764 1 642 queue14
stage -1.0 32.0 38.0 65.0 1.0 2.0 3.0 1 -0.11 0.11
0
# 765
1 765 1 644 queue0
stage -1.0 32.0 41.0 67.0 1.0 2.0 9.0 1 0.01 0.06
0
# 766
1 766 1 645 queue1
stage -1.0 32.0 43.0 69.0 1.0 2.0 3.0 1 0.01 0.25
0
# 767
1 767 1 645 queue2
stage -1.0 32.0 5.0 67.0 1.0 2.0 3.0 1 -0.07 -0.2
0
# 768
1 768 1 647 queue3
stage -1.0 32.0 4.0 66.0 1.0 2.0 5.0 1 -0.11 0.02
0
# 769
1 769 1 651 queue4
stage -1.0 32.0 19.0 118.0 1.0 2.0 5.0 1 0.11 0.02
0
# 770
1 770 1 652 queue5
stage -1.0 32.0 80.0 118.0 1.0 2.0 7.0 1 0.03 0.01
0
# 771
1 771 1 655 queue6
stage -1.0 32.0 106.0 65.0 1.0 2.0 7.0 1 -0.09 -0.08
0
# 772
1 772 1 655 queue7
stage -1.0 32.0 40.0 70.0 1.0 2.0 3.0 1 0.12 0.05
0
# 773
1 773 1 655 queue8
stage -1.0 32.0 80.0 69.0 1.0 2.0 2.0 1 0.11 -0.11
0
# 774
1 774 1 656 queue9
stage -1.0 32.0 10.0 67.0 1.0 2.0 6.0 1 -0.09 -0.03
0
# 775
1 775 1 656 queue10
stage -1.0 32.0 80.0 66.0 1.0 2.0 14.0 1 0.12 -0.06
0
# 776
1 776 1 657 queue11
stage -1.0 32.0 5.0 70.0 1.0 2.0 10.0 1 0.18 0.13
0
# 777
1 777 1 657 queue12
stage -1.0 32.0 4.0 67.0 1.0 2.0 3.0 1 0.15 -0.09
0
# 778
1 778 1 658 queue13
stage -1.0 32.0 4.0 68.0 1.0 2.0 5.0 1 0.04 -0.06
0
# 779
1 779 1 658 queue14
stage -1.0 32.0 4.0 66.0 1.0 2.0 4.0 1 -0.2 0.0
0
# 780
1 780 1 659 queue0
stage -1.0 32.0 1.0 68.0 1.0 2.0 13.0 1 0.11 -0.04
0
# 781
1 781 1 659 queue1
stage -1.0 32.0 4.0 69.0 1.0 2.0 5.0 1 0.04 0.11
0
# 782
1 782 1 659 queue2
stage -1.0 32.0 204.0 65.0 1.0 2.0 2.0 1 -0.06 -0.06
0
# 783
1 783 1 659 queue3
stage -1.0 32.0 43.0 69.0 1.0 2.0 2.0 1 -0.08 0.13
0
# 784
1 784 1 659 queue4
stage -1.0 32.0 41.0 67.0 1.0 2.0 5.0 1 -0.06 0.05
0
# 785
1 785 1 659 queue5
stage -1.0 32.0 24.0 69.0 1.0 2.0 5.0 1 0.09 0.12
0
# 786
1 786 1 661 queue6
stage -1.0 32.0 4.0 66.0 1.0 2.0 6.0 1 0.04 0.03
0
# 787
1 787 1 662 queue7
stage -1.0 32.0 3.0 197.0 1.0 2.0 52.0 1 -0.08 -0.03
0
# 788
1 788 1 664 queue8
stage -1.0 32.0 40.0 68.0 1.0 2.0 5.0 1 -0.05 0.02
0
# 789
1 789 1 664 queue9
stage -1.0 32.0 3.0 66.0 1.0 2.0 7.0 1 0.11 -0.06
0
# 790
1 790 1 665 queue10
stage -1.0 32.0 11.0 68.0 1.0 2.0 2.0 1 -0.01 0.03
0
# 791
1 791 1 665 queue11
stage -1.0 32.0 24.0 69.0 1.0 2.0 5.0 1 0.07 -0.03
0
# 792
1 792 1 665 queue12
stage -1.0 32.0 80.0 67.0 1.0 2.0 5.0 1 -0.14 -0.11
0
# 793
1 793 1 667 queue13
stage -1.0 32.0 33.0 69.0 1.0 2.0 6.0 1 -0.01 0.1
0
# 794
1 794 1 667 queue14
stage -1.0 32.0 17.0 70.0 1.0 2.0 12.0 1 0.03 -0.08
0
# 795
1 795 1 667 queue0
stage -1.0 32.0 6.0 65.0 1.0 2.0 5.0 1 -0.01 -0.04
0
# 796
1 796 1 668 queue1
stage -1.0 32.0 81.0 69.0 1.0 2.0 5.0 1 0.1 -0.04
0
# 797
1 797 1 668 queue2
stage -1.0 32.0 4.0 69.0 1.0 2.0 7.0 1 -0.09 0.22
0
# 798
1 798 1 670 queue3
stage -1.0 32.0 8.0 69.0 1.0 2.0 4.0 1 -0.12 0.12
0
# 799
1 799 1 670 queue4
stage -1.0 32.0 12.0 65.0 1.0 2.0 4.0 1 0.02 0.13
0
# 800
1 800 1 670 queue5
stage -1.0 32.0 12.0 69.0 1.0 2.0 3.0 1 0.3 -0.13
0
# 801
1 801 1 676 queue6
stage -1.0 32.0 24.0 67.0 1.0 2.0 8.0 1 0.06 0.17
0
# 802
1 802 1 677 queue7
stage -1.0 32.0 6.0 69.0 1.0 2.0 5.0 1 -0.07 -0.01
0
# 803
1 803 1 677 queue8
stage -1.0 32.0 6.0 66.0 1.0 2.0 6.0 1 -0.2 0.04
0
# 804
1 804 1 680 queue9
stage -1.0 32.0 43.0 65.0 1.0 2.0 3.0 1 -0.02 -0.13
0
# 805
1 805 1 685 queue10
stage -1.0 32.0 9.0 66.0 1.0 2.0 2.0 1 0.06 -0.02
0
# 806
1 806 1 687 queue11
stage -1.0 32.0 42.0 69.0 1.0 2.0 3.0 1 0.11 -0.09
0
# 807
1 807 1 687 queue12
stage -1.0 32.0 62.0 69.0 1.0 2.0 6.0 1 0.01 0.0
0
# 808
1 808 1 688 queue13
stage -1.0 32.0 80.0 66.0 1.0 2.0 5.0 1 -0.06 -0.08
0
# 809
1 809 1 688 queue14
stage -1.0 32.0 40.0 66.0 1.0 2.0 4.0 1 0.01 -0.1
0
# 810
1 810 1 692 queue0
stage -1.0 32.0 14.0 68.0 1.0 2.0 3.0 1 -0.14 -0.09
0
# 811
1 811 1 692 queue1
stage -1.0 32.0 80.0 66.0 1.0 2.0 3.0 1 0.11 -0.04
0
# 812
1 812 1 692 queue2
stage -1.0 32.0 4.0 70.0 1.0 2.0 6.0 1 -0.21 -0.03
0
# 813
1 813 1 692 queue3
stage -1.0 32.0 4.0 69.0 1.0 2.0 3.0 1 0.17 -0.14
0
# 814
1 814 1 694 queue4
stage -1.0 32.0 4.0 69.0 1.0 2.0 7.0 1 -0.19 0.05
0
# 815
1 815 1 695 queue5
stage -1.0 32.0 12.0 65.0 1.0 2.0 13.0 1 0.03 -0.01
0
# 816
1 816 1 696 queue6
stage -1.0 32.0 11.0 69.0 1.0 2.0 135.0 1 0.03 0.06
0
# 817
1 817 1 696 queue7
stage -1.0 32.0 12.0 68.0 1.0 2.0 46.0 1 -0.1 -0.05
0
# 818
1 818 1 696 queue8
stage -1.0 32.0 24.0 68.0 1.0 2.0 6.0 1 -0.04 0.1
0
# 819
1 819 1 699 queue9
stage -1.0 32.0 43.0 66.0 1.0 2.0 3.0 1 0.02 -0.07
0
# 820
1 820 1 700 queue10
stage -1.0 32.0 8.0 69.0 1.0 2.0 5.0 1 -0.04 -0.01
0
# 821
1 821 1 703 queue11
stage -1.0 32.0 3.0 67.0 1.0 2.0 13.0 1 -0.03 -0.02
0
# 822
1 822 1 703 queue12
stage -1.0 32.0 38.0 68.0 1.0 2.0 7.0 1 0.04 0.0
0
# 823
1 823 1 707 queue13
stage -1.0 32.0 8.0 65.0 1.0 2.0 14.0 1 0.01 -0.09
0
# 824
1 824 1 708 queue14
stage -1.0 32.0 8.0 65.0 1.0 2.0 2.0 1 -0.04 0.16
0
# 825
1 825 1 708 queue0
stage -1.0 32.0 8.0 65.0 1.0 2.0 5.0 1 0.09 -0.12
0
# 826
1 826 1 708 queue1
stage -1.0 32.0 8.0 68.0 1.0 2.0 18.0 1 0.05 0.2
0
# 827
1 827 1 708 queue2
stage -1.0 32.0 8.0 68.0 1.0 2.0 2.0 1 0.07 0.04
0
# 828
1 828 1 708 queue3
stage -1.0 32.0 32.0 67.0 1.0 2.0 2.0 1 -0.01 0.12
0
# 829
1 829 1 708 queue4
stage -1.0 32.0 24.0 69.0 1.0 2.0 8.0 1 0.21 0.09
0
# 830
1 830 1 711 queue5
stage -1.0 32.0 12.0 68.0 1.0 2.0 3.0 1 -0.08 0.03
0
# 831
1 831 1 711 queue6
stage -1.0 32.0 163.0 69.0 1.0 2.0 2.0 1 -0.03 0.08
0
# 832
1 832 1 711 queue7
stage -1.0 32.0 40.0 67.0 1.0 2.0 4.0 1 -0.25 0.02
0
# 833
1 833 1 711 queue8
stage -1.0 32.0 40.0 65.0 1.0 2.0 5.0 1 -0.04 0.09
0
# 834
1 834 1 711 queue9
stage -1.0 32.0 33.0 66.0 1.0 2.0 3.0 1 0.1 -0.05
0
# 835
1 835 1 716 queue10
stage -1.0 32.0 80.0 67.0 1.0 2.0 7.0 1 -0.03 -0.1
0
# 836
1 836 1 716 queue11
stage -1.0 32.0 4.0 67.0 1.0 2.0 4.0 1 -0.04 0.0
0
# 837
1 837 1 716 queue12
stage -1.0 32.0 2.0 69.0 1.0 2.0 6.0 1 0.13 0.02
0
# 838
1 838 1 717 queue13
stage -1.0 32.0 16.0 69.0 1.0 2.0 4.0 1 0.11 0.03
0
# 839
1 839 1 720 queue14
stage -1.0 32.0 8.0 68.0 1.0 2.0 3.0 1 -0.05 -0.15
0
# 840
1 840 1 720 queue0
stage -1.0 32.0 204.0 66.0 1.0 2.0 4.0 1 -0.17 0.23
0
# 841
1 841 1 722 queue1
stage -1.0 32.0 35.0 66.0 1.0 2.0 5.0 1 0.0 0.04
0
# 842
1 842 1 722 queue2
stage -1.0 32.0 41.0 67.0 1.0 2.0 4.0 1 0.02 0.1
0
# 843
1 843 1 722 queue3
stage -1.0 32.0 43.0 66.0 1.0 2.0 4.0 1 -0.02 0.09
0
# 844
1 844 1 722 queue4
stage -1.0 32.0 159.0 67.0 1.0 2.0 4.0 1 -0.05 0.17
0
# 845
1 845 1 725 queue5
stage -1.0 32.0 159.0 68.0 1.0 2.0 4.0 1 0.03 -0.02
0
# 846
1 846 1 725 queue6
stage -1.0 32.0 16.0 65.0 1.0 2.0 4.0 1 0.01 -0.05
0
# 847
1 847 1 725 queue7
stage -1.0 32.0 5.0 67.0 1.0 2.0 3.0 1 0.09 -0.03
0
# 848
1 848 1 728 queue8
stage -1.0 32.0 20.0 65.0 1.0 2.0 5.0 1 0.1 0.08
0
# 849
1 849 1 729 queue9
stage -1.0 32.0 24.0 66.0 1.0 2.0 4.0 1 0.12 0.01
0
# 850
1 850 1 729 queue10
stage -1.0 32.0 3.0 70.0 1.0 2.0 4.0 1 -0.03 0.06
0
# 851
1 851 1 729 queue11
stage -1.0 32.0 12.0 69.0 1.0 2.0 4.0 1 0.15 -0.01
0
# 852
1 852 1 729 queue12
stage -1.0 32.0 12.0 70.0 1.0 2.0 5.0 1 -0.08 -0.2
0
# 853
1 853 1 730 queue13
stage -1.0 32.0 24.0 69.0 1.0 2.0 4.0 1 -0.13 0.01
0
# 854
1 854 1 735 queue14
stage -1.0 32.0 9.0 66.0 1.0 2.0 4.0 1 -0.08 -0.11
0
# 855
1 855 1 736 queue0
stage -1.0 32.0 60.0 68.0 1.0 2.0 6.0 1 0.1 0.01
0
# 856
1 856 1 736 queue1
stage -1.0 32.0 81.0 67.0 1.0 2.0 4.0 1 -0.12 -0.03
0
# 857
1 857 1 736 queue2
stage -1.0 32.0 1.0 70.0 1.0 2.0 5.0 1 0.03 0.02
0
# 858
1 858 1 736 queue3
stage -1.0 32.0 5.0 67.0 1.0 2.0 3.0 1 0.0 0.03
0
# 859
1 859 1 737 queue4
stage -1.0 32.0 3.0 68.0 1.0 2.0 4.0 1 -0.05 0.13
0
# 860
1 860 1 743 queue5
stage -1.0 32.0 138.0 68.0 1.0 2.0 4.0 1 0.08 0.06
0
# 861
1 861 1 743 queue6
stage -1.0 32.0 12.0 66.0 1.0 2.0 4.0 1 -0.08 0.0
0
# 862
1 862 1 743 queue7
stage -1.0 32.0 12.0 68.0 1.0 2.0 6.0 1 0.1 0.03
0
# 863
1 863 1 743 queue8
stage -1.0 32.0 24.0 68.0 1.0 2.0 5.0 1 0.06 -0.09
0
# 864
1 864 1 744 queue9
stage -1.0 32.0 6.0 66.0 1.0 2.0 4.0 1 0.16 -0.03
0
# 865
1 865 1 745 queue10
stage -1.0 32.0 6.0 195.0 1.0 2.0 14.0 1 -0.08 -0.01
0
# 866
1 866 1 746 queue11
stage -1.0 32.0 43.0 66.0 1.0 2.0 5.0 1 -0.01 0.09
0
# 867
1 867 1 747 queue12
stage -1.0 32.0 20.0 68.0 1.0 2.0 4.0 1 -0.01 0.01
0
# 868
1 868 1 749 queue13
stage -1.0 32.0 65.0 70.0 1.0 2.0 3.0 1 -0.12 -0.08
0
# 869
1 869 1 751 queue14
stage -1.0 32.0 5.0 69.0 1.0 2.0 4.0 1 -0.08 -0.1
0
# 870
1 870 1 751 queue0
stage -1.0 32.0 4.0 69.0 1.0 2.0 4.0 1 0.19 -0.12
0
# 871
1 871 1 751 queue1
stage -1.0 32.0 3.0 68.0 1.0 2.0 5.0 1 0.08 0.04
0
# 872
1 872 1 751 queue2
stage -1.0 32.0 3.0 68.0 1.0 2.0 4.0 1 0.12 0.14
0
# 873
1 873 1 751 queue3
stage -1.0 32.0 24.0 70.0 1.0 2.0 5.0 1 -0.04 0.07
0
# 874
1 874 1 751 queue4
stage -1.0 32.0 10.0 65.0 1.0 2.0 6.0 1 0.05 -0.02
0
# 875
1 875 1 754 queue5
stage -1.0 32.0 3.0 69.0 1.0 2.0 4.0 1 -0.12 0.15
0
# 876
1 876 1 754 queue6
stage -1.0 32.0 14.0 66.0 1.0 2.0 4.0 1 -0.08 -0.04
0
# 877
1 877 1 754 queue7
stage -1.0 32.0 10.0 65.0 1.0 2.0 4.0 1 0.1 -0.03
0
# 878
1 878 1 754 queue8
stage -1.0 32.0 14.0 66.0 1.0 2.0 4.0 1 -0.03 -0.22
0
# 879
1 879 1 754 queue9
stage -1.0 32.0 2.0 69.0 1.0 2.0 4.0 1 -0.09 0.05
0
# 880
1 880 1 755 queue10
stage -1.0 32.0 14.0 69.0 1.0 2.0 6.0 1 0.17 -0.09
0
# 881
1 881 1 756 queue11
stage -1.0 32.0 163.0 68.0 1.0 2.0 4.0 1 -0.02 -0.01
0
# 882
1 882 1 756 queue12
stage -1.0 32.0 5.0 67.0 1.0 2.0 5.0 1 -0.13 -0.07
0
# 883
1 883 1 756 queue13
stage -1.0 32.0 0.0 65.0 1.0 2.0 4.0 1 0.02 0.07
0
# 884
1 884 1 759 queue14
stage -1.0 32.0 12.0 69.0 1.0 2.0 4.0 1 0.02 0.05
0
# 885
1 885 1 759 queue0
stage -1.0 32.0 53.0 65.0 1.0 2.0 4.0 1 -0.04 0.01
0
# 886
1 886 1 761 queue1
stage -1.0 32.0 9.0 66.0 1.0 2.0 4.0 1 0.03 -0.29
0
# 887
1 887 1 762 queue2
stage -1.0 32.0 5.0 69.0 1.0 2.0 4.0 1 0.02 -0.21
0
# 888
1 888 1 764 queue3
stage -1.0 32.0 5.0 67.0 1.0 2.0 5.0 1 -0.3 -0.23
0
# 889
1 889 1 764 queue4
stage -1.0 32.0 10.0 70.0 1.0 2.0 5.0 1 0.15 -0.07
0
# 890
1 890 1 764 queue5
stage -1.0 32.0 60.0 65.0 1.0 2.0 4.0 1 0.15 -0.03
0
# 891
1 891 1 766 queue6
stage -1.0 32.0 81.0 69.0 1.0 2.0 4.0 1 -0.18 -0.22
0
# 892
1 892 1 766 queue7
stage -1.0 32.0 82.0 66.0 1.0 2.0 4.0 1 0.03 0.23
0
# 893
1 893 1 768 queue8
stage -1.0 32.0 43.0 67.0 1.0 2.0 3.0 1 -0.02 0.16
0
# 894
1 894 1 770 queue9
stage -1.0 32.0 82.0 68.0 1.0 2.0 4.0 1 -0.08 -0.05
0
# 895
1 895 1 771 queue10
stage -1.0 32.0 32.0 68.0 1.0 2.0 4.0 1 -0.02 -0.13
0
# 896
1 896 1 772 queue11
stage -1.0 32.0 4.0 69.0 1.0 2.0 4.0 1 0.1 -0.15
0
# 897
1 897 1 772 queue12
stage -1.0 32.0 12.0 70.0 1.0 2.0 5.0 1 0.07 -0.06
0
# 898
1 898 1 772 queue13
stage -1.0 32.0 8.0 70.0 1.0 2.0 4.0 1 -0.1 0.0
0
# 899
1 899 1 774 queue14
stage -1.0 32.0 8.0 69.0 1.0 2.0 4.0 1 -0.08 -0.11
0
