# 0
1 0 1 0 queue0
stage -1.0 20.0 4.0 2200.0 1.0 2.0 3142.0 1 0.0 0.0
0
# 1
1 1 1 0 queue1
stage -1.0 20.0 4.0 3300.0 1.0 2.0 330.0 1 0.0 0.0
0
# 2
1 2 1 0 queue2
stage -1.0 20.0 6.0 3300.0 1.0 2.0 1320.0 1 0.0 0.0
0
# 3
1 3 1 0 queue3
stage -1.0 20.0 6.0 3300.0 1.0 2.0 1100.0 1 0.0 0.0
0
# 4
1 4 1 0 queue0
stage -1.0 20.0 6.0 1100.0 1.0 2.0 1572.0 1 0.0 0.0
0
# 5
1 5 1 0 queue1
stage -1.0 20.0 4.0 3300.0 1.0 2.0 330.0 1 0.0 0.0
0
# 6
1 6 1 0 queue2
stage -1.0 20.0 6.0 3300.0 1.0 2.0 990.0 1 0.0 0.0
0
# 7
1 7 1 0 queue3
stage -1.0 20.0 7.0 1320.0 1.0 2.0 1100.0 1 0.0 0.0
0
# 8
1 8 1 0 queue0
stage -1.0 20.0 7.0 550.0 1.0 2.0 785.0 1 0.0 0.0
0
# 9
1 9 1 0 queue1
stage -1.0 20.0 4.0 3300.0 1.0 2.0 330.0 1 0.0 0.0
0
# 10
1 10 1 0 queue2
stage -1.0 20.0 4.0 3300.0 1.0 2.0 1100.0 1 0.0 0.0
0
# 11
1 11 1 0 queue3
stage -1.0 20.0 7.0 2200.0 1.0 2.0 1100.0 1 0.0 0.0
0
# 12
1 12 1 0 queue0
stage -1.0 20.0 4.0 770.0 1.0 2.0 1100.0 1 0.0 0.0
0
# 13
1 13 1 0 queue1
stage -1.0 20.0 6.0 3300.0 1.0 2.0 330.0 1 0.0 0.0
0
# 14
1 14 1 0 queue2
stage -1.0 20.0 7.0 3520.0 1.0 2.0 1210.0 1 0.0 0.0
0
# 15
1 15 1 0 queue3
stage -1.0 20.0 7.0 3300.0 1.0 2.0 1650.0 1 0.0 0.0
0
# 16
1 16 1 0 queue0
stage -1.0 20.0 6.0 1540.0 1.0 2.0 2200.0 1 0.0 0.0
0
# 17
1 17 1 0 queue1
stage -1.0 20.0 4.0 3300.0 1.0 2.0 440.0 1 0.0 0.0
0
# 18
1 18 1 0 queue2
stage -1.0 20.0 6.0 3300.0 1.0 2.0 1650.0 1 0.0 0.0
0
# 19
1 19 1 0 queue3
stage -1.0 20.0 4.0 2640.0 1.0 2.0 2200.0 1 0.0 0.0
0
# 20
1 20 1 0 queue0
stage -1.0 20.0 3.0 2200.0 1.0 2.0 3143.0 1 0.0 0.0
0
# 21
1 21 1 0 queue1
stage -1.0 20.0 6.0 3300.0 1.0 2.0 330.0 1 0.0 0.0
0
# 22
1 22 1 0 queue2
stage -1.0 20.0 9.0 3300.0 1.0 2.0 1100.0 1 0.0 0.0
0
# 23
1 23 1 0 queue3
stage -1.0 20.0 7.0 2200.0 1.0 2.0 1100.0 1 0.0 0.0
0
# 24
1 24 1 0 queue0
stage -1.0 20.0 4.0 1100.0 1.0 2.0 1572.0 1 0.0 0.0
0
# 25
1 25 1 0 queue1
stage -1.0 20.0 4.0 3300.0 1.0 2.0 330.0 1 0.0 0.0
0
# 26
1 26 1 0 queue2
stage -1.0 20.0 4.0 660.0 1.0 2.0 660.0 1 0.0 0.0
0
# 27
1 27 1 0 queue3
stage -1.0 20.0 7.0 2640.0 1.0 2.0 1100.0 1 0.0 0.0
0
# 28
1 28 1 0 queue0
stage -1.0 20.0 7.0 550.0 1.0 2.0 785.0 1 0.0 0.0
0
# 29
1 29 1 0 queue1
stage -1.0 20.0 4.0 3300.0 1.0 2.0 330.0 1 0.0 0.0
0
# 30
1 30 1 0 queue2
stage -1.0 20.0 4.0 880.0 1.0 2.0 880.0 1 0.0 0.0
0
# 31
1 31 1 0 queue3
stage -1.0 20.0 7.0 2640.0 1.0 2.0 990.0 1 0.0 0.0
0
# 32
1 32 1 0 queue0
stage -1.0 20.0 4.0 770.0 1.0 2.0 1100.0 1 0.0 0.0
0
# 33
1 33 1 0 queue1
stage -1.0 20.0 8.0 3300.0 1.0 2.0 330.0 1 0.0 0.0
0
# 34
1 34 1 0 queue2
stage -1.0 20.0 7.0 770.0 1.0 2.0 770.0 1 0.0 0.0
0
# 35
1 35 1 0 queue3
stage -1.0 20.0 7.0 3300.0 1.0 2.0 1100.0 1 0.0 0.0
0
# 36
1 36 1 0 queue0
stage -1.0 20.0 4.0 1540.0 1.0 2.0 2200.0 1 0.0 0.0
0
# 37
1 37 1 0 queue1
stage -1.0 20.0 6.0 3300.0 1.0 2.0 440.0 1 0.0 0.0
0
# 38
1 38 1 0 queue2
stage -1.0 20.0 6.0 880.0 1.0 2.0 880.0 1 0.0 0.0
0
# 39
1 39 1 0 queue3
stage -1.0 20.0 7.0 550.0 1.0 2.0 880.0 1 0.0 0.0
0
