# 0
1 0 1 0 queue0
stage -1.0 32.0 8.0 142.0 1.0 2.0 59.0 1 -0.05855588663721666 0.08947206142897801
0
# 1
1 1 1 5 queue0
stage -1.0 32.0 11.0 161.0 1.0 2.0 31.0 1 0.1413438554619842 0.0707886234068464
0
# 2
1 2 1 5 queue0
stage -1.0 32.0 6.0 177.0 1.0 2.0 149.0 1 0.19966375411931717 0.10460691720908298
0
# 3
1 3 1 5 queue0
stage -1.0 32.0 15.0 153.0 1.0 2.0 33.0 1 0.08433035439793143 -0.04753371668553091
0
# 4
1 4 1 6 queue0
stage -1.0 32.0 3.0 158.0 1.0 2.0 12.0 1 -0.09249832654555142 -0.07289235310849486
0
# 5
1 5 1 6 queue0
stage -1.0 32.0 9.0 1500.0 1.0 2.0 1500.0 1 0.18309480903381228 0.034567664894607254
0
# 6
1 6 1 7 queue0
stage -1.0 32.0 5.0 1500.0 1.0 2.0 1500.0 1 -0.08424073870936799 0.03477712275760366
0
# 7
1 7 1 7 queue0
stage -1.0 32.0 3.0 1500.0 1.0 2.0 1500.0 1 -0.046617085460822216 -0.0013831336457962246
0
# 8
1 8 1 10 queue0
stage -1.0 32.0 7.0 1500.0 1.0 2.0 1500.0 1 -0.03736575921145768 0.04520832769197364
0
# 9
1 9 1 10 queue0
stage -1.0 32.0 16.0 1500.0 1.0 2.0 1500.0 1 -0.0018162112882188037 -0.014407853974073737
0
