# 0
1 0 1 0 queue0
stage -1.0 20.0 12.0 3365.0 1.0 2.0 346.0 1 0.0 0.0
0
# 1
1 1 1 0 queue1
stage -1.0 20.0 12.0 5900.0 1.0 2.0 313.0 1 0.0 0.0
0
# 2
1 2 1 0 queue0
stage -1.0 20.0 12.0 7500.0 1.0 2.0 752.0 1 0.0 0.0
0
# 3
1 3 1 0 queue1
stage -1.0 20.0 12.0 6050.0 1.0 2.0 212.0 1 0.0 0.0
0
# 4
1 4 1 0 queue0
stage -1.0 20.0 12.0 3365.0 1.0 2.0 346.0 1 0.0 0.0
0
# 5
1 5 1 0 queue1
stage -1.0 20.0 12.0 5900.0 1.0 2.0 313.0 1 0.0 0.0
0
# 6
1 6 1 0 queue0
stage -1.0 20.0 12.0 3365.0 1.0 2.0 346.0 1 0.0 0.0
0
# 7
1 7 1 0 queue1
stage -1.0 20.0 12.0 6050.0 1.0 2.0 212.0 1 0.0 0.0
0
