# 0
queue0 0.0 
1.0 
74.8318 
74.8318 
# 1
queue1 0.0 
1.0 
28.5614 
28.5614 
# 2
queue2 0.0 
1.0 
106.2711 
106.2711 
# 3
queue3 0.0 
1.0 
46.7539 
46.7539 
# 4
queue4 0.0 
1.0 
52.8848 
52.8848 
# 5
queue5 0.0 
1.0 
24.4129 
24.4129 
# 6
queue6 0.0 
1.0 
10.1835 
10.1835 
# 7
queue7 0.0 
1.0 
91.7067 
91.7067 
# 8
queue8 0.0 
1.0 
94.4302 
94.4302 
# 9
queue9 0.0 
1.0 
53.856 
53.856 
# 10
queue10 0.0 
1.0 
103.4123 
103.4123 
# 11
queue11 0.0 
1.0 
71.1284 
71.1284 
# 12
queue12 0.0 
1.0 
24.2686 
24.2686 
# 13
queue13 0.0 
1.0 
4.781 
4.781 
# 14
queue14 0.0 
1.0 
18.2713 
18.2713 
# 15
queue15 0.0 
1.0 
38.8229 
38.8229 
# 16
queue16 0.0 
1.0 
84.1205 
84.1205 
# 17
queue17 0.0 
1.0 
89.9621 
89.9621 
# 18
queue18 0.0 
1.0 
20.5428 
20.5428 
# 19
queue19 0.0 
1.0 
93.4591 
93.4591 
# 20
queue20 0.0 
1.0 
22.5201 
22.5201 
# 21
queue21 0.0 
1.0 
82.2099 
82.2099 
# 22
queue22 0.0 
1.0 
11.6998 
11.6998 
# 23
queue23 0.0 
1.0 
46.8006 
46.8006 
# 24
queue24 0.0 
1.0 
96.7406 
96.7406 
