# 0
queue0 0.0 
1.0
-1.0
-1.0
# 1
queue1 0.0 
1.0
-1.0
-1.0
# 2
queue2 0.0 
1.0
-1.0
-1.0
# 3
queue3 0.0 
1.0
-1.0
-1.0
# 4
queue4 0.0 
1.0
-1.0
-1.0
# 5
queue5 0.0 
1.0
-1.0
-1.0
# 6
queue6 0.0 
1.0
-1.0
-1.0
# 7
queue7 0.0 
1.0
-1.0
-1.0
# 8
queue8 0.0 
1.0
-1.0
-1.0
# 9
queue9 0.0 
1.0
-1.0
-1.0
# 10
queue10 0.0 
1.0
-1.0
-1.0
# 11
queue11 0.0 
1.0
-1.0
-1.0
# 12
queue12 0.0 
1.0
-1.0
-1.0
# 13
queue13 0.0 
1.0
-1.0
-1.0
# 14
queue14 0.0 
1.0
-1.0
-1.0
# 15
queue15 0.0 
1.0
-1.0
-1.0
# 16
queue16 0.0 
1.0
-1.0
-1.0
# 17
queue17 0.0 
1.0
-1.0
-1.0
# 18
queue18 0.0 
1.0
-1.0
-1.0
# 19
queue19 0.0 
1.0
-1.0
-1.0
# 20
queue20 0.0 
1.0
-1.0
-1.0
# 21
queue21 0.0 
1.0
-1.0
-1.0
# 22
queue22 0.0 
1.0
-1.0
-1.0
# 23
queue23 0.0 
1.0
-1.0
-1.0
# 24
queue24 0.0 
1.0
-1.0
-1.0
# 25
queue25 0.0 
1.0
-1.0
-1.0
# 26
queue26 0.0 
1.0
-1.0
-1.0
# 27
queue27 0.0 
1.0
-1.0
-1.0
# 28
queue28 0.0 
1.0
-1.0
-1.0
# 29
queue29 0.0 
1.0
-1.0
-1.0
# 30
queue30 0.0 
1.0
-1.0
-1.0
# 31
queue31 0.0 
1.0
-1.0
-1.0
# 32
queue32 0.0 
1.0
-1.0
-1.0
# 33
queue33 0.0 
1.0
-1.0
-1.0
# 34
queue34 0.0 
1.0
-1.0
-1.0
# 35
queue35 0.0 
1.0
-1.0
-1.0
# 36
queue36 0.0 
1.0
-1.0
-1.0
# 37
queue37 0.0 
1.0
-1.0
-1.0
# 38
queue38 0.0 
1.0
-1.0
-1.0
# 39
queue39 0.0 
1.0
-1.0
-1.0
# 40
queue40 0.0 
1.0
-1.0
-1.0
# 41
queue41 0.0 
1.0
-1.0
-1.0
# 42
queue42 0.0 
1.0
-1.0
-1.0
# 43
queue43 0.0 
1.0
-1.0
-1.0
# 44
queue44 0.0 
1.0
-1.0
-1.0
# 45
queue45 0.0 
1.0
-1.0
-1.0
# 46
queue46 0.0 
1.0
-1.0
-1.0
# 47
queue47 0.0 
1.0
-1.0
-1.0
# 48
queue48 0.0 
1.0
-1.0
-1.0
# 49
queue49 0.0 
1.0
-1.0
-1.0
# 50
queue50 0.0 
1.0
-1.0
-1.0
# 51
queue51 0.0 
1.0
-1.0
-1.0
# 52
queue52 0.0 
1.0
-1.0
-1.0
# 53
queue53 0.0 
1.0
-1.0
-1.0
# 54
queue54 0.0 
1.0
-1.0
-1.0
# 55
queue55 0.0 
1.0
-1.0
-1.0
# 56
queue56 0.0 
1.0
-1.0
-1.0
# 57
queue57 0.0 
1.0
-1.0
-1.0
# 58
queue58 0.0 
1.0
-1.0
-1.0
# 59
queue59 0.0 
1.0
-1.0
-1.0
# 60
queue60 0.0 
1.0
-1.0
-1.0
# 61
queue61 0.0 
1.0
-1.0
-1.0
# 62
queue62 0.0 
1.0
-1.0
-1.0
# 63
queue63 0.0 
1.0
-1.0
-1.0
# 64
queue64 0.0 
1.0
-1.0
-1.0
# 65
queue65 0.0 
1.0
-1.0
-1.0
# 66
queue66 0.0 
1.0
-1.0
-1.0
# 67
queue67 0.0 
1.0
-1.0
-1.0
# 68
queue68 0.0 
1.0
-1.0
-1.0
# 69
queue69 0.0 
1.0
-1.0
-1.0
# 70
queue70 0.0 
1.0
-1.0
-1.0
# 71
queue71 0.0 
1.0
-1.0
-1.0
# 72
queue72 0.0 
1.0
-1.0
-1.0
# 73
queue73 0.0 
1.0
-1.0
-1.0
# 74
queue74 0.0 
1.0
-1.0
-1.0
# 75
queue75 0.0 
1.0
-1.0
-1.0
# 76
queue76 0.0 
1.0
-1.0
-1.0
# 77
queue77 0.0 
1.0
-1.0
-1.0
# 78
queue78 0.0 
1.0
-1.0
-1.0
# 79
queue79 0.0 
1.0
-1.0
-1.0
# 80
queue80 0.0 
1.0
-1.0
-1.0
# 81
queue81 0.0 
1.0
-1.0
-1.0
# 82
queue82 0.0 
1.0
-1.0
-1.0
# 83
queue83 0.0 
1.0
-1.0
-1.0
# 84
queue84 0.0 
1.0
-1.0
-1.0
# 85
queue85 0.0 
1.0
-1.0
-1.0
# 86
queue86 0.0 
1.0
-1.0
-1.0
# 87
queue87 0.0 
1.0
-1.0
-1.0
# 88
queue88 0.0 
1.0
-1.0
-1.0
# 89
queue89 0.0 
1.0
-1.0
-1.0
# 90
queue90 0.0 
1.0
-1.0
-1.0
# 91
queue91 0.0 
1.0
-1.0
-1.0
# 92
queue92 0.0 
1.0
-1.0
-1.0
# 93
queue93 0.0 
1.0
-1.0
-1.0
# 94
queue94 0.0 
1.0
-1.0
-1.0
# 95
queue95 0.0 
1.0
-1.0
-1.0
# 96
queue96 0.0 
1.0
-1.0
-1.0
# 97
queue97 0.0 
1.0
-1.0
-1.0
# 98
queue98 0.0 
1.0
-1.0
-1.0
# 99
queue99 0.0 
1.0
-1.0
-1.0
