# 0
queue0 0.0 
1.0 
65.515 
65.515 
# 1
queue1 0.0 
1.0 
48.6863 
48.6863 
# 2
queue2 0.0 
1.0 
21.8722 
21.8722 
# 3
queue3 0.0 
1.0 
139.5157 
139.5157 
# 4
queue4 0.0 
1.0 
1.4951 
1.4951 
# 5
queue5 0.0 
1.0 
118.6678 
118.6678 
# 6
queue6 0.0 
1.0 
14.5954 
14.5954 
# 7
queue7 0.0 
1.0 
40.7419 
40.7419 
# 8
queue8 0.0 
1.0 
13.7906 
13.7906 
# 9
queue9 0.0 
1.0 
127.721 
127.721 
# 10
queue10 0.0 
1.0 
95.6339 
95.6339 
# 11
queue11 0.0 
1.0 
157.6807 
157.6807 
# 12
queue12 0.0 
1.0 
33.1962 
33.1962 
# 13
queue13 0.0 
1.0 
143.6957 
143.6957 
# 14
queue14 0.0 
1.0 
103.7338 
103.7338 
# 15
queue15 0.0 
1.0 
38.2391 
38.2391 
# 16
queue16 0.0 
1.0 
14.5194 
14.5194 
# 17
queue17 0.0 
1.0 
102.0234 
102.0234 
# 18
queue18 0.0 
1.0 
6.2513 
6.2513 
# 19
queue19 0.0 
1.0 
70.1544 
70.1544 
