# 0
queue0 0.0 
1.0 
281.9747 
322.5793 
# 1
queue1 0.0 
1.0 
284.1022 
325.0131 
# 2
queue2 0.0 
1.0 
68.3759 
78.2221 
# 3
queue3 0.0 
1.0 
824.654 
943.4048 
# 4
queue4 0.0 
1.0 
694.6188 
794.6444 
# 5
queue5 0.0 
1.0 
990.9294 
1133.624 
# 6
queue6 0.0 
1.0 
951.1132 
1088.0743 
# 7
queue7 0.0 
1.0 
376.8098 
431.0707 
# 8
queue8 0.0 
1.0 
567.4431 
649.1553 
# 9
queue9 0.0 
1.0 
187.1492 
214.0988 
# 10
queue10 0.0 
1.0 
524.487 
600.0136 
# 11
queue11 0.0 
1.0 
300.8479 
344.1703 
# 12
queue12 0.0 
1.0 
472.3611 
540.3814 
# 13
queue13 0.0 
1.0 
615.6021 
704.2493 
# 14
queue14 0.0 
1.0 
234.9869 
268.8252 
# 15
queue15 0.0 
1.0 
236.8275 
270.9308 
# 16
queue16 0.0 
1.0 
183.8904 
210.3708 
# 17
queue17 0.0 
1.0 
1288.5076 
1474.0538 
# 18
queue18 0.0 
1.0 
167.586 
191.7186 
# 19
queue19 0.0 
1.0 
412.7848 
472.2262 
# 20
queue20 0.0 
1.0 
497.4217 
569.0508 
# 21
queue21 0.0 
1.0 
1044.5036 
1194.9129 
# 22
queue22 0.0 
1.0 
542.3339 
620.4304 
# 23
queue23 0.0 
1.0 
336.2962 
384.7232 
# 24
queue24 0.0 
1.0 
714.393 
817.2662 
