# 0
queue0 0.0 
1.0
-1.0
-1.0
# 1
queue1 0.0 
1.0
-1.0
-1.0
# 2
queue2 0.0 
1.0
-1.0
-1.0
# 3
queue3 0.0 
1.0
-1.0
-1.0
# 4
queue4 0.0 
1.0
-1.0
-1.0
# 5
queue5 0.0 
1.0
-1.0
-1.0
# 6
queue6 0.0 
1.0
-1.0
-1.0
# 7
queue7 0.0 
1.0
-1.0
-1.0
# 8
queue8 0.0 
1.0
-1.0
-1.0
# 9
queue9 0.0 
1.0
-1.0
-1.0
# 10
queue10 0.0 
1.0
-1.0
-1.0
# 11
queue11 0.0 
1.0
-1.0
-1.0
# 12
queue12 0.0 
1.0
-1.0
-1.0
# 13
queue13 0.0 
1.0
-1.0
-1.0
# 14
queue14 0.0 
1.0
-1.0
-1.0
# 15
queue15 0.0 
1.0
-1.0
-1.0
# 16
queue16 0.0 
1.0
-1.0
-1.0
# 17
queue17 0.0 
1.0
-1.0
-1.0
# 18
queue18 0.0 
1.0
-1.0
-1.0
# 19
queue19 0.0 
1.0
-1.0
-1.0
