# 0
bursty0 1 100.0 
150
27.0 1000.0 0.63 0.99
27.0 1000.0 0.63 0.99
27.0 1000.0 0.63 0.99
27.0 1000.0 0.63 0.99
27.0 1000.0 0.63 0.99
27.0 1000.0 0.63 0.99
27.0 1000.0 0.63 0.99
27.0 1000.0 0.63 0.99
27.0 1000.0 0.63 0.99
27.0 1000.0 0.63 0.99
27.0 1000.0 0.63 0.99
27.0 1000.0 0.63 0.99
27.0 1000.0 0.63 0.99
27.0 1000.0 0.63 0.99
27.0 1000.0 0.63 0.99
27.0 1000.0 0.63 0.99
27.0 1000.0 0.63 0.99
27.0 1000.0 0.63 0.99
27.0 1000.0 0.63 0.99
27.0 1000.0 0.63 0.99
27.0 1000.0 0.63 0.99
27.0 1000.0 0.63 0.99
27.0 1000.0 0.63 0.99
27.0 1000.0 0.63 0.99
27.0 1000.0 0.63 0.99
27.0 1000.0 0.63 0.99
27.0 1000.0 0.63 0.99
27.0 1000.0 0.63 0.99
27.0 1000.0 0.63 0.99
27.0 1000.0 0.63 0.99
27.0 1000.0 0.63 0.99
27.0 1000.0 0.63 0.99
27.0 1000.0 0.63 0.99
27.0 1000.0 0.63 0.99
27.0 1000.0 0.63 0.99
27.0 1000.0 0.63 0.99
27.0 1000.0 0.63 0.99
27.0 1000.0 0.63 0.99
27.0 1000.0 0.63 0.99
27.0 1000.0 0.63 0.99
27.0 1000.0 0.63 0.99
27.0 1000.0 0.63 0.99
27.0 1000.0 0.63 0.99
27.0 1000.0 0.63 0.99
27.0 1000.0 0.63 0.99
27.0 1000.0 0.63 0.99
27.0 1000.0 0.63 0.99
27.0 1000.0 0.63 0.99
27.0 1000.0 0.63 0.99
27.0 1000.0 0.63 0.99
27.0 1000.0 0.63 0.99
27.0 1000.0 0.63 0.99
27.0 1000.0 0.63 0.99
27.0 1000.0 0.63 0.99
27.0 1000.0 0.63 0.99
27.0 1000.0 0.63 0.99
27.0 1000.0 0.63 0.99
27.0 1000.0 0.63 0.99
27.0 1000.0 0.63 0.99
27.0 1000.0 0.63 0.99
27.0 1000.0 0.63 0.99
27.0 1000.0 0.63 0.99
27.0 1000.0 0.63 0.99
27.0 1000.0 0.63 0.99
27.0 1000.0 0.63 0.99
27.0 1000.0 0.63 0.99
27.0 1000.0 0.63 0.99
27.0 1000.0 0.63 0.99
27.0 1000.0 0.63 0.99
27.0 1000.0 0.63 0.99
27.0 1000.0 0.63 0.99
27.0 1000.0 0.63 0.99
27.0 1000.0 0.63 0.99
27.0 1000.0 0.63 0.99
27.0 1000.0 0.63 0.99
27.0 1000.0 0.63 0.99
27.0 1000.0 0.63 0.99
27.0 1000.0 0.63 0.99
27.0 1000.0 0.63 0.99
27.0 1000.0 0.63 0.99
27.0 1000.0 0.63 0.99
27.0 1000.0 0.63 0.99
27.0 1000.0 0.63 0.99
27.0 1000.0 0.63 0.99
27.0 1000.0 0.63 0.99
27.0 1000.0 0.63 0.99
27.0 1000.0 0.63 0.99
27.0 1000.0 0.63 0.99
27.0 1000.0 0.63 0.99
27.0 1000.0 0.63 0.99
27.0 1000.0 0.63 0.99
27.0 1000.0 0.63 0.99
27.0 1000.0 0.63 0.99
27.0 1000.0 0.63 0.99
27.0 1000.0 0.63 0.99
27.0 1000.0 0.63 0.99
27.0 1000.0 0.63 0.99
27.0 1000.0 0.63 0.99
27.0 1000.0 0.63 0.99
27.0 1000.0 0.63 0.99
27.0 1000.0 0.63 0.99
27.0 1000.0 0.63 0.99
27.0 1000.0 0.63 0.99
27.0 1000.0 0.63 0.99
27.0 1000.0 0.63 0.99
27.0 1000.0 0.63 0.99
27.0 1000.0 0.63 0.99
27.0 1000.0 0.63 0.99
27.0 1000.0 0.63 0.99
27.0 1000.0 0.63 0.99
27.0 1000.0 0.63 0.99
27.0 1000.0 0.63 0.99
27.0 1000.0 0.63 0.99
27.0 1000.0 0.63 0.99
27.0 1000.0 0.63 0.99
27.0 1000.0 0.63 0.99
27.0 1000.0 0.63 0.99
27.0 1000.0 0.63 0.99
27.0 1000.0 0.63 0.99
27.0 1000.0 0.63 0.99
27.0 1000.0 0.63 0.99
27.0 1000.0 0.63 0.99
27.0 1000.0 0.63 0.99
27.0 1000.0 0.63 0.99
27.0 1000.0 0.63 0.99
27.0 1000.0 0.63 0.99
27.0 1000.0 0.63 0.99
27.0 1000.0 0.63 0.99
27.0 1000.0 0.63 0.99
27.0 1000.0 0.63 0.99
27.0 1000.0 0.63 0.99
27.0 1000.0 0.63 0.99
27.0 1000.0 0.63 0.99
27.0 1000.0 0.63 0.99
27.0 1000.0 0.63 0.99
27.0 1000.0 0.63 0.99
27.0 1000.0 0.63 0.99
27.0 1000.0 0.63 0.99
27.0 1000.0 0.63 0.99
27.0 1000.0 0.63 0.99
27.0 1000.0 0.63 0.99
27.0 1000.0 0.63 0.99
27.0 1000.0 0.63 0.99
27.0 1000.0 0.63 0.99
27.0 1000.0 0.63 0.99
27.0 1000.0 0.63 0.99
27.0 1000.0 0.63 0.99
27.0 1000.0 0.63 0.99
27.0 1000.0 0.63 0.99
27.0 1000.0 0.63 0.99
# 1
batch0 0 0.0 
1.0
# 2
batch1 0 0.0 
1.0
