# 0
1 0 1 0 queue0
stage -1.0 20.0 12 3802 1 2 564 1
0
# 1
1 1 1 0 queue1
stage -1.0 20.0 12 5900 1 2 313 1
0
# 2
1 2 1 0 queue0
stage -1.0 20.0 12 7500 1 2 752 1
0
# 3
1 3 1 0 queue1
stage -1.0 20.0 12 6050 1 2 212 1
0
# 4
1 4 1 0 queue0
stage -1.0 20.0 12 4274 1 2 553 1
0
# 5
1 5 1 0 queue1
stage -1.0 20.0 12 5900 1 2 313 1
0
# 6
1 6 1 0 queue0
stage -1.0 20.0 12 3365 1 2 575 1
0
# 7
1 7 1 0 queue1
stage -1.0 20.0 12 6050 1 2 212 1
0

[564 1102 720 553 1058 1137 877 575] [3802 3476 4728 4274 3584 3638 6935 3752]