# 0
1 0 0 bursty0
Stage_0 1.0 1.0 0.5 200
0
# 1
1 1 100 bursty0
Stage_0 1.0 1.0 0.5 200
0
# 2
1 2 200 bursty0
Stage_0 1.0 1.0 0.5 200
0
# 3
1 3 300 bursty0
Stage_0 1.0 1.0 0.5 200
0
# 4
1 4 400 bursty0
Stage_0 1.0 1.0 0.5 200
0
# 100000
1 100000 0 batch0
Stage_0 1.0 0.75 1.0 500
0
# 100001
1 100001 14 batch1
Stage_0 1.0 0.75 1.0 500
0
# 100002
1 100002 34 batch2
Stage_0 1.0 0.75 1.0 500
0
# 100003
1 100003 58 batch3
Stage_0 1.0 0.75 1.0 500
0
# 100004
1 100004 69 batch4
Stage_0 1.0 0.75 1.0 500
0
# 100005
1 100005 94 batch5
Stage_0 1.0 0.75 1.0 500
0
# 100006
1 100006 111 batch6
Stage_0 1.0 0.75 1.0 500
0
# 100007
1 100007 130 batch7
Stage_0 1.0 0.75 1.0 500
0
# 100008
1 100008 154 batch8
Stage_0 1.0 0.75 1.0 500
0
# 100009
1 100009 166 batch9
Stage_0 1.0 0.75 1.0 500
0
# 100010
1 100010 177 batch10
Stage_0 1.0 0.75 1.0 500
0
# 100011
1 100011 197 batch11
Stage_0 1.0 0.75 1.0 500
0
# 100012
1 100012 213 batch12
Stage_0 1.0 0.75 1.0 500
0
# 100013
1 100013 227 batch13
Stage_0 1.0 0.75 1.0 500
0
# 100014
1 100014 248 batch14
Stage_0 1.0 0.75 1.0 500
0
# 100015
1 100015 254 batch15
Stage_0 1.0 0.75 1.0 500
0
# 100016
1 100016 279 batch0
Stage_0 1.0 0.75 1.0 500
0
# 100017
1 100017 305 batch1
Stage_0 1.0 0.75 1.0 500
0
# 100018
1 100018 315 batch2
Stage_0 1.0 0.75 1.0 500
0
# 100019
1 100019 330 batch3
Stage_0 1.0 0.75 1.0 500
0
# 100020
1 100020 343 batch4
Stage_0 1.0 0.75 1.0 500
0
# 100021
1 100021 364 batch5
Stage_0 1.0 0.75 1.0 500
0
# 100022
1 100022 383 batch6
Stage_0 1.0 0.75 1.0 500
0
# 100023
1 100023 396 batch7
Stage_0 1.0 0.75 1.0 500
0
# 100024
1 100024 413 batch8
Stage_0 1.0 0.75 1.0 500
0
# 100025
1 100025 427 batch9
Stage_0 1.0 0.75 1.0 500
0
# 100026
1 100026 443 batch10
Stage_0 1.0 0.75 1.0 500
0
# 100027
1 100027 465 batch11
Stage_0 1.0 0.75 1.0 500
0
# 100028
1 100028 481 batch12
Stage_0 1.0 0.75 1.0 500
0
# 100029
1 100029 496 batch13
Stage_0 1.0 0.75 1.0 500
0
# 100030
1 100030 505 batch14
Stage_0 1.0 0.75 1.0 500
0
# 100031
1 100031 521 batch15
Stage_0 1.0 0.75 1.0 500
0
# 100032
1 100032 540 batch0
Stage_0 1.0 0.75 1.0 500
0
# 100033
1 100033 560 batch1
Stage_0 1.0 0.75 1.0 500
0
# 100034
1 100034 578 batch2
Stage_0 1.0 0.75 1.0 500
0
# 100035
1 100035 600 batch3
Stage_0 1.0 0.75 1.0 500
0
# 100036
1 100036 617 batch4
Stage_0 1.0 0.75 1.0 500
0
# 100037
1 100037 630 batch5
Stage_0 1.0 0.75 1.0 500
0
# 100038
1 100038 648 batch6
Stage_0 1.0 0.75 1.0 500
0
# 100039
1 100039 668 batch7
Stage_0 1.0 0.75 1.0 500
0
# 100040
1 100040 676 batch8
Stage_0 1.0 0.75 1.0 500
0
# 100041
1 100041 690 batch9
Stage_0 1.0 0.75 1.0 500
0
# 100042
1 100042 711 batch10
Stage_0 1.0 0.75 1.0 500
0
# 100043
1 100043 725 batch11
Stage_0 1.0 0.75 1.0 500
0
# 100044
1 100044 747 batch12
Stage_0 1.0 0.75 1.0 500
0
# 100045
1 100045 766 batch13
Stage_0 1.0 0.75 1.0 500
0
# 100046
1 100046 780 batch14
Stage_0 1.0 0.75 1.0 500
0
# 100047
1 100047 796 batch15
Stage_0 1.0 0.75 1.0 500
0
# 100048
1 100048 815 batch0
Stage_0 1.0 0.75 1.0 500
0
# 100049
1 100049 827 batch1
Stage_0 1.0 0.75 1.0 500
0
# 100050
1 100050 833 batch2
Stage_0 1.0 0.75 1.0 500
0
# 100051
1 100051 849 batch3
Stage_0 1.0 0.75 1.0 500
0
# 100052
1 100052 868 batch4
Stage_0 1.0 0.75 1.0 500
0
# 100053
1 100053 877 batch5
Stage_0 1.0 0.75 1.0 500
0
# 100054
1 100054 896 batch6
Stage_0 1.0 0.75 1.0 500
0
# 100055
1 100055 916 batch7
Stage_0 1.0 0.75 1.0 500
0
# 100056
1 100056 936 batch8
Stage_0 1.0 0.75 1.0 500
0
# 100057
1 100057 950 batch9
Stage_0 1.0 0.75 1.0 500
0
# 100058
1 100058 966 batch10
Stage_0 1.0 0.75 1.0 500
0
# 100059
1 100059 976 batch11
Stage_0 1.0 0.75 1.0 500
0
# 100060
1 100060 990 batch12
Stage_0 1.0 0.75 1.0 500
0
# 100061
1 100061 1007 batch13
Stage_0 1.0 0.75 1.0 500
0
# 100062
1 100062 1020 batch14
Stage_0 1.0 0.75 1.0 500
0
# 100063
1 100063 1035 batch15
Stage_0 1.0 0.75 1.0 500
0
# 100064
1 100064 1050 batch0
Stage_0 1.0 0.75 1.0 500
0
# 100065
1 100065 1063 batch1
Stage_0 1.0 0.75 1.0 500
0
# 100066
1 100066 1070 batch2
Stage_0 1.0 0.75 1.0 500
0
# 100067
1 100067 1084 batch3
Stage_0 1.0 0.75 1.0 500
0
# 100068
1 100068 1098 batch4
Stage_0 1.0 0.75 1.0 500
0
# 100069
1 100069 1110 batch5
Stage_0 1.0 0.75 1.0 500
0
# 100070
1 100070 1122 batch6
Stage_0 1.0 0.75 1.0 500
0
# 100071
1 100071 1141 batch7
Stage_0 1.0 0.75 1.0 500
0
# 100072
1 100072 1160 batch8
Stage_0 1.0 0.75 1.0 500
0
# 100073
1 100073 1172 batch9
Stage_0 1.0 0.75 1.0 500
0
# 100074
1 100074 1189 batch10
Stage_0 1.0 0.75 1.0 500
0
# 100075
1 100075 1210 batch11
Stage_0 1.0 0.75 1.0 500
0
# 100076
1 100076 1227 batch12
Stage_0 1.0 0.75 1.0 500
0
# 100077
1 100077 1248 batch13
Stage_0 1.0 0.75 1.0 500
0
# 100078
1 100078 1257 batch14
Stage_0 1.0 0.75 1.0 500
0
# 100079
1 100079 1276 batch15
Stage_0 1.0 0.75 1.0 500
0
