# 0
1 0 0 bursty0
Stage_0 1.0 1.0 0.5 2000
0
# 1
1 1 200 bursty0
Stage_0 1.0 1.0 0.5 2000
0
# 2
1 2 400 bursty0
Stage_0 1.0 1.0 0.5 2000
0
# 3
1 3 600 bursty0
Stage_0 1.0 1.0 0.5 2000
0
# 4
1 4 800 bursty0
Stage_0 1.0 1.0 0.5 2000
0
# 5
1 5 1000 bursty0
Stage_0 1.0 1.0 0.5 2000
0
# 6
1 6 1200 bursty0
Stage_0 1.0 1.0 0.5 2000
0
# 7
1 7 1400 bursty0
Stage_0 1.0 1.0 0.5 2000
0
# 8
1 8 1600 bursty0
Stage_0 1.0 1.0 0.5 2000
0
# 9
1 9 1800 bursty0
Stage_0 1.0 1.0 0.5 2000
0
# 10
1 10 2000 bursty0
Stage_0 1.0 1.0 0.5 2000
0
# 11
1 11 2200 bursty0
Stage_0 1.0 1.0 0.5 2000
0
# 12
1 12 2400 bursty0
Stage_0 1.0 1.0 0.5 2000
0
# 13
1 13 2600 bursty0
Stage_0 1.0 1.0 0.5 2000
0
# 14
1 14 2800 bursty0
Stage_0 1.0 1.0 0.5 2000
0
# 15
1 15 3000 bursty0
Stage_0 1.0 1.0 0.5 2000
0
# 16
1 16 3200 bursty0
Stage_0 1.0 1.0 0.5 2000
0
# 17
1 17 3400 bursty0
Stage_0 1.0 1.0 0.5 2000
0
# 18
1 18 3600 bursty0
Stage_0 1.0 1.0 0.5 2000
0
# 19
1 19 3800 bursty0
Stage_0 1.0 1.0 0.5 2000
0
# 20
1 20 4000 bursty0
Stage_0 1.0 1.0 0.5 2000
0
# 21
1 21 4200 bursty0
Stage_0 1.0 1.0 0.5 2000
0
# 22
1 22 4400 bursty0
Stage_0 1.0 1.0 0.5 2000
0
# 23
1 23 4600 bursty0
Stage_0 1.0 1.0 0.5 2000
0
# 24
1 24 4800 bursty0
Stage_0 1.0 1.0 0.5 2000
0
# 100000
1 100000 0 batch0
Stage_0 1.0 0.75 1.0 5000
0
# 100001
1 100001 10 batch1
Stage_0 1.0 0.75 1.0 5000
0
# 100002
1 100002 23 batch2
Stage_0 1.0 0.75 1.0 5000
0
# 100003
1 100003 45 batch3
Stage_0 1.0 0.75 1.0 5000
0
# 100004
1 100004 60 batch4
Stage_0 1.0 0.75 1.0 5000
0
# 100005
1 100005 69 batch5
Stage_0 1.0 0.75 1.0 5000
0
# 100006
1 100006 79 batch6
Stage_0 1.0 0.75 1.0 5000
0
# 100007
1 100007 99 batch7
Stage_0 1.0 0.75 1.0 5000
0
# 100008
1 100008 115 batch0
Stage_0 1.0 0.75 1.0 5000
0
# 100009
1 100009 127 batch1
Stage_0 1.0 0.75 1.0 5000
0
# 100010
1 100010 138 batch2
Stage_0 1.0 0.75 1.0 5000
0
# 100011
1 100011 164 batch3
Stage_0 1.0 0.75 1.0 5000
0
# 100012
1 100012 173 batch4
Stage_0 1.0 0.75 1.0 5000
0
# 100013
1 100013 186 batch5
Stage_0 1.0 0.75 1.0 5000
0
# 100014
1 100014 205 batch6
Stage_0 1.0 0.75 1.0 5000
0
# 100015
1 100015 226 batch7
Stage_0 1.0 0.75 1.0 5000
0
# 100016
1 100016 246 batch0
Stage_0 1.0 0.75 1.0 5000
0
# 100017
1 100017 272 batch1
Stage_0 1.0 0.75 1.0 5000
0
# 100018
1 100018 281 batch2
Stage_0 1.0 0.75 1.0 5000
0
# 100019
1 100019 299 batch3
Stage_0 1.0 0.75 1.0 5000
0
# 100020
1 100020 320 batch4
Stage_0 1.0 0.75 1.0 5000
0
# 100021
1 100021 337 batch5
Stage_0 1.0 0.75 1.0 5000
0
# 100022
1 100022 353 batch6
Stage_0 1.0 0.75 1.0 5000
0
# 100023
1 100023 369 batch7
Stage_0 1.0 0.75 1.0 5000
0
# 100024
1 100024 384 batch0
Stage_0 1.0 0.75 1.0 5000
0
# 100025
1 100025 397 batch1
Stage_0 1.0 0.75 1.0 5000
0
# 100026
1 100026 413 batch2
Stage_0 1.0 0.75 1.0 5000
0
# 100027
1 100027 435 batch3
Stage_0 1.0 0.75 1.0 5000
0
# 100028
1 100028 445 batch4
Stage_0 1.0 0.75 1.0 5000
0
# 100029
1 100029 460 batch5
Stage_0 1.0 0.75 1.0 5000
0
# 100030
1 100030 472 batch6
Stage_0 1.0 0.75 1.0 5000
0
# 100031
1 100031 492 batch7
Stage_0 1.0 0.75 1.0 5000
0
# 100032
1 100032 505 batch0
Stage_0 1.0 0.75 1.0 5000
0
# 100033
1 100033 520 batch1
Stage_0 1.0 0.75 1.0 5000
0
# 100034
1 100034 539 batch2
Stage_0 1.0 0.75 1.0 5000
0
# 100035
1 100035 549 batch3
Stage_0 1.0 0.75 1.0 5000
0
# 100036
1 100036 563 batch4
Stage_0 1.0 0.75 1.0 5000
0
# 100037
1 100037 576 batch5
Stage_0 1.0 0.75 1.0 5000
0
# 100038
1 100038 594 batch6
Stage_0 1.0 0.75 1.0 5000
0
# 100039
1 100039 611 batch7
Stage_0 1.0 0.75 1.0 5000
0
# 100040
1 100040 629 batch0
Stage_0 1.0 0.75 1.0 5000
0
# 100041
1 100041 645 batch1
Stage_0 1.0 0.75 1.0 5000
0
# 100042
1 100042 657 batch2
Stage_0 1.0 0.75 1.0 5000
0
# 100043
1 100043 671 batch3
Stage_0 1.0 0.75 1.0 5000
0
# 100044
1 100044 688 batch4
Stage_0 1.0 0.75 1.0 5000
0
# 100045
1 100045 709 batch5
Stage_0 1.0 0.75 1.0 5000
0
# 100046
1 100046 725 batch6
Stage_0 1.0 0.75 1.0 5000
0
# 100047
1 100047 734 batch7
Stage_0 1.0 0.75 1.0 5000
0
# 100048
1 100048 750 batch0
Stage_0 1.0 0.75 1.0 5000
0
# 100049
1 100049 773 batch1
Stage_0 1.0 0.75 1.0 5000
0
# 100050
1 100050 798 batch2
Stage_0 1.0 0.75 1.0 5000
0
# 100051
1 100051 815 batch3
Stage_0 1.0 0.75 1.0 5000
0
# 100052
1 100052 834 batch4
Stage_0 1.0 0.75 1.0 5000
0
# 100053
1 100053 856 batch5
Stage_0 1.0 0.75 1.0 5000
0
# 100054
1 100054 870 batch6
Stage_0 1.0 0.75 1.0 5000
0
# 100055
1 100055 885 batch7
Stage_0 1.0 0.75 1.0 5000
0
# 100056
1 100056 904 batch0
Stage_0 1.0 0.75 1.0 5000
0
# 100057
1 100057 924 batch1
Stage_0 1.0 0.75 1.0 5000
0
# 100058
1 100058 940 batch2
Stage_0 1.0 0.75 1.0 5000
0
# 100059
1 100059 963 batch3
Stage_0 1.0 0.75 1.0 5000
0
# 100060
1 100060 977 batch4
Stage_0 1.0 0.75 1.0 5000
0
# 100061
1 100061 994 batch5
Stage_0 1.0 0.75 1.0 5000
0
# 100062
1 100062 1013 batch6
Stage_0 1.0 0.75 1.0 5000
0
# 100063
1 100063 1029 batch7
Stage_0 1.0 0.75 1.0 5000
0
# 100064
1 100064 1052 batch0
Stage_0 1.0 0.75 1.0 5000
0
# 100065
1 100065 1074 batch1
Stage_0 1.0 0.75 1.0 5000
0
# 100066
1 100066 1089 batch2
Stage_0 1.0 0.75 1.0 5000
0
# 100067
1 100067 1104 batch3
Stage_0 1.0 0.75 1.0 5000
0
# 100068
1 100068 1116 batch4
Stage_0 1.0 0.75 1.0 5000
0
# 100069
1 100069 1133 batch5
Stage_0 1.0 0.75 1.0 5000
0
# 100070
1 100070 1148 batch6
Stage_0 1.0 0.75 1.0 5000
0
# 100071
1 100071 1165 batch7
Stage_0 1.0 0.75 1.0 5000
0
# 100072
1 100072 1187 batch0
Stage_0 1.0 0.75 1.0 5000
0
# 100073
1 100073 1208 batch1
Stage_0 1.0 0.75 1.0 5000
0
# 100074
1 100074 1221 batch2
Stage_0 1.0 0.75 1.0 5000
0
# 100075
1 100075 1240 batch3
Stage_0 1.0 0.75 1.0 5000
0
# 100076
1 100076 1258 batch4
Stage_0 1.0 0.75 1.0 5000
0
# 100077
1 100077 1276 batch5
Stage_0 1.0 0.75 1.0 5000
0
# 100078
1 100078 1288 batch6
Stage_0 1.0 0.75 1.0 5000
0
# 100079
1 100079 1306 batch7
Stage_0 1.0 0.75 1.0 5000
0
# 100080
1 100080 1327 batch0
Stage_0 1.0 0.75 1.0 5000
0
# 100081
1 100081 1336 batch1
Stage_0 1.0 0.75 1.0 5000
0
# 100082
1 100082 1352 batch2
Stage_0 1.0 0.75 1.0 5000
0
# 100083
1 100083 1374 batch3
Stage_0 1.0 0.75 1.0 5000
0
# 100084
1 100084 1388 batch4
Stage_0 1.0 0.75 1.0 5000
0
# 100085
1 100085 1409 batch5
Stage_0 1.0 0.75 1.0 5000
0
# 100086
1 100086 1429 batch6
Stage_0 1.0 0.75 1.0 5000
0
# 100087
1 100087 1444 batch7
Stage_0 1.0 0.75 1.0 5000
0
# 100088
1 100088 1461 batch0
Stage_0 1.0 0.75 1.0 5000
0
# 100089
1 100089 1474 batch1
Stage_0 1.0 0.75 1.0 5000
0
# 100090
1 100090 1488 batch2
Stage_0 1.0 0.75 1.0 5000
0
# 100091
1 100091 1508 batch3
Stage_0 1.0 0.75 1.0 5000
0
# 100092
1 100092 1521 batch4
Stage_0 1.0 0.75 1.0 5000
0
# 100093
1 100093 1533 batch5
Stage_0 1.0 0.75 1.0 5000
0
# 100094
1 100094 1549 batch6
Stage_0 1.0 0.75 1.0 5000
0
# 100095
1 100095 1567 batch7
Stage_0 1.0 0.75 1.0 5000
0
# 100096
1 100096 1585 batch0
Stage_0 1.0 0.75 1.0 5000
0
# 100097
1 100097 1599 batch1
Stage_0 1.0 0.75 1.0 5000
0
# 100098
1 100098 1614 batch2
Stage_0 1.0 0.75 1.0 5000
0
# 100099
1 100099 1630 batch3
Stage_0 1.0 0.75 1.0 5000
0
# 100100
1 100100 1648 batch4
Stage_0 1.0 0.75 1.0 5000
0
# 100101
1 100101 1667 batch5
Stage_0 1.0 0.75 1.0 5000
0
# 100102
1 100102 1684 batch6
Stage_0 1.0 0.75 1.0 5000
0
# 100103
1 100103 1704 batch7
Stage_0 1.0 0.75 1.0 5000
0
# 100104
1 100104 1719 batch0
Stage_0 1.0 0.75 1.0 5000
0
# 100105
1 100105 1730 batch1
Stage_0 1.0 0.75 1.0 5000
0
# 100106
1 100106 1749 batch2
Stage_0 1.0 0.75 1.0 5000
0
# 100107
1 100107 1769 batch3
Stage_0 1.0 0.75 1.0 5000
0
# 100108
1 100108 1786 batch4
Stage_0 1.0 0.75 1.0 5000
0
# 100109
1 100109 1804 batch5
Stage_0 1.0 0.75 1.0 5000
0
# 100110
1 100110 1815 batch6
Stage_0 1.0 0.75 1.0 5000
0
# 100111
1 100111 1837 batch7
Stage_0 1.0 0.75 1.0 5000
0
# 100112
1 100112 1855 batch0
Stage_0 1.0 0.75 1.0 5000
0
# 100113
1 100113 1869 batch1
Stage_0 1.0 0.75 1.0 5000
0
# 100114
1 100114 1884 batch2
Stage_0 1.0 0.75 1.0 5000
0
# 100115
1 100115 1903 batch3
Stage_0 1.0 0.75 1.0 5000
0
# 100116
1 100116 1920 batch4
Stage_0 1.0 0.75 1.0 5000
0
# 100117
1 100117 1941 batch5
Stage_0 1.0 0.75 1.0 5000
0
# 100118
1 100118 1967 batch6
Stage_0 1.0 0.75 1.0 5000
0
# 100119
1 100119 1979 batch7
Stage_0 1.0 0.75 1.0 5000
0
# 100120
1 100120 1992 batch0
Stage_0 1.0 0.75 1.0 5000
0
# 100121
1 100121 2010 batch1
Stage_0 1.0 0.75 1.0 5000
0
# 100122
1 100122 2032 batch2
Stage_0 1.0 0.75 1.0 5000
0
# 100123
1 100123 2041 batch3
Stage_0 1.0 0.75 1.0 5000
0
# 100124
1 100124 2059 batch4
Stage_0 1.0 0.75 1.0 5000
0
# 100125
1 100125 2079 batch5
Stage_0 1.0 0.75 1.0 5000
0
# 100126
1 100126 2095 batch6
Stage_0 1.0 0.75 1.0 5000
0
# 100127
1 100127 2112 batch7
Stage_0 1.0 0.75 1.0 5000
0
# 100128
1 100128 2128 batch0
Stage_0 1.0 0.75 1.0 5000
0
# 100129
1 100129 2152 batch1
Stage_0 1.0 0.75 1.0 5000
0
# 100130
1 100130 2168 batch2
Stage_0 1.0 0.75 1.0 5000
0
# 100131
1 100131 2190 batch3
Stage_0 1.0 0.75 1.0 5000
0
# 100132
1 100132 2212 batch4
Stage_0 1.0 0.75 1.0 5000
0
# 100133
1 100133 2230 batch5
Stage_0 1.0 0.75 1.0 5000
0
# 100134
1 100134 2244 batch6
Stage_0 1.0 0.75 1.0 5000
0
# 100135
1 100135 2257 batch7
Stage_0 1.0 0.75 1.0 5000
0
# 100136
1 100136 2273 batch0
Stage_0 1.0 0.75 1.0 5000
0
# 100137
1 100137 2297 batch1
Stage_0 1.0 0.75 1.0 5000
0
# 100138
1 100138 2315 batch2
Stage_0 1.0 0.75 1.0 5000
0
# 100139
1 100139 2327 batch3
Stage_0 1.0 0.75 1.0 5000
0
# 100140
1 100140 2344 batch4
Stage_0 1.0 0.75 1.0 5000
0
# 100141
1 100141 2357 batch5
Stage_0 1.0 0.75 1.0 5000
0
# 100142
1 100142 2378 batch6
Stage_0 1.0 0.75 1.0 5000
0
# 100143
1 100143 2390 batch7
Stage_0 1.0 0.75 1.0 5000
0
# 100144
1 100144 2404 batch0
Stage_0 1.0 0.75 1.0 5000
0
# 100145
1 100145 2417 batch1
Stage_0 1.0 0.75 1.0 5000
0
# 100146
1 100146 2435 batch2
Stage_0 1.0 0.75 1.0 5000
0
# 100147
1 100147 2455 batch3
Stage_0 1.0 0.75 1.0 5000
0
# 100148
1 100148 2485 batch4
Stage_0 1.0 0.75 1.0 5000
0
# 100149
1 100149 2502 batch5
Stage_0 1.0 0.75 1.0 5000
0
# 100150
1 100150 2518 batch6
Stage_0 1.0 0.75 1.0 5000
0
# 100151
1 100151 2530 batch7
Stage_0 1.0 0.75 1.0 5000
0
# 100152
1 100152 2547 batch0
Stage_0 1.0 0.75 1.0 5000
0
# 100153
1 100153 2561 batch1
Stage_0 1.0 0.75 1.0 5000
0
# 100154
1 100154 2574 batch2
Stage_0 1.0 0.75 1.0 5000
0
# 100155
1 100155 2589 batch3
Stage_0 1.0 0.75 1.0 5000
0
# 100156
1 100156 2611 batch4
Stage_0 1.0 0.75 1.0 5000
0
# 100157
1 100157 2632 batch5
Stage_0 1.0 0.75 1.0 5000
0
# 100158
1 100158 2647 batch6
Stage_0 1.0 0.75 1.0 5000
0
# 100159
1 100159 2667 batch7
Stage_0 1.0 0.75 1.0 5000
0
