# 0
1 0 0 bursty0
Stage_0 1.0 1.0 0.5 200
0
# 1
1 1 100 bursty0
Stage_0 1.0 1.0 0.5 200
0
# 2
1 2 200 bursty0
Stage_0 1.0 1.0 0.5 200
0
# 3
1 3 300 bursty0
Stage_0 1.0 1.0 0.5 200
0
# 4
1 4 400 bursty0
Stage_0 1.0 1.0 0.5 200
0
# 5
1 5 1 bursty1
Stage_0 1.0 1.0 0.5 200
0
# 6
1 6 101 bursty1
Stage_0 1.0 1.0 0.5 200
0
# 7
1 7 201 bursty1
Stage_0 1.0 1.0 0.5 200
0
# 8
1 8 301 bursty1
Stage_0 1.0 1.0 0.5 200
0
# 9
1 9 401 bursty1
Stage_0 1.0 1.0 0.5 200
0
# 100000
1 100000 0 batch0
Stage_0 1.0 1.0 1.5 500
0
# 100001
1 100001 14 batch1
Stage_0 1.0 1.0 1.5 500
0
# 100002
1 100002 34 batch0
Stage_0 1.0 1.0 1.5 500
0
# 100003
1 100003 58 batch1
Stage_0 1.0 1.0 1.5 500
0
# 100004
1 100004 69 batch0
Stage_0 1.0 1.0 1.5 500
0
# 100005
1 100005 94 batch1
Stage_0 1.0 1.0 1.5 500
0
# 100006
1 100006 111 batch0
Stage_0 1.0 1.0 1.5 500
0
# 100007
1 100007 130 batch1
Stage_0 1.0 1.0 1.5 500
0
# 100008
1 100008 154 batch0
Stage_0 1.0 1.0 1.5 500
0
# 100009
1 100009 166 batch1
Stage_0 1.0 1.0 1.5 500
0
