# 0
1 0 0 bursty0
Stage_0 1.0 1.0 0.5 200
0
# 1
1 1 100 bursty0
Stage_0 1.0 1.0 0.5 200
0
# 2
1 2 200 bursty0
Stage_0 1.0 1.0 0.5 200
0
# 3
1 3 300 bursty0
Stage_0 1.0 1.0 0.5 200
0
# 4
1 4 400 bursty0
Stage_0 1.0 1.0 0.5 200
0
# 100000
1 100000 0 batch0
Stage_0 1.0 0.75 1.0 500
0
# 100001
1 100001 14 batch1
Stage_0 1.0 0.75 1.0 500
0
# 100002
1 100002 34 batch2
Stage_0 1.0 0.75 1.0 500
0
# 100003
1 100003 58 batch3
Stage_0 1.0 0.75 1.0 500
0
# 100004
1 100004 69 batch0
Stage_0 1.0 0.75 1.0 500
0
# 100005
1 100005 94 batch1
Stage_0 1.0 0.75 1.0 500
0
# 100006
1 100006 111 batch2
Stage_0 1.0 0.75 1.0 500
0
# 100007
1 100007 130 batch3
Stage_0 1.0 0.75 1.0 500
0
# 100008
1 100008 154 batch0
Stage_0 1.0 0.75 1.0 500
0
# 100009
1 100009 166 batch1
Stage_0 1.0 0.75 1.0 500
0
# 100010
1 100010 177 batch2
Stage_0 1.0 0.75 1.0 500
0
# 100011
1 100011 197 batch3
Stage_0 1.0 0.75 1.0 500
0
# 100012
1 100012 213 batch0
Stage_0 1.0 0.75 1.0 500
0
# 100013
1 100013 227 batch1
Stage_0 1.0 0.75 1.0 500
0
# 100014
1 100014 248 batch2
Stage_0 1.0 0.75 1.0 500
0
# 100015
1 100015 254 batch3
Stage_0 1.0 0.75 1.0 500
0
# 100016
1 100016 279 batch0
Stage_0 1.0 0.75 1.0 500
0
# 100017
1 100017 305 batch1
Stage_0 1.0 0.75 1.0 500
0
# 100018
1 100018 315 batch2
Stage_0 1.0 0.75 1.0 500
0
# 100019
1 100019 330 batch3
Stage_0 1.0 0.75 1.0 500
0
