# 0
bursty0 1.0 0.0 1000.0
1
25.0 100.0 100.0
# 0
batch0 1.0 0.0 1000.0
0
# 1
batch1 1.0 0.0 1000.0
0
# 2
batch2 1.0 0.0 1000.0
0
# 3
batch3 1.0 0.0 1000.0
0
# 4
batch4 1.0 0.0 1000.0
0
# 5
batch5 1.0 0.0 1000.0
0
# 6
batch6 1.0 0.0 1000.0
0
# 7
batch7 1.0 0.0 1000.0
0
# 8
batch8 1.0 0.0 1000.0
0
# 9
batch9 1.0 0.0 1000.0
0
# 10
batch10 1.0 0.0 1000.0
0
# 11
batch11 1.0 0.0 1000.0
0
# 12
batch12 1.0 0.0 1000.0
0
# 13
batch13 1.0 0.0 1000.0
0
# 14
batch14 1.0 0.0 1000.0
0
# 15
batch15 1.0 0.0 1000.0
0
# 16
batch16 1.0 0.0 1000.0
0
# 17
batch17 1.0 0.0 1000.0
0
# 18
batch18 1.0 0.0 1000.0
0
# 19
batch19 1.0 0.0 1000.0
0
# 20
batch20 1.0 0.0 1000.0
0
# 21
batch21 1.0 0.0 1000.0
0
# 22
batch22 1.0 0.0 1000.0
0
# 23
batch23 1.0 0.0 1000.0
0
# 24
batch24 1.0 0.0 1000.0
0
# 25
batch25 1.0 0.0 1000.0
0
# 26
batch26 1.0 0.0 1000.0
0
# 27
batch27 1.0 0.0 1000.0
0
# 28
batch28 1.0 0.0 1000.0
0
# 29
batch29 1.0 0.0 1000.0
0
# 30
batch30 1.0 0.0 1000.0
0
# 31
batch31 1.0 0.0 1000.0
0
# 32
batch32 1.0 0.0 1000.0
0
# 33
batch33 1.0 0.0 1000.0
0
# 34
batch34 1.0 0.0 1000.0
0
# 35
batch35 1.0 0.0 1000.0
0
# 36
batch36 1.0 0.0 1000.0
0
# 37
batch37 1.0 0.0 1000.0
0
# 38
batch38 1.0 0.0 1000.0
0
# 39
batch39 1.0 0.0 1000.0
0
# 40
batch40 1.0 0.0 1000.0
0
# 41
batch41 1.0 0.0 1000.0
0
# 42
batch42 1.0 0.0 1000.0
0
# 43
batch43 1.0 0.0 1000.0
0
# 44
batch44 1.0 0.0 1000.0
0
# 45
batch45 1.0 0.0 1000.0
0
# 46
batch46 1.0 0.0 1000.0
0
# 47
batch47 1.0 0.0 1000.0
0
# 48
batch48 1.0 0.0 1000.0
0
# 49
batch49 1.0 0.0 1000.0
0
# 50
batch50 1.0 0.0 1000.0
0
# 51
batch51 1.0 0.0 1000.0
0
# 52
batch52 1.0 0.0 1000.0
0
# 53
batch53 1.0 0.0 1000.0
0
# 54
batch54 1.0 0.0 1000.0
0
# 55
batch55 1.0 0.0 1000.0
0
# 56
batch56 1.0 0.0 1000.0
0
# 57
batch57 1.0 0.0 1000.0
0
# 58
batch58 1.0 0.0 1000.0
0
# 59
batch59 1.0 0.0 1000.0
0
# 60
batch60 1.0 0.0 1000.0
0
# 61
batch61 1.0 0.0 1000.0
0
# 62
batch62 1.0 0.0 1000.0
0
# 63
batch63 1.0 0.0 1000.0
0
# 64
batch64 1.0 0.0 1000.0
0
# 65
batch65 1.0 0.0 1000.0
0
# 66
batch66 1.0 0.0 1000.0
0
# 67
batch67 1.0 0.0 1000.0
0
# 68
batch68 1.0 0.0 1000.0
0
# 69
batch69 1.0 0.0 1000.0
0
# 70
batch70 1.0 0.0 1000.0
0
# 71
batch71 1.0 0.0 1000.0
0
# 72
batch72 1.0 0.0 1000.0
0
# 73
batch73 1.0 0.0 1000.0
0
# 74
batch74 1.0 0.0 1000.0
0
# 75
batch75 1.0 0.0 1000.0
0
# 76
batch76 1.0 0.0 1000.0
0
# 77
batch77 1.0 0.0 1000.0
0
# 78
batch78 1.0 0.0 1000.0
0
# 79
batch79 1.0 0.0 1000.0
0
# 80
batch80 1.0 0.0 1000.0
0
# 81
batch81 1.0 0.0 1000.0
0
# 82
batch82 1.0 0.0 1000.0
0
# 83
batch83 1.0 0.0 1000.0
0
# 84
batch84 1.0 0.0 1000.0
0
# 85
batch85 1.0 0.0 1000.0
0
# 86
batch86 1.0 0.0 1000.0
0
# 87
batch87 1.0 0.0 1000.0
0
# 88
batch88 1.0 0.0 1000.0
0
# 89
batch89 1.0 0.0 1000.0
0
# 90
batch90 1.0 0.0 1000.0
0
# 91
batch91 1.0 0.0 1000.0
0
# 92
batch92 1.0 0.0 1000.0
0
# 93
batch93 1.0 0.0 1000.0
0
# 94
batch94 1.0 0.0 1000.0
0
# 95
batch95 1.0 0.0 1000.0
0
# 96
batch96 1.0 0.0 1000.0
0
# 97
batch97 1.0 0.0 1000.0
0
# 98
batch98 1.0 0.0 1000.0
0
# 99
batch99 1.0 0.0 1000.0
0
# 100
batch100 1.0 0.0 1000.0
0
# 101
batch101 1.0 0.0 1000.0
0
# 102
batch102 1.0 0.0 1000.0
0
# 103
batch103 1.0 0.0 1000.0
0
# 104
batch104 1.0 0.0 1000.0
0
# 105
batch105 1.0 0.0 1000.0
0
# 106
batch106 1.0 0.0 1000.0
0
# 107
batch107 1.0 0.0 1000.0
0
# 108
batch108 1.0 0.0 1000.0
0
# 109
batch109 1.0 0.0 1000.0
0
# 110
batch110 1.0 0.0 1000.0
0
# 111
batch111 1.0 0.0 1000.0
0
# 112
batch112 1.0 0.0 1000.0
0
# 113
batch113 1.0 0.0 1000.0
0
# 114
batch114 1.0 0.0 1000.0
0
# 115
batch115 1.0 0.0 1000.0
0
# 116
batch116 1.0 0.0 1000.0
0
# 117
batch117 1.0 0.0 1000.0
0
# 118
batch118 1.0 0.0 1000.0
0
# 119
batch119 1.0 0.0 1000.0
0
# 120
batch120 1.0 0.0 1000.0
0
# 121
batch121 1.0 0.0 1000.0
0
# 122
batch122 1.0 0.0 1000.0
0
# 123
batch123 1.0 0.0 1000.0
0
# 124
batch124 1.0 0.0 1000.0
0
# 125
batch125 1.0 0.0 1000.0
0
# 126
batch126 1.0 0.0 1000.0
0
# 127
batch127 1.0 0.0 1000.0
0
# 128
batch128 1.0 0.0 1000.0
0
# 129
batch129 1.0 0.0 1000.0
0
# 130
batch130 1.0 0.0 1000.0
0
# 131
batch131 1.0 0.0 1000.0
0
# 132
batch132 1.0 0.0 1000.0
0
# 133
batch133 1.0 0.0 1000.0
0
# 134
batch134 1.0 0.0 1000.0
0
# 135
batch135 1.0 0.0 1000.0
0
# 136
batch136 1.0 0.0 1000.0
0
# 137
batch137 1.0 0.0 1000.0
0
# 138
batch138 1.0 0.0 1000.0
0
# 139
batch139 1.0 0.0 1000.0
0
# 140
batch140 1.0 0.0 1000.0
0
# 141
batch141 1.0 0.0 1000.0
0
# 142
batch142 1.0 0.0 1000.0
0
# 143
batch143 1.0 0.0 1000.0
0
# 144
batch144 1.0 0.0 1000.0
0
# 145
batch145 1.0 0.0 1000.0
0
# 146
batch146 1.0 0.0 1000.0
0
# 147
batch147 1.0 0.0 1000.0
0
# 148
batch148 1.0 0.0 1000.0
0
# 149
batch149 1.0 0.0 1000.0
0
# 150
batch150 1.0 0.0 1000.0
0
# 151
batch151 1.0 0.0 1000.0
0
# 152
batch152 1.0 0.0 1000.0
0
# 153
batch153 1.0 0.0 1000.0
0
# 154
batch154 1.0 0.0 1000.0
0
# 155
batch155 1.0 0.0 1000.0
0
# 156
batch156 1.0 0.0 1000.0
0
# 157
batch157 1.0 0.0 1000.0
0
# 158
batch158 1.0 0.0 1000.0
0
# 159
batch159 1.0 0.0 1000.0
0
# 160
batch160 1.0 0.0 1000.0
0
# 161
batch161 1.0 0.0 1000.0
0
# 162
batch162 1.0 0.0 1000.0
0
# 163
batch163 1.0 0.0 1000.0
0
# 164
batch164 1.0 0.0 1000.0
0
# 165
batch165 1.0 0.0 1000.0
0
# 166
batch166 1.0 0.0 1000.0
0
# 167
batch167 1.0 0.0 1000.0
0
# 168
batch168 1.0 0.0 1000.0
0
# 169
batch169 1.0 0.0 1000.0
0
# 170
batch170 1.0 0.0 1000.0
0
# 171
batch171 1.0 0.0 1000.0
0
# 172
batch172 1.0 0.0 1000.0
0
# 173
batch173 1.0 0.0 1000.0
0
# 174
batch174 1.0 0.0 1000.0
0
# 175
batch175 1.0 0.0 1000.0
0
# 176
batch176 1.0 0.0 1000.0
0
# 177
batch177 1.0 0.0 1000.0
0
# 178
batch178 1.0 0.0 1000.0
0
# 179
batch179 1.0 0.0 1000.0
0
# 180
batch180 1.0 0.0 1000.0
0
# 181
batch181 1.0 0.0 1000.0
0
# 182
batch182 1.0 0.0 1000.0
0
# 183
batch183 1.0 0.0 1000.0
0
# 184
batch184 1.0 0.0 1000.0
0
# 185
batch185 1.0 0.0 1000.0
0
# 186
batch186 1.0 0.0 1000.0
0
# 187
batch187 1.0 0.0 1000.0
0
# 188
batch188 1.0 0.0 1000.0
0
# 189
batch189 1.0 0.0 1000.0
0
# 190
batch190 1.0 0.0 1000.0
0
# 191
batch191 1.0 0.0 1000.0
0
# 192
batch192 1.0 0.0 1000.0
0
# 193
batch193 1.0 0.0 1000.0
0
# 194
batch194 1.0 0.0 1000.0
0
# 195
batch195 1.0 0.0 1000.0
0
# 196
batch196 1.0 0.0 1000.0
0
# 197
batch197 1.0 0.0 1000.0
0
# 198
batch198 1.0 0.0 1000.0
0
# 199
batch199 1.0 0.0 1000.0
0
# 200
batch200 1.0 0.0 1000.0
0
# 201
batch201 1.0 0.0 1000.0
0
# 202
batch202 1.0 0.0 1000.0
0
# 203
batch203 1.0 0.0 1000.0
0
# 204
batch204 1.0 0.0 1000.0
0
# 205
batch205 1.0 0.0 1000.0
0
# 206
batch206 1.0 0.0 1000.0
0
# 207
batch207 1.0 0.0 1000.0
0
# 208
batch208 1.0 0.0 1000.0
0
# 209
batch209 1.0 0.0 1000.0
0
# 210
batch210 1.0 0.0 1000.0
0
# 211
batch211 1.0 0.0 1000.0
0
# 212
batch212 1.0 0.0 1000.0
0
# 213
batch213 1.0 0.0 1000.0
0
# 214
batch214 1.0 0.0 1000.0
0
# 215
batch215 1.0 0.0 1000.0
0
# 216
batch216 1.0 0.0 1000.0
0
# 217
batch217 1.0 0.0 1000.0
0
# 218
batch218 1.0 0.0 1000.0
0
# 219
batch219 1.0 0.0 1000.0
0
# 220
batch220 1.0 0.0 1000.0
0
# 221
batch221 1.0 0.0 1000.0
0
# 222
batch222 1.0 0.0 1000.0
0
# 223
batch223 1.0 0.0 1000.0
0
# 224
batch224 1.0 0.0 1000.0
0
# 225
batch225 1.0 0.0 1000.0
0
# 226
batch226 1.0 0.0 1000.0
0
# 227
batch227 1.0 0.0 1000.0
0
# 228
batch228 1.0 0.0 1000.0
0
# 229
batch229 1.0 0.0 1000.0
0
# 230
batch230 1.0 0.0 1000.0
0
# 231
batch231 1.0 0.0 1000.0
0
# 232
batch232 1.0 0.0 1000.0
0
# 233
batch233 1.0 0.0 1000.0
0
# 234
batch234 1.0 0.0 1000.0
0
# 235
batch235 1.0 0.0 1000.0
0
# 236
batch236 1.0 0.0 1000.0
0
# 237
batch237 1.0 0.0 1000.0
0
# 238
batch238 1.0 0.0 1000.0
0
# 239
batch239 1.0 0.0 1000.0
0
# 240
batch240 1.0 0.0 1000.0
0
# 241
batch241 1.0 0.0 1000.0
0
# 242
batch242 1.0 0.0 1000.0
0
# 243
batch243 1.0 0.0 1000.0
0
# 244
batch244 1.0 0.0 1000.0
0
# 245
batch245 1.0 0.0 1000.0
0
# 246
batch246 1.0 0.0 1000.0
0
# 247
batch247 1.0 0.0 1000.0
0
# 248
batch248 1.0 0.0 1000.0
0
# 249
batch249 1.0 0.0 1000.0
0
# 250
batch250 1.0 0.0 1000.0
0
# 251
batch251 1.0 0.0 1000.0
0
# 252
batch252 1.0 0.0 1000.0
0
# 253
batch253 1.0 0.0 1000.0
0
# 254
batch254 1.0 0.0 1000.0
0
# 255
batch255 1.0 0.0 1000.0
0
# 256
batch256 1.0 0.0 1000.0
0
# 257
batch257 1.0 0.0 1000.0
0
# 258
batch258 1.0 0.0 1000.0
0
# 259
batch259 1.0 0.0 1000.0
0
# 260
batch260 1.0 0.0 1000.0
0
# 261
batch261 1.0 0.0 1000.0
0
# 262
batch262 1.0 0.0 1000.0
0
# 263
batch263 1.0 0.0 1000.0
0
# 264
batch264 1.0 0.0 1000.0
0
# 265
batch265 1.0 0.0 1000.0
0
# 266
batch266 1.0 0.0 1000.0
0
# 267
batch267 1.0 0.0 1000.0
0
# 268
batch268 1.0 0.0 1000.0
0
# 269
batch269 1.0 0.0 1000.0
0
# 270
batch270 1.0 0.0 1000.0
0
# 271
batch271 1.0 0.0 1000.0
0
# 272
batch272 1.0 0.0 1000.0
0
# 273
batch273 1.0 0.0 1000.0
0
# 274
batch274 1.0 0.0 1000.0
0
# 275
batch275 1.0 0.0 1000.0
0
# 276
batch276 1.0 0.0 1000.0
0
# 277
batch277 1.0 0.0 1000.0
0
# 278
batch278 1.0 0.0 1000.0
0
# 279
batch279 1.0 0.0 1000.0
0
# 280
batch280 1.0 0.0 1000.0
0
# 281
batch281 1.0 0.0 1000.0
0
# 282
batch282 1.0 0.0 1000.0
0
# 283
batch283 1.0 0.0 1000.0
0
# 284
batch284 1.0 0.0 1000.0
0
# 285
batch285 1.0 0.0 1000.0
0
# 286
batch286 1.0 0.0 1000.0
0
# 287
batch287 1.0 0.0 1000.0
0
# 288
batch288 1.0 0.0 1000.0
0
# 289
batch289 1.0 0.0 1000.0
0
# 290
batch290 1.0 0.0 1000.0
0
# 291
batch291 1.0 0.0 1000.0
0
# 292
batch292 1.0 0.0 1000.0
0
# 293
batch293 1.0 0.0 1000.0
0
# 294
batch294 1.0 0.0 1000.0
0
# 295
batch295 1.0 0.0 1000.0
0
# 296
batch296 1.0 0.0 1000.0
0
# 297
batch297 1.0 0.0 1000.0
0
# 298
batch298 1.0 0.0 1000.0
0
# 299
batch299 1.0 0.0 1000.0
0
# 300
batch300 1.0 0.0 1000.0
0
# 301
batch301 1.0 0.0 1000.0
0
# 302
batch302 1.0 0.0 1000.0
0
# 303
batch303 1.0 0.0 1000.0
0
# 304
batch304 1.0 0.0 1000.0
0
# 305
batch305 1.0 0.0 1000.0
0
# 306
batch306 1.0 0.0 1000.0
0
# 307
batch307 1.0 0.0 1000.0
0
# 308
batch308 1.0 0.0 1000.0
0
# 309
batch309 1.0 0.0 1000.0
0
# 310
batch310 1.0 0.0 1000.0
0
# 311
batch311 1.0 0.0 1000.0
0
# 312
batch312 1.0 0.0 1000.0
0
# 313
batch313 1.0 0.0 1000.0
0
# 314
batch314 1.0 0.0 1000.0
0
# 315
batch315 1.0 0.0 1000.0
0
# 316
batch316 1.0 0.0 1000.0
0
# 317
batch317 1.0 0.0 1000.0
0
# 318
batch318 1.0 0.0 1000.0
0
# 319
batch319 1.0 0.0 1000.0
0
# 320
batch320 1.0 0.0 1000.0
0
# 321
batch321 1.0 0.0 1000.0
0
# 322
batch322 1.0 0.0 1000.0
0
# 323
batch323 1.0 0.0 1000.0
0
# 324
batch324 1.0 0.0 1000.0
0
# 325
batch325 1.0 0.0 1000.0
0
# 326
batch326 1.0 0.0 1000.0
0
# 327
batch327 1.0 0.0 1000.0
0
# 328
batch328 1.0 0.0 1000.0
0
# 329
batch329 1.0 0.0 1000.0
0
# 330
batch330 1.0 0.0 1000.0
0
# 331
batch331 1.0 0.0 1000.0
0
# 332
batch332 1.0 0.0 1000.0
0
# 333
batch333 1.0 0.0 1000.0
0
# 334
batch334 1.0 0.0 1000.0
0
# 335
batch335 1.0 0.0 1000.0
0
# 336
batch336 1.0 0.0 1000.0
0
# 337
batch337 1.0 0.0 1000.0
0
# 338
batch338 1.0 0.0 1000.0
0
# 339
batch339 1.0 0.0 1000.0
0
# 340
batch340 1.0 0.0 1000.0
0
# 341
batch341 1.0 0.0 1000.0
0
# 342
batch342 1.0 0.0 1000.0
0
# 343
batch343 1.0 0.0 1000.0
0
# 344
batch344 1.0 0.0 1000.0
0
# 345
batch345 1.0 0.0 1000.0
0
# 346
batch346 1.0 0.0 1000.0
0
# 347
batch347 1.0 0.0 1000.0
0
# 348
batch348 1.0 0.0 1000.0
0
# 349
batch349 1.0 0.0 1000.0
0
# 350
batch350 1.0 0.0 1000.0
0
# 351
batch351 1.0 0.0 1000.0
0
# 352
batch352 1.0 0.0 1000.0
0
# 353
batch353 1.0 0.0 1000.0
0
# 354
batch354 1.0 0.0 1000.0
0
# 355
batch355 1.0 0.0 1000.0
0
# 356
batch356 1.0 0.0 1000.0
0
# 357
batch357 1.0 0.0 1000.0
0
# 358
batch358 1.0 0.0 1000.0
0
# 359
batch359 1.0 0.0 1000.0
0
# 360
batch360 1.0 0.0 1000.0
0
# 361
batch361 1.0 0.0 1000.0
0
# 362
batch362 1.0 0.0 1000.0
0
# 363
batch363 1.0 0.0 1000.0
0
# 364
batch364 1.0 0.0 1000.0
0
# 365
batch365 1.0 0.0 1000.0
0
# 366
batch366 1.0 0.0 1000.0
0
# 367
batch367 1.0 0.0 1000.0
0
# 368
batch368 1.0 0.0 1000.0
0
# 369
batch369 1.0 0.0 1000.0
0
# 370
batch370 1.0 0.0 1000.0
0
# 371
batch371 1.0 0.0 1000.0
0
# 372
batch372 1.0 0.0 1000.0
0
# 373
batch373 1.0 0.0 1000.0
0
# 374
batch374 1.0 0.0 1000.0
0
# 375
batch375 1.0 0.0 1000.0
0
# 376
batch376 1.0 0.0 1000.0
0
# 377
batch377 1.0 0.0 1000.0
0
# 378
batch378 1.0 0.0 1000.0
0
# 379
batch379 1.0 0.0 1000.0
0
# 380
batch380 1.0 0.0 1000.0
0
# 381
batch381 1.0 0.0 1000.0
0
# 382
batch382 1.0 0.0 1000.0
0
# 383
batch383 1.0 0.0 1000.0
0
# 384
batch384 1.0 0.0 1000.0
0
# 385
batch385 1.0 0.0 1000.0
0
# 386
batch386 1.0 0.0 1000.0
0
# 387
batch387 1.0 0.0 1000.0
0
# 388
batch388 1.0 0.0 1000.0
0
# 389
batch389 1.0 0.0 1000.0
0
# 390
batch390 1.0 0.0 1000.0
0
# 391
batch391 1.0 0.0 1000.0
0
# 392
batch392 1.0 0.0 1000.0
0
# 393
batch393 1.0 0.0 1000.0
0
# 394
batch394 1.0 0.0 1000.0
0
# 395
batch395 1.0 0.0 1000.0
0
# 396
batch396 1.0 0.0 1000.0
0
# 397
batch397 1.0 0.0 1000.0
0
# 398
batch398 1.0 0.0 1000.0
0
# 399
batch399 1.0 0.0 1000.0
0
# 400
batch400 1.0 0.0 1000.0
0
# 401
batch401 1.0 0.0 1000.0
0
# 402
batch402 1.0 0.0 1000.0
0
# 403
batch403 1.0 0.0 1000.0
0
# 404
batch404 1.0 0.0 1000.0
0
# 405
batch405 1.0 0.0 1000.0
0
# 406
batch406 1.0 0.0 1000.0
0
# 407
batch407 1.0 0.0 1000.0
0
# 408
batch408 1.0 0.0 1000.0
0
# 409
batch409 1.0 0.0 1000.0
0
# 410
batch410 1.0 0.0 1000.0
0
# 411
batch411 1.0 0.0 1000.0
0
# 412
batch412 1.0 0.0 1000.0
0
# 413
batch413 1.0 0.0 1000.0
0
# 414
batch414 1.0 0.0 1000.0
0
# 415
batch415 1.0 0.0 1000.0
0
# 416
batch416 1.0 0.0 1000.0
0
# 417
batch417 1.0 0.0 1000.0
0
# 418
batch418 1.0 0.0 1000.0
0
# 419
batch419 1.0 0.0 1000.0
0
# 420
batch420 1.0 0.0 1000.0
0
# 421
batch421 1.0 0.0 1000.0
0
# 422
batch422 1.0 0.0 1000.0
0
# 423
batch423 1.0 0.0 1000.0
0
# 424
batch424 1.0 0.0 1000.0
0
# 425
batch425 1.0 0.0 1000.0
0
# 426
batch426 1.0 0.0 1000.0
0
# 427
batch427 1.0 0.0 1000.0
0
# 428
batch428 1.0 0.0 1000.0
0
# 429
batch429 1.0 0.0 1000.0
0
# 430
batch430 1.0 0.0 1000.0
0
# 431
batch431 1.0 0.0 1000.0
0
# 432
batch432 1.0 0.0 1000.0
0
# 433
batch433 1.0 0.0 1000.0
0
# 434
batch434 1.0 0.0 1000.0
0
# 435
batch435 1.0 0.0 1000.0
0
# 436
batch436 1.0 0.0 1000.0
0
# 437
batch437 1.0 0.0 1000.0
0
# 438
batch438 1.0 0.0 1000.0
0
# 439
batch439 1.0 0.0 1000.0
0
# 440
batch440 1.0 0.0 1000.0
0
# 441
batch441 1.0 0.0 1000.0
0
# 442
batch442 1.0 0.0 1000.0
0
# 443
batch443 1.0 0.0 1000.0
0
# 444
batch444 1.0 0.0 1000.0
0
# 445
batch445 1.0 0.0 1000.0
0
# 446
batch446 1.0 0.0 1000.0
0
# 447
batch447 1.0 0.0 1000.0
0
# 448
batch448 1.0 0.0 1000.0
0
# 449
batch449 1.0 0.0 1000.0
0
# 450
batch450 1.0 0.0 1000.0
0
# 451
batch451 1.0 0.0 1000.0
0
# 452
batch452 1.0 0.0 1000.0
0
# 453
batch453 1.0 0.0 1000.0
0
# 454
batch454 1.0 0.0 1000.0
0
# 455
batch455 1.0 0.0 1000.0
0
# 456
batch456 1.0 0.0 1000.0
0
# 457
batch457 1.0 0.0 1000.0
0
# 458
batch458 1.0 0.0 1000.0
0
# 459
batch459 1.0 0.0 1000.0
0
# 460
batch460 1.0 0.0 1000.0
0
# 461
batch461 1.0 0.0 1000.0
0
# 462
batch462 1.0 0.0 1000.0
0
# 463
batch463 1.0 0.0 1000.0
0
# 464
batch464 1.0 0.0 1000.0
0
# 465
batch465 1.0 0.0 1000.0
0
# 466
batch466 1.0 0.0 1000.0
0
# 467
batch467 1.0 0.0 1000.0
0
# 468
batch468 1.0 0.0 1000.0
0
# 469
batch469 1.0 0.0 1000.0
0
# 470
batch470 1.0 0.0 1000.0
0
# 471
batch471 1.0 0.0 1000.0
0
# 472
batch472 1.0 0.0 1000.0
0
# 473
batch473 1.0 0.0 1000.0
0
# 474
batch474 1.0 0.0 1000.0
0
# 475
batch475 1.0 0.0 1000.0
0
# 476
batch476 1.0 0.0 1000.0
0
# 477
batch477 1.0 0.0 1000.0
0
# 478
batch478 1.0 0.0 1000.0
0
# 479
batch479 1.0 0.0 1000.0
0
# 480
batch480 1.0 0.0 1000.0
0
# 481
batch481 1.0 0.0 1000.0
0
# 482
batch482 1.0 0.0 1000.0
0
# 483
batch483 1.0 0.0 1000.0
0
# 484
batch484 1.0 0.0 1000.0
0
# 485
batch485 1.0 0.0 1000.0
0
# 486
batch486 1.0 0.0 1000.0
0
# 487
batch487 1.0 0.0 1000.0
0
# 488
batch488 1.0 0.0 1000.0
0
# 489
batch489 1.0 0.0 1000.0
0
# 490
batch490 1.0 0.0 1000.0
0
# 491
batch491 1.0 0.0 1000.0
0
# 492
batch492 1.0 0.0 1000.0
0
# 493
batch493 1.0 0.0 1000.0
0
# 494
batch494 1.0 0.0 1000.0
0
# 495
batch495 1.0 0.0 1000.0
0
# 496
batch496 1.0 0.0 1000.0
0
# 497
batch497 1.0 0.0 1000.0
0
# 498
batch498 1.0 0.0 1000.0
0
# 499
batch499 1.0 0.0 1000.0
0
# 500
batch500 1.0 0.0 1000.0
0
# 501
batch501 1.0 0.0 1000.0
0
# 502
batch502 1.0 0.0 1000.0
0
# 503
batch503 1.0 0.0 1000.0
0
# 504
batch504 1.0 0.0 1000.0
0
# 505
batch505 1.0 0.0 1000.0
0
# 506
batch506 1.0 0.0 1000.0
0
# 507
batch507 1.0 0.0 1000.0
0
# 508
batch508 1.0 0.0 1000.0
0
# 509
batch509 1.0 0.0 1000.0
0
# 510
batch510 1.0 0.0 1000.0
0
# 511
batch511 1.0 0.0 1000.0
0
# 512
batch512 1.0 0.0 1000.0
0
# 513
batch513 1.0 0.0 1000.0
0
# 514
batch514 1.0 0.0 1000.0
0
# 515
batch515 1.0 0.0 1000.0
0
# 516
batch516 1.0 0.0 1000.0
0
# 517
batch517 1.0 0.0 1000.0
0
# 518
batch518 1.0 0.0 1000.0
0
# 519
batch519 1.0 0.0 1000.0
0
# 520
batch520 1.0 0.0 1000.0
0
# 521
batch521 1.0 0.0 1000.0
0
# 522
batch522 1.0 0.0 1000.0
0
# 523
batch523 1.0 0.0 1000.0
0
# 524
batch524 1.0 0.0 1000.0
0
# 525
batch525 1.0 0.0 1000.0
0
# 526
batch526 1.0 0.0 1000.0
0
# 527
batch527 1.0 0.0 1000.0
0
# 528
batch528 1.0 0.0 1000.0
0
# 529
batch529 1.0 0.0 1000.0
0
# 530
batch530 1.0 0.0 1000.0
0
# 531
batch531 1.0 0.0 1000.0
0
# 532
batch532 1.0 0.0 1000.0
0
# 533
batch533 1.0 0.0 1000.0
0
# 534
batch534 1.0 0.0 1000.0
0
# 535
batch535 1.0 0.0 1000.0
0
# 536
batch536 1.0 0.0 1000.0
0
# 537
batch537 1.0 0.0 1000.0
0
# 538
batch538 1.0 0.0 1000.0
0
# 539
batch539 1.0 0.0 1000.0
0
# 540
batch540 1.0 0.0 1000.0
0
# 541
batch541 1.0 0.0 1000.0
0
# 542
batch542 1.0 0.0 1000.0
0
# 543
batch543 1.0 0.0 1000.0
0
# 544
batch544 1.0 0.0 1000.0
0
# 545
batch545 1.0 0.0 1000.0
0
# 546
batch546 1.0 0.0 1000.0
0
# 547
batch547 1.0 0.0 1000.0
0
# 548
batch548 1.0 0.0 1000.0
0
# 549
batch549 1.0 0.0 1000.0
0
# 550
batch550 1.0 0.0 1000.0
0
# 551
batch551 1.0 0.0 1000.0
0
# 552
batch552 1.0 0.0 1000.0
0
# 553
batch553 1.0 0.0 1000.0
0
# 554
batch554 1.0 0.0 1000.0
0
# 555
batch555 1.0 0.0 1000.0
0
# 556
batch556 1.0 0.0 1000.0
0
# 557
batch557 1.0 0.0 1000.0
0
# 558
batch558 1.0 0.0 1000.0
0
# 559
batch559 1.0 0.0 1000.0
0
# 560
batch560 1.0 0.0 1000.0
0
# 561
batch561 1.0 0.0 1000.0
0
# 562
batch562 1.0 0.0 1000.0
0
# 563
batch563 1.0 0.0 1000.0
0
# 564
batch564 1.0 0.0 1000.0
0
# 565
batch565 1.0 0.0 1000.0
0
# 566
batch566 1.0 0.0 1000.0
0
# 567
batch567 1.0 0.0 1000.0
0
# 568
batch568 1.0 0.0 1000.0
0
# 569
batch569 1.0 0.0 1000.0
0
# 570
batch570 1.0 0.0 1000.0
0
# 571
batch571 1.0 0.0 1000.0
0
# 572
batch572 1.0 0.0 1000.0
0
# 573
batch573 1.0 0.0 1000.0
0
# 574
batch574 1.0 0.0 1000.0
0
# 575
batch575 1.0 0.0 1000.0
0
# 576
batch576 1.0 0.0 1000.0
0
# 577
batch577 1.0 0.0 1000.0
0
# 578
batch578 1.0 0.0 1000.0
0
# 579
batch579 1.0 0.0 1000.0
0
# 580
batch580 1.0 0.0 1000.0
0
# 581
batch581 1.0 0.0 1000.0
0
# 582
batch582 1.0 0.0 1000.0
0
# 583
batch583 1.0 0.0 1000.0
0
# 584
batch584 1.0 0.0 1000.0
0
# 585
batch585 1.0 0.0 1000.0
0
# 586
batch586 1.0 0.0 1000.0
0
# 587
batch587 1.0 0.0 1000.0
0
# 588
batch588 1.0 0.0 1000.0
0
# 589
batch589 1.0 0.0 1000.0
0
# 590
batch590 1.0 0.0 1000.0
0
# 591
batch591 1.0 0.0 1000.0
0
# 592
batch592 1.0 0.0 1000.0
0
# 593
batch593 1.0 0.0 1000.0
0
# 594
batch594 1.0 0.0 1000.0
0
# 595
batch595 1.0 0.0 1000.0
0
# 596
batch596 1.0 0.0 1000.0
0
# 597
batch597 1.0 0.0 1000.0
0
# 598
batch598 1.0 0.0 1000.0
0
# 599
batch599 1.0 0.0 1000.0
0
# 600
batch600 1.0 0.0 1000.0
0
# 601
batch601 1.0 0.0 1000.0
0
# 602
batch602 1.0 0.0 1000.0
0
# 603
batch603 1.0 0.0 1000.0
0
# 604
batch604 1.0 0.0 1000.0
0
# 605
batch605 1.0 0.0 1000.0
0
# 606
batch606 1.0 0.0 1000.0
0
# 607
batch607 1.0 0.0 1000.0
0
# 608
batch608 1.0 0.0 1000.0
0
# 609
batch609 1.0 0.0 1000.0
0
# 610
batch610 1.0 0.0 1000.0
0
# 611
batch611 1.0 0.0 1000.0
0
# 612
batch612 1.0 0.0 1000.0
0
# 613
batch613 1.0 0.0 1000.0
0
# 614
batch614 1.0 0.0 1000.0
0
# 615
batch615 1.0 0.0 1000.0
0
# 616
batch616 1.0 0.0 1000.0
0
# 617
batch617 1.0 0.0 1000.0
0
# 618
batch618 1.0 0.0 1000.0
0
# 619
batch619 1.0 0.0 1000.0
0
# 620
batch620 1.0 0.0 1000.0
0
# 621
batch621 1.0 0.0 1000.0
0
# 622
batch622 1.0 0.0 1000.0
0
# 623
batch623 1.0 0.0 1000.0
0
# 624
batch624 1.0 0.0 1000.0
0
# 625
batch625 1.0 0.0 1000.0
0
# 626
batch626 1.0 0.0 1000.0
0
# 627
batch627 1.0 0.0 1000.0
0
# 628
batch628 1.0 0.0 1000.0
0
# 629
batch629 1.0 0.0 1000.0
0
# 630
batch630 1.0 0.0 1000.0
0
# 631
batch631 1.0 0.0 1000.0
0
# 632
batch632 1.0 0.0 1000.0
0
# 633
batch633 1.0 0.0 1000.0
0
# 634
batch634 1.0 0.0 1000.0
0
# 635
batch635 1.0 0.0 1000.0
0
# 636
batch636 1.0 0.0 1000.0
0
# 637
batch637 1.0 0.0 1000.0
0
# 638
batch638 1.0 0.0 1000.0
0
# 639
batch639 1.0 0.0 1000.0
0
# 640
batch640 1.0 0.0 1000.0
0
# 641
batch641 1.0 0.0 1000.0
0
# 642
batch642 1.0 0.0 1000.0
0
# 643
batch643 1.0 0.0 1000.0
0
# 644
batch644 1.0 0.0 1000.0
0
# 645
batch645 1.0 0.0 1000.0
0
# 646
batch646 1.0 0.0 1000.0
0
# 647
batch647 1.0 0.0 1000.0
0
# 648
batch648 1.0 0.0 1000.0
0
# 649
batch649 1.0 0.0 1000.0
0
# 650
batch650 1.0 0.0 1000.0
0
# 651
batch651 1.0 0.0 1000.0
0
# 652
batch652 1.0 0.0 1000.0
0
# 653
batch653 1.0 0.0 1000.0
0
# 654
batch654 1.0 0.0 1000.0
0
# 655
batch655 1.0 0.0 1000.0
0
# 656
batch656 1.0 0.0 1000.0
0
# 657
batch657 1.0 0.0 1000.0
0
# 658
batch658 1.0 0.0 1000.0
0
# 659
batch659 1.0 0.0 1000.0
0
# 660
batch660 1.0 0.0 1000.0
0
# 661
batch661 1.0 0.0 1000.0
0
# 662
batch662 1.0 0.0 1000.0
0
# 663
batch663 1.0 0.0 1000.0
0
# 664
batch664 1.0 0.0 1000.0
0
# 665
batch665 1.0 0.0 1000.0
0
# 666
batch666 1.0 0.0 1000.0
0
# 667
batch667 1.0 0.0 1000.0
0
# 668
batch668 1.0 0.0 1000.0
0
# 669
batch669 1.0 0.0 1000.0
0
# 670
batch670 1.0 0.0 1000.0
0
# 671
batch671 1.0 0.0 1000.0
0
# 672
batch672 1.0 0.0 1000.0
0
# 673
batch673 1.0 0.0 1000.0
0
# 674
batch674 1.0 0.0 1000.0
0
# 675
batch675 1.0 0.0 1000.0
0
# 676
batch676 1.0 0.0 1000.0
0
# 677
batch677 1.0 0.0 1000.0
0
# 678
batch678 1.0 0.0 1000.0
0
# 679
batch679 1.0 0.0 1000.0
0
# 680
batch680 1.0 0.0 1000.0
0
# 681
batch681 1.0 0.0 1000.0
0
# 682
batch682 1.0 0.0 1000.0
0
# 683
batch683 1.0 0.0 1000.0
0
# 684
batch684 1.0 0.0 1000.0
0
# 685
batch685 1.0 0.0 1000.0
0
# 686
batch686 1.0 0.0 1000.0
0
# 687
batch687 1.0 0.0 1000.0
0
# 688
batch688 1.0 0.0 1000.0
0
# 689
batch689 1.0 0.0 1000.0
0
# 690
batch690 1.0 0.0 1000.0
0
# 691
batch691 1.0 0.0 1000.0
0
# 692
batch692 1.0 0.0 1000.0
0
# 693
batch693 1.0 0.0 1000.0
0
# 694
batch694 1.0 0.0 1000.0
0
# 695
batch695 1.0 0.0 1000.0
0
# 696
batch696 1.0 0.0 1000.0
0
# 697
batch697 1.0 0.0 1000.0
0
# 698
batch698 1.0 0.0 1000.0
0
# 699
batch699 1.0 0.0 1000.0
0
# 700
batch700 1.0 0.0 1000.0
0
# 701
batch701 1.0 0.0 1000.0
0
# 702
batch702 1.0 0.0 1000.0
0
# 703
batch703 1.0 0.0 1000.0
0
# 704
batch704 1.0 0.0 1000.0
0
# 705
batch705 1.0 0.0 1000.0
0
# 706
batch706 1.0 0.0 1000.0
0
# 707
batch707 1.0 0.0 1000.0
0
# 708
batch708 1.0 0.0 1000.0
0
# 709
batch709 1.0 0.0 1000.0
0
# 710
batch710 1.0 0.0 1000.0
0
# 711
batch711 1.0 0.0 1000.0
0
# 712
batch712 1.0 0.0 1000.0
0
# 713
batch713 1.0 0.0 1000.0
0
# 714
batch714 1.0 0.0 1000.0
0
# 715
batch715 1.0 0.0 1000.0
0
# 716
batch716 1.0 0.0 1000.0
0
# 717
batch717 1.0 0.0 1000.0
0
# 718
batch718 1.0 0.0 1000.0
0
# 719
batch719 1.0 0.0 1000.0
0
# 720
batch720 1.0 0.0 1000.0
0
# 721
batch721 1.0 0.0 1000.0
0
# 722
batch722 1.0 0.0 1000.0
0
# 723
batch723 1.0 0.0 1000.0
0
# 724
batch724 1.0 0.0 1000.0
0
# 725
batch725 1.0 0.0 1000.0
0
# 726
batch726 1.0 0.0 1000.0
0
# 727
batch727 1.0 0.0 1000.0
0
# 728
batch728 1.0 0.0 1000.0
0
# 729
batch729 1.0 0.0 1000.0
0
# 730
batch730 1.0 0.0 1000.0
0
# 731
batch731 1.0 0.0 1000.0
0
# 732
batch732 1.0 0.0 1000.0
0
# 733
batch733 1.0 0.0 1000.0
0
# 734
batch734 1.0 0.0 1000.0
0
# 735
batch735 1.0 0.0 1000.0
0
# 736
batch736 1.0 0.0 1000.0
0
# 737
batch737 1.0 0.0 1000.0
0
# 738
batch738 1.0 0.0 1000.0
0
# 739
batch739 1.0 0.0 1000.0
0
# 740
batch740 1.0 0.0 1000.0
0
# 741
batch741 1.0 0.0 1000.0
0
# 742
batch742 1.0 0.0 1000.0
0
# 743
batch743 1.0 0.0 1000.0
0
# 744
batch744 1.0 0.0 1000.0
0
# 745
batch745 1.0 0.0 1000.0
0
# 746
batch746 1.0 0.0 1000.0
0
# 747
batch747 1.0 0.0 1000.0
0
# 748
batch748 1.0 0.0 1000.0
0
# 749
batch749 1.0 0.0 1000.0
0
# 750
batch750 1.0 0.0 1000.0
0
# 751
batch751 1.0 0.0 1000.0
0
# 752
batch752 1.0 0.0 1000.0
0
# 753
batch753 1.0 0.0 1000.0
0
# 754
batch754 1.0 0.0 1000.0
0
# 755
batch755 1.0 0.0 1000.0
0
# 756
batch756 1.0 0.0 1000.0
0
# 757
batch757 1.0 0.0 1000.0
0
# 758
batch758 1.0 0.0 1000.0
0
# 759
batch759 1.0 0.0 1000.0
0
# 760
batch760 1.0 0.0 1000.0
0
# 761
batch761 1.0 0.0 1000.0
0
# 762
batch762 1.0 0.0 1000.0
0
# 763
batch763 1.0 0.0 1000.0
0
# 764
batch764 1.0 0.0 1000.0
0
# 765
batch765 1.0 0.0 1000.0
0
# 766
batch766 1.0 0.0 1000.0
0
# 767
batch767 1.0 0.0 1000.0
0
# 768
batch768 1.0 0.0 1000.0
0
# 769
batch769 1.0 0.0 1000.0
0
# 770
batch770 1.0 0.0 1000.0
0
# 771
batch771 1.0 0.0 1000.0
0
# 772
batch772 1.0 0.0 1000.0
0
# 773
batch773 1.0 0.0 1000.0
0
# 774
batch774 1.0 0.0 1000.0
0
# 775
batch775 1.0 0.0 1000.0
0
# 776
batch776 1.0 0.0 1000.0
0
# 777
batch777 1.0 0.0 1000.0
0
# 778
batch778 1.0 0.0 1000.0
0
# 779
batch779 1.0 0.0 1000.0
0
# 780
batch780 1.0 0.0 1000.0
0
# 781
batch781 1.0 0.0 1000.0
0
# 782
batch782 1.0 0.0 1000.0
0
# 783
batch783 1.0 0.0 1000.0
0
# 784
batch784 1.0 0.0 1000.0
0
# 785
batch785 1.0 0.0 1000.0
0
# 786
batch786 1.0 0.0 1000.0
0
# 787
batch787 1.0 0.0 1000.0
0
# 788
batch788 1.0 0.0 1000.0
0
# 789
batch789 1.0 0.0 1000.0
0
# 790
batch790 1.0 0.0 1000.0
0
# 791
batch791 1.0 0.0 1000.0
0
# 792
batch792 1.0 0.0 1000.0
0
# 793
batch793 1.0 0.0 1000.0
0
# 794
batch794 1.0 0.0 1000.0
0
# 795
batch795 1.0 0.0 1000.0
0
# 796
batch796 1.0 0.0 1000.0
0
# 797
batch797 1.0 0.0 1000.0
0
# 798
batch798 1.0 0.0 1000.0
0
# 799
batch799 1.0 0.0 1000.0
0
# 800
batch800 1.0 0.0 1000.0
0
# 801
batch801 1.0 0.0 1000.0
0
# 802
batch802 1.0 0.0 1000.0
0
# 803
batch803 1.0 0.0 1000.0
0
# 804
batch804 1.0 0.0 1000.0
0
# 805
batch805 1.0 0.0 1000.0
0
# 806
batch806 1.0 0.0 1000.0
0
# 807
batch807 1.0 0.0 1000.0
0
# 808
batch808 1.0 0.0 1000.0
0
# 809
batch809 1.0 0.0 1000.0
0
# 810
batch810 1.0 0.0 1000.0
0
# 811
batch811 1.0 0.0 1000.0
0
# 812
batch812 1.0 0.0 1000.0
0
# 813
batch813 1.0 0.0 1000.0
0
# 814
batch814 1.0 0.0 1000.0
0
# 815
batch815 1.0 0.0 1000.0
0
# 816
batch816 1.0 0.0 1000.0
0
# 817
batch817 1.0 0.0 1000.0
0
# 818
batch818 1.0 0.0 1000.0
0
# 819
batch819 1.0 0.0 1000.0
0
# 820
batch820 1.0 0.0 1000.0
0
# 821
batch821 1.0 0.0 1000.0
0
# 822
batch822 1.0 0.0 1000.0
0
# 823
batch823 1.0 0.0 1000.0
0
# 824
batch824 1.0 0.0 1000.0
0
# 825
batch825 1.0 0.0 1000.0
0
# 826
batch826 1.0 0.0 1000.0
0
# 827
batch827 1.0 0.0 1000.0
0
# 828
batch828 1.0 0.0 1000.0
0
# 829
batch829 1.0 0.0 1000.0
0
# 830
batch830 1.0 0.0 1000.0
0
# 831
batch831 1.0 0.0 1000.0
0
# 832
batch832 1.0 0.0 1000.0
0
# 833
batch833 1.0 0.0 1000.0
0
# 834
batch834 1.0 0.0 1000.0
0
# 835
batch835 1.0 0.0 1000.0
0
# 836
batch836 1.0 0.0 1000.0
0
# 837
batch837 1.0 0.0 1000.0
0
# 838
batch838 1.0 0.0 1000.0
0
# 839
batch839 1.0 0.0 1000.0
0
# 840
batch840 1.0 0.0 1000.0
0
# 841
batch841 1.0 0.0 1000.0
0
# 842
batch842 1.0 0.0 1000.0
0
# 843
batch843 1.0 0.0 1000.0
0
# 844
batch844 1.0 0.0 1000.0
0
# 845
batch845 1.0 0.0 1000.0
0
# 846
batch846 1.0 0.0 1000.0
0
# 847
batch847 1.0 0.0 1000.0
0
# 848
batch848 1.0 0.0 1000.0
0
# 849
batch849 1.0 0.0 1000.0
0
# 850
batch850 1.0 0.0 1000.0
0
# 851
batch851 1.0 0.0 1000.0
0
# 852
batch852 1.0 0.0 1000.0
0
# 853
batch853 1.0 0.0 1000.0
0
# 854
batch854 1.0 0.0 1000.0
0
# 855
batch855 1.0 0.0 1000.0
0
# 856
batch856 1.0 0.0 1000.0
0
# 857
batch857 1.0 0.0 1000.0
0
# 858
batch858 1.0 0.0 1000.0
0
# 859
batch859 1.0 0.0 1000.0
0
# 860
batch860 1.0 0.0 1000.0
0
# 861
batch861 1.0 0.0 1000.0
0
# 862
batch862 1.0 0.0 1000.0
0
# 863
batch863 1.0 0.0 1000.0
0
# 864
batch864 1.0 0.0 1000.0
0
# 865
batch865 1.0 0.0 1000.0
0
# 866
batch866 1.0 0.0 1000.0
0
# 867
batch867 1.0 0.0 1000.0
0
# 868
batch868 1.0 0.0 1000.0
0
# 869
batch869 1.0 0.0 1000.0
0
# 870
batch870 1.0 0.0 1000.0
0
# 871
batch871 1.0 0.0 1000.0
0
# 872
batch872 1.0 0.0 1000.0
0
# 873
batch873 1.0 0.0 1000.0
0
# 874
batch874 1.0 0.0 1000.0
0
# 875
batch875 1.0 0.0 1000.0
0
# 876
batch876 1.0 0.0 1000.0
0
# 877
batch877 1.0 0.0 1000.0
0
# 878
batch878 1.0 0.0 1000.0
0
# 879
batch879 1.0 0.0 1000.0
0
# 880
batch880 1.0 0.0 1000.0
0
# 881
batch881 1.0 0.0 1000.0
0
# 882
batch882 1.0 0.0 1000.0
0
# 883
batch883 1.0 0.0 1000.0
0
# 884
batch884 1.0 0.0 1000.0
0
# 885
batch885 1.0 0.0 1000.0
0
# 886
batch886 1.0 0.0 1000.0
0
# 887
batch887 1.0 0.0 1000.0
0
# 888
batch888 1.0 0.0 1000.0
0
# 889
batch889 1.0 0.0 1000.0
0
# 890
batch890 1.0 0.0 1000.0
0
# 891
batch891 1.0 0.0 1000.0
0
# 892
batch892 1.0 0.0 1000.0
0
# 893
batch893 1.0 0.0 1000.0
0
# 894
batch894 1.0 0.0 1000.0
0
# 895
batch895 1.0 0.0 1000.0
0
# 896
batch896 1.0 0.0 1000.0
0
# 897
batch897 1.0 0.0 1000.0
0
# 898
batch898 1.0 0.0 1000.0
0
# 899
batch899 1.0 0.0 1000.0
0
# 900
batch900 1.0 0.0 1000.0
0
# 901
batch901 1.0 0.0 1000.0
0
# 902
batch902 1.0 0.0 1000.0
0
# 903
batch903 1.0 0.0 1000.0
0
# 904
batch904 1.0 0.0 1000.0
0
# 905
batch905 1.0 0.0 1000.0
0
# 906
batch906 1.0 0.0 1000.0
0
# 907
batch907 1.0 0.0 1000.0
0
# 908
batch908 1.0 0.0 1000.0
0
# 909
batch909 1.0 0.0 1000.0
0
# 910
batch910 1.0 0.0 1000.0
0
# 911
batch911 1.0 0.0 1000.0
0
# 912
batch912 1.0 0.0 1000.0
0
# 913
batch913 1.0 0.0 1000.0
0
# 914
batch914 1.0 0.0 1000.0
0
# 915
batch915 1.0 0.0 1000.0
0
# 916
batch916 1.0 0.0 1000.0
0
# 917
batch917 1.0 0.0 1000.0
0
# 918
batch918 1.0 0.0 1000.0
0
# 919
batch919 1.0 0.0 1000.0
0
# 920
batch920 1.0 0.0 1000.0
0
# 921
batch921 1.0 0.0 1000.0
0
# 922
batch922 1.0 0.0 1000.0
0
# 923
batch923 1.0 0.0 1000.0
0
# 924
batch924 1.0 0.0 1000.0
0
# 925
batch925 1.0 0.0 1000.0
0
# 926
batch926 1.0 0.0 1000.0
0
# 927
batch927 1.0 0.0 1000.0
0
# 928
batch928 1.0 0.0 1000.0
0
# 929
batch929 1.0 0.0 1000.0
0
# 930
batch930 1.0 0.0 1000.0
0
# 931
batch931 1.0 0.0 1000.0
0
# 932
batch932 1.0 0.0 1000.0
0
# 933
batch933 1.0 0.0 1000.0
0
# 934
batch934 1.0 0.0 1000.0
0
# 935
batch935 1.0 0.0 1000.0
0
# 936
batch936 1.0 0.0 1000.0
0
# 937
batch937 1.0 0.0 1000.0
0
# 938
batch938 1.0 0.0 1000.0
0
# 939
batch939 1.0 0.0 1000.0
0
# 940
batch940 1.0 0.0 1000.0
0
# 941
batch941 1.0 0.0 1000.0
0
# 942
batch942 1.0 0.0 1000.0
0
# 943
batch943 1.0 0.0 1000.0
0
# 944
batch944 1.0 0.0 1000.0
0
# 945
batch945 1.0 0.0 1000.0
0
# 946
batch946 1.0 0.0 1000.0
0
# 947
batch947 1.0 0.0 1000.0
0
# 948
batch948 1.0 0.0 1000.0
0
# 949
batch949 1.0 0.0 1000.0
0
# 950
batch950 1.0 0.0 1000.0
0
# 951
batch951 1.0 0.0 1000.0
0
# 952
batch952 1.0 0.0 1000.0
0
# 953
batch953 1.0 0.0 1000.0
0
# 954
batch954 1.0 0.0 1000.0
0
# 955
batch955 1.0 0.0 1000.0
0
# 956
batch956 1.0 0.0 1000.0
0
# 957
batch957 1.0 0.0 1000.0
0
# 958
batch958 1.0 0.0 1000.0
0
# 959
batch959 1.0 0.0 1000.0
0
# 960
batch960 1.0 0.0 1000.0
0
# 961
batch961 1.0 0.0 1000.0
0
# 962
batch962 1.0 0.0 1000.0
0
# 963
batch963 1.0 0.0 1000.0
0
# 964
batch964 1.0 0.0 1000.0
0
# 965
batch965 1.0 0.0 1000.0
0
# 966
batch966 1.0 0.0 1000.0
0
# 967
batch967 1.0 0.0 1000.0
0
# 968
batch968 1.0 0.0 1000.0
0
# 969
batch969 1.0 0.0 1000.0
0
# 970
batch970 1.0 0.0 1000.0
0
# 971
batch971 1.0 0.0 1000.0
0
# 972
batch972 1.0 0.0 1000.0
0
# 973
batch973 1.0 0.0 1000.0
0
# 974
batch974 1.0 0.0 1000.0
0
# 975
batch975 1.0 0.0 1000.0
0
# 976
batch976 1.0 0.0 1000.0
0
# 977
batch977 1.0 0.0 1000.0
0
# 978
batch978 1.0 0.0 1000.0
0
# 979
batch979 1.0 0.0 1000.0
0
# 980
batch980 1.0 0.0 1000.0
0
# 981
batch981 1.0 0.0 1000.0
0
# 982
batch982 1.0 0.0 1000.0
0
# 983
batch983 1.0 0.0 1000.0
0
# 984
batch984 1.0 0.0 1000.0
0
# 985
batch985 1.0 0.0 1000.0
0
# 986
batch986 1.0 0.0 1000.0
0
# 987
batch987 1.0 0.0 1000.0
0
# 988
batch988 1.0 0.0 1000.0
0
# 989
batch989 1.0 0.0 1000.0
0
# 990
batch990 1.0 0.0 1000.0
0
# 991
batch991 1.0 0.0 1000.0
0
# 992
batch992 1.0 0.0 1000.0
0
# 993
batch993 1.0 0.0 1000.0
0
# 994
batch994 1.0 0.0 1000.0
0
# 995
batch995 1.0 0.0 1000.0
0
# 996
batch996 1.0 0.0 1000.0
0
# 997
batch997 1.0 0.0 1000.0
0
# 998
batch998 1.0 0.0 1000.0
0
# 999
batch999 1.0 0.0 1000.0
0
# 1000
batch1000 1.0 0.0 1000.0
0
# 1001
batch1001 1.0 0.0 1000.0
0
# 1002
batch1002 1.0 0.0 1000.0
0
# 1003
batch1003 1.0 0.0 1000.0
0
# 1004
batch1004 1.0 0.0 1000.0
0
# 1005
batch1005 1.0 0.0 1000.0
0
# 1006
batch1006 1.0 0.0 1000.0
0
# 1007
batch1007 1.0 0.0 1000.0
0
# 1008
batch1008 1.0 0.0 1000.0
0
# 1009
batch1009 1.0 0.0 1000.0
0
# 1010
batch1010 1.0 0.0 1000.0
0
# 1011
batch1011 1.0 0.0 1000.0
0
# 1012
batch1012 1.0 0.0 1000.0
0
# 1013
batch1013 1.0 0.0 1000.0
0
# 1014
batch1014 1.0 0.0 1000.0
0
# 1015
batch1015 1.0 0.0 1000.0
0
# 1016
batch1016 1.0 0.0 1000.0
0
# 1017
batch1017 1.0 0.0 1000.0
0
# 1018
batch1018 1.0 0.0 1000.0
0
# 1019
batch1019 1.0 0.0 1000.0
0
# 1020
batch1020 1.0 0.0 1000.0
0
# 1021
batch1021 1.0 0.0 1000.0
0
# 1022
batch1022 1.0 0.0 1000.0
0
# 1023
batch1023 1.0 0.0 1000.0
0
# 1024
batch1024 1.0 0.0 1000.0
0
# 1025
batch1025 1.0 0.0 1000.0
0
# 1026
batch1026 1.0 0.0 1000.0
0
# 1027
batch1027 1.0 0.0 1000.0
0
# 1028
batch1028 1.0 0.0 1000.0
0
# 1029
batch1029 1.0 0.0 1000.0
0
# 1030
batch1030 1.0 0.0 1000.0
0
# 1031
batch1031 1.0 0.0 1000.0
0
# 1032
batch1032 1.0 0.0 1000.0
0
# 1033
batch1033 1.0 0.0 1000.0
0
# 1034
batch1034 1.0 0.0 1000.0
0
# 1035
batch1035 1.0 0.0 1000.0
0
# 1036
batch1036 1.0 0.0 1000.0
0
# 1037
batch1037 1.0 0.0 1000.0
0
# 1038
batch1038 1.0 0.0 1000.0
0
# 1039
batch1039 1.0 0.0 1000.0
0
# 1040
batch1040 1.0 0.0 1000.0
0
# 1041
batch1041 1.0 0.0 1000.0
0
# 1042
batch1042 1.0 0.0 1000.0
0
# 1043
batch1043 1.0 0.0 1000.0
0
# 1044
batch1044 1.0 0.0 1000.0
0
# 1045
batch1045 1.0 0.0 1000.0
0
# 1046
batch1046 1.0 0.0 1000.0
0
# 1047
batch1047 1.0 0.0 1000.0
0
# 1048
batch1048 1.0 0.0 1000.0
0
# 1049
batch1049 1.0 0.0 1000.0
0
# 1050
batch1050 1.0 0.0 1000.0
0
# 1051
batch1051 1.0 0.0 1000.0
0
# 1052
batch1052 1.0 0.0 1000.0
0
# 1053
batch1053 1.0 0.0 1000.0
0
# 1054
batch1054 1.0 0.0 1000.0
0
# 1055
batch1055 1.0 0.0 1000.0
0
# 1056
batch1056 1.0 0.0 1000.0
0
# 1057
batch1057 1.0 0.0 1000.0
0
# 1058
batch1058 1.0 0.0 1000.0
0
# 1059
batch1059 1.0 0.0 1000.0
0
# 1060
batch1060 1.0 0.0 1000.0
0
# 1061
batch1061 1.0 0.0 1000.0
0
# 1062
batch1062 1.0 0.0 1000.0
0
# 1063
batch1063 1.0 0.0 1000.0
0
# 1064
batch1064 1.0 0.0 1000.0
0
# 1065
batch1065 1.0 0.0 1000.0
0
# 1066
batch1066 1.0 0.0 1000.0
0
# 1067
batch1067 1.0 0.0 1000.0
0
# 1068
batch1068 1.0 0.0 1000.0
0
# 1069
batch1069 1.0 0.0 1000.0
0
# 1070
batch1070 1.0 0.0 1000.0
0
# 1071
batch1071 1.0 0.0 1000.0
0
# 1072
batch1072 1.0 0.0 1000.0
0
# 1073
batch1073 1.0 0.0 1000.0
0
# 1074
batch1074 1.0 0.0 1000.0
0
# 1075
batch1075 1.0 0.0 1000.0
0
# 1076
batch1076 1.0 0.0 1000.0
0
# 1077
batch1077 1.0 0.0 1000.0
0
# 1078
batch1078 1.0 0.0 1000.0
0
# 1079
batch1079 1.0 0.0 1000.0
0
# 1080
batch1080 1.0 0.0 1000.0
0
# 1081
batch1081 1.0 0.0 1000.0
0
# 1082
batch1082 1.0 0.0 1000.0
0
# 1083
batch1083 1.0 0.0 1000.0
0
# 1084
batch1084 1.0 0.0 1000.0
0
# 1085
batch1085 1.0 0.0 1000.0
0
# 1086
batch1086 1.0 0.0 1000.0
0
# 1087
batch1087 1.0 0.0 1000.0
0
# 1088
batch1088 1.0 0.0 1000.0
0
# 1089
batch1089 1.0 0.0 1000.0
0
# 1090
batch1090 1.0 0.0 1000.0
0
# 1091
batch1091 1.0 0.0 1000.0
0
# 1092
batch1092 1.0 0.0 1000.0
0
# 1093
batch1093 1.0 0.0 1000.0
0
# 1094
batch1094 1.0 0.0 1000.0
0
# 1095
batch1095 1.0 0.0 1000.0
0
# 1096
batch1096 1.0 0.0 1000.0
0
# 1097
batch1097 1.0 0.0 1000.0
0
# 1098
batch1098 1.0 0.0 1000.0
0
# 1099
batch1099 1.0 0.0 1000.0
0
# 1100
batch1100 1.0 0.0 1000.0
0
# 1101
batch1101 1.0 0.0 1000.0
0
# 1102
batch1102 1.0 0.0 1000.0
0
# 1103
batch1103 1.0 0.0 1000.0
0
# 1104
batch1104 1.0 0.0 1000.0
0
# 1105
batch1105 1.0 0.0 1000.0
0
# 1106
batch1106 1.0 0.0 1000.0
0
# 1107
batch1107 1.0 0.0 1000.0
0
# 1108
batch1108 1.0 0.0 1000.0
0
# 1109
batch1109 1.0 0.0 1000.0
0
# 1110
batch1110 1.0 0.0 1000.0
0
# 1111
batch1111 1.0 0.0 1000.0
0
# 1112
batch1112 1.0 0.0 1000.0
0
# 1113
batch1113 1.0 0.0 1000.0
0
# 1114
batch1114 1.0 0.0 1000.0
0
# 1115
batch1115 1.0 0.0 1000.0
0
# 1116
batch1116 1.0 0.0 1000.0
0
# 1117
batch1117 1.0 0.0 1000.0
0
# 1118
batch1118 1.0 0.0 1000.0
0
# 1119
batch1119 1.0 0.0 1000.0
0
# 1120
batch1120 1.0 0.0 1000.0
0
# 1121
batch1121 1.0 0.0 1000.0
0
# 1122
batch1122 1.0 0.0 1000.0
0
# 1123
batch1123 1.0 0.0 1000.0
0
# 1124
batch1124 1.0 0.0 1000.0
0
# 1125
batch1125 1.0 0.0 1000.0
0
# 1126
batch1126 1.0 0.0 1000.0
0
# 1127
batch1127 1.0 0.0 1000.0
0
# 1128
batch1128 1.0 0.0 1000.0
0
# 1129
batch1129 1.0 0.0 1000.0
0
# 1130
batch1130 1.0 0.0 1000.0
0
# 1131
batch1131 1.0 0.0 1000.0
0
# 1132
batch1132 1.0 0.0 1000.0
0
# 1133
batch1133 1.0 0.0 1000.0
0
# 1134
batch1134 1.0 0.0 1000.0
0
# 1135
batch1135 1.0 0.0 1000.0
0
# 1136
batch1136 1.0 0.0 1000.0
0
# 1137
batch1137 1.0 0.0 1000.0
0
# 1138
batch1138 1.0 0.0 1000.0
0
# 1139
batch1139 1.0 0.0 1000.0
0
# 1140
batch1140 1.0 0.0 1000.0
0
# 1141
batch1141 1.0 0.0 1000.0
0
# 1142
batch1142 1.0 0.0 1000.0
0
# 1143
batch1143 1.0 0.0 1000.0
0
# 1144
batch1144 1.0 0.0 1000.0
0
# 1145
batch1145 1.0 0.0 1000.0
0
# 1146
batch1146 1.0 0.0 1000.0
0
# 1147
batch1147 1.0 0.0 1000.0
0
# 1148
batch1148 1.0 0.0 1000.0
0
# 1149
batch1149 1.0 0.0 1000.0
0
# 1150
batch1150 1.0 0.0 1000.0
0
# 1151
batch1151 1.0 0.0 1000.0
0
# 1152
batch1152 1.0 0.0 1000.0
0
# 1153
batch1153 1.0 0.0 1000.0
0
# 1154
batch1154 1.0 0.0 1000.0
0
# 1155
batch1155 1.0 0.0 1000.0
0
# 1156
batch1156 1.0 0.0 1000.0
0
# 1157
batch1157 1.0 0.0 1000.0
0
# 1158
batch1158 1.0 0.0 1000.0
0
# 1159
batch1159 1.0 0.0 1000.0
0
# 1160
batch1160 1.0 0.0 1000.0
0
# 1161
batch1161 1.0 0.0 1000.0
0
# 1162
batch1162 1.0 0.0 1000.0
0
# 1163
batch1163 1.0 0.0 1000.0
0
# 1164
batch1164 1.0 0.0 1000.0
0
# 1165
batch1165 1.0 0.0 1000.0
0
# 1166
batch1166 1.0 0.0 1000.0
0
# 1167
batch1167 1.0 0.0 1000.0
0
# 1168
batch1168 1.0 0.0 1000.0
0
# 1169
batch1169 1.0 0.0 1000.0
0
# 1170
batch1170 1.0 0.0 1000.0
0
# 1171
batch1171 1.0 0.0 1000.0
0
# 1172
batch1172 1.0 0.0 1000.0
0
# 1173
batch1173 1.0 0.0 1000.0
0
# 1174
batch1174 1.0 0.0 1000.0
0
# 1175
batch1175 1.0 0.0 1000.0
0
# 1176
batch1176 1.0 0.0 1000.0
0
# 1177
batch1177 1.0 0.0 1000.0
0
# 1178
batch1178 1.0 0.0 1000.0
0
# 1179
batch1179 1.0 0.0 1000.0
0
# 1180
batch1180 1.0 0.0 1000.0
0
# 1181
batch1181 1.0 0.0 1000.0
0
# 1182
batch1182 1.0 0.0 1000.0
0
# 1183
batch1183 1.0 0.0 1000.0
0
# 1184
batch1184 1.0 0.0 1000.0
0
# 1185
batch1185 1.0 0.0 1000.0
0
# 1186
batch1186 1.0 0.0 1000.0
0
# 1187
batch1187 1.0 0.0 1000.0
0
# 1188
batch1188 1.0 0.0 1000.0
0
# 1189
batch1189 1.0 0.0 1000.0
0
# 1190
batch1190 1.0 0.0 1000.0
0
# 1191
batch1191 1.0 0.0 1000.0
0
# 1192
batch1192 1.0 0.0 1000.0
0
# 1193
batch1193 1.0 0.0 1000.0
0
# 1194
batch1194 1.0 0.0 1000.0
0
# 1195
batch1195 1.0 0.0 1000.0
0
# 1196
batch1196 1.0 0.0 1000.0
0
# 1197
batch1197 1.0 0.0 1000.0
0
# 1198
batch1198 1.0 0.0 1000.0
0
# 1199
batch1199 1.0 0.0 1000.0
0
# 1200
batch1200 1.0 0.0 1000.0
0
# 1201
batch1201 1.0 0.0 1000.0
0
# 1202
batch1202 1.0 0.0 1000.0
0
# 1203
batch1203 1.0 0.0 1000.0
0
# 1204
batch1204 1.0 0.0 1000.0
0
# 1205
batch1205 1.0 0.0 1000.0
0
# 1206
batch1206 1.0 0.0 1000.0
0
# 1207
batch1207 1.0 0.0 1000.0
0
# 1208
batch1208 1.0 0.0 1000.0
0
# 1209
batch1209 1.0 0.0 1000.0
0
# 1210
batch1210 1.0 0.0 1000.0
0
# 1211
batch1211 1.0 0.0 1000.0
0
# 1212
batch1212 1.0 0.0 1000.0
0
# 1213
batch1213 1.0 0.0 1000.0
0
# 1214
batch1214 1.0 0.0 1000.0
0
# 1215
batch1215 1.0 0.0 1000.0
0
# 1216
batch1216 1.0 0.0 1000.0
0
# 1217
batch1217 1.0 0.0 1000.0
0
# 1218
batch1218 1.0 0.0 1000.0
0
# 1219
batch1219 1.0 0.0 1000.0
0
# 1220
batch1220 1.0 0.0 1000.0
0
# 1221
batch1221 1.0 0.0 1000.0
0
# 1222
batch1222 1.0 0.0 1000.0
0
# 1223
batch1223 1.0 0.0 1000.0
0
# 1224
batch1224 1.0 0.0 1000.0
0
# 1225
batch1225 1.0 0.0 1000.0
0
# 1226
batch1226 1.0 0.0 1000.0
0
# 1227
batch1227 1.0 0.0 1000.0
0
# 1228
batch1228 1.0 0.0 1000.0
0
# 1229
batch1229 1.0 0.0 1000.0
0
# 1230
batch1230 1.0 0.0 1000.0
0
# 1231
batch1231 1.0 0.0 1000.0
0
# 1232
batch1232 1.0 0.0 1000.0
0
# 1233
batch1233 1.0 0.0 1000.0
0
# 1234
batch1234 1.0 0.0 1000.0
0
# 1235
batch1235 1.0 0.0 1000.0
0
# 1236
batch1236 1.0 0.0 1000.0
0
# 1237
batch1237 1.0 0.0 1000.0
0
# 1238
batch1238 1.0 0.0 1000.0
0
# 1239
batch1239 1.0 0.0 1000.0
0
# 1240
batch1240 1.0 0.0 1000.0
0
# 1241
batch1241 1.0 0.0 1000.0
0
# 1242
batch1242 1.0 0.0 1000.0
0
# 1243
batch1243 1.0 0.0 1000.0
0
# 1244
batch1244 1.0 0.0 1000.0
0
# 1245
batch1245 1.0 0.0 1000.0
0
# 1246
batch1246 1.0 0.0 1000.0
0
# 1247
batch1247 1.0 0.0 1000.0
0
# 1248
batch1248 1.0 0.0 1000.0
0
# 1249
batch1249 1.0 0.0 1000.0
0
# 1250
batch1250 1.0 0.0 1000.0
0
# 1251
batch1251 1.0 0.0 1000.0
0
# 1252
batch1252 1.0 0.0 1000.0
0
# 1253
batch1253 1.0 0.0 1000.0
0
# 1254
batch1254 1.0 0.0 1000.0
0
# 1255
batch1255 1.0 0.0 1000.0
0
# 1256
batch1256 1.0 0.0 1000.0
0
# 1257
batch1257 1.0 0.0 1000.0
0
# 1258
batch1258 1.0 0.0 1000.0
0
# 1259
batch1259 1.0 0.0 1000.0
0
# 1260
batch1260 1.0 0.0 1000.0
0
# 1261
batch1261 1.0 0.0 1000.0
0
# 1262
batch1262 1.0 0.0 1000.0
0
# 1263
batch1263 1.0 0.0 1000.0
0
# 1264
batch1264 1.0 0.0 1000.0
0
# 1265
batch1265 1.0 0.0 1000.0
0
# 1266
batch1266 1.0 0.0 1000.0
0
# 1267
batch1267 1.0 0.0 1000.0
0
# 1268
batch1268 1.0 0.0 1000.0
0
# 1269
batch1269 1.0 0.0 1000.0
0
# 1270
batch1270 1.0 0.0 1000.0
0
# 1271
batch1271 1.0 0.0 1000.0
0
# 1272
batch1272 1.0 0.0 1000.0
0
# 1273
batch1273 1.0 0.0 1000.0
0
# 1274
batch1274 1.0 0.0 1000.0
0
# 1275
batch1275 1.0 0.0 1000.0
0
# 1276
batch1276 1.0 0.0 1000.0
0
# 1277
batch1277 1.0 0.0 1000.0
0
# 1278
batch1278 1.0 0.0 1000.0
0
# 1279
batch1279 1.0 0.0 1000.0
0
# 1280
batch1280 1.0 0.0 1000.0
0
# 1281
batch1281 1.0 0.0 1000.0
0
# 1282
batch1282 1.0 0.0 1000.0
0
# 1283
batch1283 1.0 0.0 1000.0
0
# 1284
batch1284 1.0 0.0 1000.0
0
# 1285
batch1285 1.0 0.0 1000.0
0
# 1286
batch1286 1.0 0.0 1000.0
0
# 1287
batch1287 1.0 0.0 1000.0
0
# 1288
batch1288 1.0 0.0 1000.0
0
# 1289
batch1289 1.0 0.0 1000.0
0
# 1290
batch1290 1.0 0.0 1000.0
0
# 1291
batch1291 1.0 0.0 1000.0
0
# 1292
batch1292 1.0 0.0 1000.0
0
# 1293
batch1293 1.0 0.0 1000.0
0
# 1294
batch1294 1.0 0.0 1000.0
0
# 1295
batch1295 1.0 0.0 1000.0
0
# 1296
batch1296 1.0 0.0 1000.0
0
# 1297
batch1297 1.0 0.0 1000.0
0
# 1298
batch1298 1.0 0.0 1000.0
0
# 1299
batch1299 1.0 0.0 1000.0
0
# 1300
batch1300 1.0 0.0 1000.0
0
# 1301
batch1301 1.0 0.0 1000.0
0
# 1302
batch1302 1.0 0.0 1000.0
0
# 1303
batch1303 1.0 0.0 1000.0
0
# 1304
batch1304 1.0 0.0 1000.0
0
# 1305
batch1305 1.0 0.0 1000.0
0
# 1306
batch1306 1.0 0.0 1000.0
0
# 1307
batch1307 1.0 0.0 1000.0
0
# 1308
batch1308 1.0 0.0 1000.0
0
# 1309
batch1309 1.0 0.0 1000.0
0
# 1310
batch1310 1.0 0.0 1000.0
0
# 1311
batch1311 1.0 0.0 1000.0
0
# 1312
batch1312 1.0 0.0 1000.0
0
# 1313
batch1313 1.0 0.0 1000.0
0
# 1314
batch1314 1.0 0.0 1000.0
0
# 1315
batch1315 1.0 0.0 1000.0
0
# 1316
batch1316 1.0 0.0 1000.0
0
# 1317
batch1317 1.0 0.0 1000.0
0
# 1318
batch1318 1.0 0.0 1000.0
0
# 1319
batch1319 1.0 0.0 1000.0
0
# 1320
batch1320 1.0 0.0 1000.0
0
# 1321
batch1321 1.0 0.0 1000.0
0
# 1322
batch1322 1.0 0.0 1000.0
0
# 1323
batch1323 1.0 0.0 1000.0
0
# 1324
batch1324 1.0 0.0 1000.0
0
# 1325
batch1325 1.0 0.0 1000.0
0
# 1326
batch1326 1.0 0.0 1000.0
0
# 1327
batch1327 1.0 0.0 1000.0
0
# 1328
batch1328 1.0 0.0 1000.0
0
# 1329
batch1329 1.0 0.0 1000.0
0
# 1330
batch1330 1.0 0.0 1000.0
0
# 1331
batch1331 1.0 0.0 1000.0
0
# 1332
batch1332 1.0 0.0 1000.0
0
# 1333
batch1333 1.0 0.0 1000.0
0
# 1334
batch1334 1.0 0.0 1000.0
0
# 1335
batch1335 1.0 0.0 1000.0
0
# 1336
batch1336 1.0 0.0 1000.0
0
# 1337
batch1337 1.0 0.0 1000.0
0
# 1338
batch1338 1.0 0.0 1000.0
0
# 1339
batch1339 1.0 0.0 1000.0
0
# 1340
batch1340 1.0 0.0 1000.0
0
# 1341
batch1341 1.0 0.0 1000.0
0
# 1342
batch1342 1.0 0.0 1000.0
0
# 1343
batch1343 1.0 0.0 1000.0
0
# 1344
batch1344 1.0 0.0 1000.0
0
# 1345
batch1345 1.0 0.0 1000.0
0
# 1346
batch1346 1.0 0.0 1000.0
0
# 1347
batch1347 1.0 0.0 1000.0
0
# 1348
batch1348 1.0 0.0 1000.0
0
# 1349
batch1349 1.0 0.0 1000.0
0
# 1350
batch1350 1.0 0.0 1000.0
0
# 1351
batch1351 1.0 0.0 1000.0
0
# 1352
batch1352 1.0 0.0 1000.0
0
# 1353
batch1353 1.0 0.0 1000.0
0
# 1354
batch1354 1.0 0.0 1000.0
0
# 1355
batch1355 1.0 0.0 1000.0
0
# 1356
batch1356 1.0 0.0 1000.0
0
# 1357
batch1357 1.0 0.0 1000.0
0
# 1358
batch1358 1.0 0.0 1000.0
0
# 1359
batch1359 1.0 0.0 1000.0
0
# 1360
batch1360 1.0 0.0 1000.0
0
# 1361
batch1361 1.0 0.0 1000.0
0
# 1362
batch1362 1.0 0.0 1000.0
0
# 1363
batch1363 1.0 0.0 1000.0
0
# 1364
batch1364 1.0 0.0 1000.0
0
# 1365
batch1365 1.0 0.0 1000.0
0
# 1366
batch1366 1.0 0.0 1000.0
0
# 1367
batch1367 1.0 0.0 1000.0
0
# 1368
batch1368 1.0 0.0 1000.0
0
# 1369
batch1369 1.0 0.0 1000.0
0
# 1370
batch1370 1.0 0.0 1000.0
0
# 1371
batch1371 1.0 0.0 1000.0
0
# 1372
batch1372 1.0 0.0 1000.0
0
# 1373
batch1373 1.0 0.0 1000.0
0
# 1374
batch1374 1.0 0.0 1000.0
0
# 1375
batch1375 1.0 0.0 1000.0
0
# 1376
batch1376 1.0 0.0 1000.0
0
# 1377
batch1377 1.0 0.0 1000.0
0
# 1378
batch1378 1.0 0.0 1000.0
0
# 1379
batch1379 1.0 0.0 1000.0
0
# 1380
batch1380 1.0 0.0 1000.0
0
# 1381
batch1381 1.0 0.0 1000.0
0
# 1382
batch1382 1.0 0.0 1000.0
0
# 1383
batch1383 1.0 0.0 1000.0
0
# 1384
batch1384 1.0 0.0 1000.0
0
# 1385
batch1385 1.0 0.0 1000.0
0
# 1386
batch1386 1.0 0.0 1000.0
0
# 1387
batch1387 1.0 0.0 1000.0
0
# 1388
batch1388 1.0 0.0 1000.0
0
# 1389
batch1389 1.0 0.0 1000.0
0
# 1390
batch1390 1.0 0.0 1000.0
0
# 1391
batch1391 1.0 0.0 1000.0
0
# 1392
batch1392 1.0 0.0 1000.0
0
# 1393
batch1393 1.0 0.0 1000.0
0
# 1394
batch1394 1.0 0.0 1000.0
0
# 1395
batch1395 1.0 0.0 1000.0
0
# 1396
batch1396 1.0 0.0 1000.0
0
# 1397
batch1397 1.0 0.0 1000.0
0
# 1398
batch1398 1.0 0.0 1000.0
0
# 1399
batch1399 1.0 0.0 1000.0
0
# 1400
batch1400 1.0 0.0 1000.0
0
# 1401
batch1401 1.0 0.0 1000.0
0
# 1402
batch1402 1.0 0.0 1000.0
0
# 1403
batch1403 1.0 0.0 1000.0
0
# 1404
batch1404 1.0 0.0 1000.0
0
# 1405
batch1405 1.0 0.0 1000.0
0
# 1406
batch1406 1.0 0.0 1000.0
0
# 1407
batch1407 1.0 0.0 1000.0
0
# 1408
batch1408 1.0 0.0 1000.0
0
# 1409
batch1409 1.0 0.0 1000.0
0
# 1410
batch1410 1.0 0.0 1000.0
0
# 1411
batch1411 1.0 0.0 1000.0
0
# 1412
batch1412 1.0 0.0 1000.0
0
# 1413
batch1413 1.0 0.0 1000.0
0
# 1414
batch1414 1.0 0.0 1000.0
0
# 1415
batch1415 1.0 0.0 1000.0
0
# 1416
batch1416 1.0 0.0 1000.0
0
# 1417
batch1417 1.0 0.0 1000.0
0
# 1418
batch1418 1.0 0.0 1000.0
0
# 1419
batch1419 1.0 0.0 1000.0
0
# 1420
batch1420 1.0 0.0 1000.0
0
# 1421
batch1421 1.0 0.0 1000.0
0
# 1422
batch1422 1.0 0.0 1000.0
0
# 1423
batch1423 1.0 0.0 1000.0
0
# 1424
batch1424 1.0 0.0 1000.0
0
# 1425
batch1425 1.0 0.0 1000.0
0
# 1426
batch1426 1.0 0.0 1000.0
0
# 1427
batch1427 1.0 0.0 1000.0
0
# 1428
batch1428 1.0 0.0 1000.0
0
# 1429
batch1429 1.0 0.0 1000.0
0
# 1430
batch1430 1.0 0.0 1000.0
0
# 1431
batch1431 1.0 0.0 1000.0
0
# 1432
batch1432 1.0 0.0 1000.0
0
# 1433
batch1433 1.0 0.0 1000.0
0
# 1434
batch1434 1.0 0.0 1000.0
0
# 1435
batch1435 1.0 0.0 1000.0
0
# 1436
batch1436 1.0 0.0 1000.0
0
# 1437
batch1437 1.0 0.0 1000.0
0
# 1438
batch1438 1.0 0.0 1000.0
0
# 1439
batch1439 1.0 0.0 1000.0
0
# 1440
batch1440 1.0 0.0 1000.0
0
# 1441
batch1441 1.0 0.0 1000.0
0
# 1442
batch1442 1.0 0.0 1000.0
0
# 1443
batch1443 1.0 0.0 1000.0
0
# 1444
batch1444 1.0 0.0 1000.0
0
# 1445
batch1445 1.0 0.0 1000.0
0
# 1446
batch1446 1.0 0.0 1000.0
0
# 1447
batch1447 1.0 0.0 1000.0
0
# 1448
batch1448 1.0 0.0 1000.0
0
# 1449
batch1449 1.0 0.0 1000.0
0
# 1450
batch1450 1.0 0.0 1000.0
0
# 1451
batch1451 1.0 0.0 1000.0
0
# 1452
batch1452 1.0 0.0 1000.0
0
# 1453
batch1453 1.0 0.0 1000.0
0
# 1454
batch1454 1.0 0.0 1000.0
0
# 1455
batch1455 1.0 0.0 1000.0
0
# 1456
batch1456 1.0 0.0 1000.0
0
# 1457
batch1457 1.0 0.0 1000.0
0
# 1458
batch1458 1.0 0.0 1000.0
0
# 1459
batch1459 1.0 0.0 1000.0
0
# 1460
batch1460 1.0 0.0 1000.0
0
# 1461
batch1461 1.0 0.0 1000.0
0
# 1462
batch1462 1.0 0.0 1000.0
0
# 1463
batch1463 1.0 0.0 1000.0
0
# 1464
batch1464 1.0 0.0 1000.0
0
# 1465
batch1465 1.0 0.0 1000.0
0
# 1466
batch1466 1.0 0.0 1000.0
0
# 1467
batch1467 1.0 0.0 1000.0
0
# 1468
batch1468 1.0 0.0 1000.0
0
# 1469
batch1469 1.0 0.0 1000.0
0
# 1470
batch1470 1.0 0.0 1000.0
0
# 1471
batch1471 1.0 0.0 1000.0
0
# 1472
batch1472 1.0 0.0 1000.0
0
# 1473
batch1473 1.0 0.0 1000.0
0
# 1474
batch1474 1.0 0.0 1000.0
0
# 1475
batch1475 1.0 0.0 1000.0
0
# 1476
batch1476 1.0 0.0 1000.0
0
# 1477
batch1477 1.0 0.0 1000.0
0
# 1478
batch1478 1.0 0.0 1000.0
0
# 1479
batch1479 1.0 0.0 1000.0
0
# 1480
batch1480 1.0 0.0 1000.0
0
# 1481
batch1481 1.0 0.0 1000.0
0
# 1482
batch1482 1.0 0.0 1000.0
0
# 1483
batch1483 1.0 0.0 1000.0
0
# 1484
batch1484 1.0 0.0 1000.0
0
# 1485
batch1485 1.0 0.0 1000.0
0
# 1486
batch1486 1.0 0.0 1000.0
0
# 1487
batch1487 1.0 0.0 1000.0
0
# 1488
batch1488 1.0 0.0 1000.0
0
# 1489
batch1489 1.0 0.0 1000.0
0
# 1490
batch1490 1.0 0.0 1000.0
0
# 1491
batch1491 1.0 0.0 1000.0
0
# 1492
batch1492 1.0 0.0 1000.0
0
# 1493
batch1493 1.0 0.0 1000.0
0
# 1494
batch1494 1.0 0.0 1000.0
0
# 1495
batch1495 1.0 0.0 1000.0
0
# 1496
batch1496 1.0 0.0 1000.0
0
# 1497
batch1497 1.0 0.0 1000.0
0
# 1498
batch1498 1.0 0.0 1000.0
0
# 1499
batch1499 1.0 0.0 1000.0
0
# 1500
batch1500 1.0 0.0 1000.0
0
# 1501
batch1501 1.0 0.0 1000.0
0
# 1502
batch1502 1.0 0.0 1000.0
0
# 1503
batch1503 1.0 0.0 1000.0
0
# 1504
batch1504 1.0 0.0 1000.0
0
# 1505
batch1505 1.0 0.0 1000.0
0
# 1506
batch1506 1.0 0.0 1000.0
0
# 1507
batch1507 1.0 0.0 1000.0
0
# 1508
batch1508 1.0 0.0 1000.0
0
# 1509
batch1509 1.0 0.0 1000.0
0
# 1510
batch1510 1.0 0.0 1000.0
0
# 1511
batch1511 1.0 0.0 1000.0
0
# 1512
batch1512 1.0 0.0 1000.0
0
# 1513
batch1513 1.0 0.0 1000.0
0
# 1514
batch1514 1.0 0.0 1000.0
0
# 1515
batch1515 1.0 0.0 1000.0
0
# 1516
batch1516 1.0 0.0 1000.0
0
# 1517
batch1517 1.0 0.0 1000.0
0
# 1518
batch1518 1.0 0.0 1000.0
0
# 1519
batch1519 1.0 0.0 1000.0
0
# 1520
batch1520 1.0 0.0 1000.0
0
# 1521
batch1521 1.0 0.0 1000.0
0
# 1522
batch1522 1.0 0.0 1000.0
0
# 1523
batch1523 1.0 0.0 1000.0
0
# 1524
batch1524 1.0 0.0 1000.0
0
# 1525
batch1525 1.0 0.0 1000.0
0
# 1526
batch1526 1.0 0.0 1000.0
0
# 1527
batch1527 1.0 0.0 1000.0
0
# 1528
batch1528 1.0 0.0 1000.0
0
# 1529
batch1529 1.0 0.0 1000.0
0
# 1530
batch1530 1.0 0.0 1000.0
0
# 1531
batch1531 1.0 0.0 1000.0
0
# 1532
batch1532 1.0 0.0 1000.0
0
# 1533
batch1533 1.0 0.0 1000.0
0
# 1534
batch1534 1.0 0.0 1000.0
0
# 1535
batch1535 1.0 0.0 1000.0
0
# 1536
batch1536 1.0 0.0 1000.0
0
# 1537
batch1537 1.0 0.0 1000.0
0
# 1538
batch1538 1.0 0.0 1000.0
0
# 1539
batch1539 1.0 0.0 1000.0
0
# 1540
batch1540 1.0 0.0 1000.0
0
# 1541
batch1541 1.0 0.0 1000.0
0
# 1542
batch1542 1.0 0.0 1000.0
0
# 1543
batch1543 1.0 0.0 1000.0
0
# 1544
batch1544 1.0 0.0 1000.0
0
# 1545
batch1545 1.0 0.0 1000.0
0
# 1546
batch1546 1.0 0.0 1000.0
0
# 1547
batch1547 1.0 0.0 1000.0
0
# 1548
batch1548 1.0 0.0 1000.0
0
# 1549
batch1549 1.0 0.0 1000.0
0
# 1550
batch1550 1.0 0.0 1000.0
0
# 1551
batch1551 1.0 0.0 1000.0
0
# 1552
batch1552 1.0 0.0 1000.0
0
# 1553
batch1553 1.0 0.0 1000.0
0
# 1554
batch1554 1.0 0.0 1000.0
0
# 1555
batch1555 1.0 0.0 1000.0
0
# 1556
batch1556 1.0 0.0 1000.0
0
# 1557
batch1557 1.0 0.0 1000.0
0
# 1558
batch1558 1.0 0.0 1000.0
0
# 1559
batch1559 1.0 0.0 1000.0
0
# 1560
batch1560 1.0 0.0 1000.0
0
# 1561
batch1561 1.0 0.0 1000.0
0
# 1562
batch1562 1.0 0.0 1000.0
0
# 1563
batch1563 1.0 0.0 1000.0
0
# 1564
batch1564 1.0 0.0 1000.0
0
# 1565
batch1565 1.0 0.0 1000.0
0
# 1566
batch1566 1.0 0.0 1000.0
0
# 1567
batch1567 1.0 0.0 1000.0
0
# 1568
batch1568 1.0 0.0 1000.0
0
# 1569
batch1569 1.0 0.0 1000.0
0
# 1570
batch1570 1.0 0.0 1000.0
0
# 1571
batch1571 1.0 0.0 1000.0
0
# 1572
batch1572 1.0 0.0 1000.0
0
# 1573
batch1573 1.0 0.0 1000.0
0
# 1574
batch1574 1.0 0.0 1000.0
0
# 1575
batch1575 1.0 0.0 1000.0
0
# 1576
batch1576 1.0 0.0 1000.0
0
# 1577
batch1577 1.0 0.0 1000.0
0
# 1578
batch1578 1.0 0.0 1000.0
0
# 1579
batch1579 1.0 0.0 1000.0
0
# 1580
batch1580 1.0 0.0 1000.0
0
# 1581
batch1581 1.0 0.0 1000.0
0
# 1582
batch1582 1.0 0.0 1000.0
0
# 1583
batch1583 1.0 0.0 1000.0
0
# 1584
batch1584 1.0 0.0 1000.0
0
# 1585
batch1585 1.0 0.0 1000.0
0
# 1586
batch1586 1.0 0.0 1000.0
0
# 1587
batch1587 1.0 0.0 1000.0
0
# 1588
batch1588 1.0 0.0 1000.0
0
# 1589
batch1589 1.0 0.0 1000.0
0
# 1590
batch1590 1.0 0.0 1000.0
0
# 1591
batch1591 1.0 0.0 1000.0
0
# 1592
batch1592 1.0 0.0 1000.0
0
# 1593
batch1593 1.0 0.0 1000.0
0
# 1594
batch1594 1.0 0.0 1000.0
0
# 1595
batch1595 1.0 0.0 1000.0
0
# 1596
batch1596 1.0 0.0 1000.0
0
# 1597
batch1597 1.0 0.0 1000.0
0
# 1598
batch1598 1.0 0.0 1000.0
0
# 1599
batch1599 1.0 0.0 1000.0
0
# 1600
batch1600 1.0 0.0 1000.0
0
# 1601
batch1601 1.0 0.0 1000.0
0
# 1602
batch1602 1.0 0.0 1000.0
0
# 1603
batch1603 1.0 0.0 1000.0
0
# 1604
batch1604 1.0 0.0 1000.0
0
# 1605
batch1605 1.0 0.0 1000.0
0
# 1606
batch1606 1.0 0.0 1000.0
0
# 1607
batch1607 1.0 0.0 1000.0
0
# 1608
batch1608 1.0 0.0 1000.0
0
# 1609
batch1609 1.0 0.0 1000.0
0
# 1610
batch1610 1.0 0.0 1000.0
0
# 1611
batch1611 1.0 0.0 1000.0
0
# 1612
batch1612 1.0 0.0 1000.0
0
# 1613
batch1613 1.0 0.0 1000.0
0
# 1614
batch1614 1.0 0.0 1000.0
0
# 1615
batch1615 1.0 0.0 1000.0
0
# 1616
batch1616 1.0 0.0 1000.0
0
# 1617
batch1617 1.0 0.0 1000.0
0
# 1618
batch1618 1.0 0.0 1000.0
0
# 1619
batch1619 1.0 0.0 1000.0
0
# 1620
batch1620 1.0 0.0 1000.0
0
# 1621
batch1621 1.0 0.0 1000.0
0
# 1622
batch1622 1.0 0.0 1000.0
0
# 1623
batch1623 1.0 0.0 1000.0
0
# 1624
batch1624 1.0 0.0 1000.0
0
# 1625
batch1625 1.0 0.0 1000.0
0
# 1626
batch1626 1.0 0.0 1000.0
0
# 1627
batch1627 1.0 0.0 1000.0
0
# 1628
batch1628 1.0 0.0 1000.0
0
# 1629
batch1629 1.0 0.0 1000.0
0
# 1630
batch1630 1.0 0.0 1000.0
0
# 1631
batch1631 1.0 0.0 1000.0
0
# 1632
batch1632 1.0 0.0 1000.0
0
# 1633
batch1633 1.0 0.0 1000.0
0
# 1634
batch1634 1.0 0.0 1000.0
0
# 1635
batch1635 1.0 0.0 1000.0
0
# 1636
batch1636 1.0 0.0 1000.0
0
# 1637
batch1637 1.0 0.0 1000.0
0
# 1638
batch1638 1.0 0.0 1000.0
0
# 1639
batch1639 1.0 0.0 1000.0
0
# 1640
batch1640 1.0 0.0 1000.0
0
# 1641
batch1641 1.0 0.0 1000.0
0
# 1642
batch1642 1.0 0.0 1000.0
0
# 1643
batch1643 1.0 0.0 1000.0
0
# 1644
batch1644 1.0 0.0 1000.0
0
# 1645
batch1645 1.0 0.0 1000.0
0
# 1646
batch1646 1.0 0.0 1000.0
0
# 1647
batch1647 1.0 0.0 1000.0
0
# 1648
batch1648 1.0 0.0 1000.0
0
# 1649
batch1649 1.0 0.0 1000.0
0
# 1650
batch1650 1.0 0.0 1000.0
0
# 1651
batch1651 1.0 0.0 1000.0
0
# 1652
batch1652 1.0 0.0 1000.0
0
# 1653
batch1653 1.0 0.0 1000.0
0
# 1654
batch1654 1.0 0.0 1000.0
0
# 1655
batch1655 1.0 0.0 1000.0
0
# 1656
batch1656 1.0 0.0 1000.0
0
# 1657
batch1657 1.0 0.0 1000.0
0
# 1658
batch1658 1.0 0.0 1000.0
0
# 1659
batch1659 1.0 0.0 1000.0
0
# 1660
batch1660 1.0 0.0 1000.0
0
# 1661
batch1661 1.0 0.0 1000.0
0
# 1662
batch1662 1.0 0.0 1000.0
0
# 1663
batch1663 1.0 0.0 1000.0
0
# 1664
batch1664 1.0 0.0 1000.0
0
# 1665
batch1665 1.0 0.0 1000.0
0
# 1666
batch1666 1.0 0.0 1000.0
0
# 1667
batch1667 1.0 0.0 1000.0
0
# 1668
batch1668 1.0 0.0 1000.0
0
# 1669
batch1669 1.0 0.0 1000.0
0
# 1670
batch1670 1.0 0.0 1000.0
0
# 1671
batch1671 1.0 0.0 1000.0
0
# 1672
batch1672 1.0 0.0 1000.0
0
# 1673
batch1673 1.0 0.0 1000.0
0
# 1674
batch1674 1.0 0.0 1000.0
0
# 1675
batch1675 1.0 0.0 1000.0
0
# 1676
batch1676 1.0 0.0 1000.0
0
# 1677
batch1677 1.0 0.0 1000.0
0
# 1678
batch1678 1.0 0.0 1000.0
0
# 1679
batch1679 1.0 0.0 1000.0
0
# 1680
batch1680 1.0 0.0 1000.0
0
# 1681
batch1681 1.0 0.0 1000.0
0
# 1682
batch1682 1.0 0.0 1000.0
0
# 1683
batch1683 1.0 0.0 1000.0
0
# 1684
batch1684 1.0 0.0 1000.0
0
# 1685
batch1685 1.0 0.0 1000.0
0
# 1686
batch1686 1.0 0.0 1000.0
0
# 1687
batch1687 1.0 0.0 1000.0
0
# 1688
batch1688 1.0 0.0 1000.0
0
# 1689
batch1689 1.0 0.0 1000.0
0
# 1690
batch1690 1.0 0.0 1000.0
0
# 1691
batch1691 1.0 0.0 1000.0
0
# 1692
batch1692 1.0 0.0 1000.0
0
# 1693
batch1693 1.0 0.0 1000.0
0
# 1694
batch1694 1.0 0.0 1000.0
0
# 1695
batch1695 1.0 0.0 1000.0
0
# 1696
batch1696 1.0 0.0 1000.0
0
# 1697
batch1697 1.0 0.0 1000.0
0
# 1698
batch1698 1.0 0.0 1000.0
0
# 1699
batch1699 1.0 0.0 1000.0
0
# 1700
batch1700 1.0 0.0 1000.0
0
# 1701
batch1701 1.0 0.0 1000.0
0
# 1702
batch1702 1.0 0.0 1000.0
0
# 1703
batch1703 1.0 0.0 1000.0
0
# 1704
batch1704 1.0 0.0 1000.0
0
# 1705
batch1705 1.0 0.0 1000.0
0
# 1706
batch1706 1.0 0.0 1000.0
0
# 1707
batch1707 1.0 0.0 1000.0
0
# 1708
batch1708 1.0 0.0 1000.0
0
# 1709
batch1709 1.0 0.0 1000.0
0
# 1710
batch1710 1.0 0.0 1000.0
0
# 1711
batch1711 1.0 0.0 1000.0
0
# 1712
batch1712 1.0 0.0 1000.0
0
# 1713
batch1713 1.0 0.0 1000.0
0
# 1714
batch1714 1.0 0.0 1000.0
0
# 1715
batch1715 1.0 0.0 1000.0
0
# 1716
batch1716 1.0 0.0 1000.0
0
# 1717
batch1717 1.0 0.0 1000.0
0
# 1718
batch1718 1.0 0.0 1000.0
0
# 1719
batch1719 1.0 0.0 1000.0
0
# 1720
batch1720 1.0 0.0 1000.0
0
# 1721
batch1721 1.0 0.0 1000.0
0
# 1722
batch1722 1.0 0.0 1000.0
0
# 1723
batch1723 1.0 0.0 1000.0
0
# 1724
batch1724 1.0 0.0 1000.0
0
# 1725
batch1725 1.0 0.0 1000.0
0
# 1726
batch1726 1.0 0.0 1000.0
0
# 1727
batch1727 1.0 0.0 1000.0
0
# 1728
batch1728 1.0 0.0 1000.0
0
# 1729
batch1729 1.0 0.0 1000.0
0
# 1730
batch1730 1.0 0.0 1000.0
0
# 1731
batch1731 1.0 0.0 1000.0
0
# 1732
batch1732 1.0 0.0 1000.0
0
# 1733
batch1733 1.0 0.0 1000.0
0
# 1734
batch1734 1.0 0.0 1000.0
0
# 1735
batch1735 1.0 0.0 1000.0
0
# 1736
batch1736 1.0 0.0 1000.0
0
# 1737
batch1737 1.0 0.0 1000.0
0
# 1738
batch1738 1.0 0.0 1000.0
0
# 1739
batch1739 1.0 0.0 1000.0
0
# 1740
batch1740 1.0 0.0 1000.0
0
# 1741
batch1741 1.0 0.0 1000.0
0
# 1742
batch1742 1.0 0.0 1000.0
0
# 1743
batch1743 1.0 0.0 1000.0
0
# 1744
batch1744 1.0 0.0 1000.0
0
# 1745
batch1745 1.0 0.0 1000.0
0
# 1746
batch1746 1.0 0.0 1000.0
0
# 1747
batch1747 1.0 0.0 1000.0
0
# 1748
batch1748 1.0 0.0 1000.0
0
# 1749
batch1749 1.0 0.0 1000.0
0
# 1750
batch1750 1.0 0.0 1000.0
0
# 1751
batch1751 1.0 0.0 1000.0
0
# 1752
batch1752 1.0 0.0 1000.0
0
# 1753
batch1753 1.0 0.0 1000.0
0
# 1754
batch1754 1.0 0.0 1000.0
0
# 1755
batch1755 1.0 0.0 1000.0
0
# 1756
batch1756 1.0 0.0 1000.0
0
# 1757
batch1757 1.0 0.0 1000.0
0
# 1758
batch1758 1.0 0.0 1000.0
0
# 1759
batch1759 1.0 0.0 1000.0
0
# 1760
batch1760 1.0 0.0 1000.0
0
# 1761
batch1761 1.0 0.0 1000.0
0
# 1762
batch1762 1.0 0.0 1000.0
0
# 1763
batch1763 1.0 0.0 1000.0
0
# 1764
batch1764 1.0 0.0 1000.0
0
# 1765
batch1765 1.0 0.0 1000.0
0
# 1766
batch1766 1.0 0.0 1000.0
0
# 1767
batch1767 1.0 0.0 1000.0
0
# 1768
batch1768 1.0 0.0 1000.0
0
# 1769
batch1769 1.0 0.0 1000.0
0
# 1770
batch1770 1.0 0.0 1000.0
0
# 1771
batch1771 1.0 0.0 1000.0
0
# 1772
batch1772 1.0 0.0 1000.0
0
# 1773
batch1773 1.0 0.0 1000.0
0
# 1774
batch1774 1.0 0.0 1000.0
0
# 1775
batch1775 1.0 0.0 1000.0
0
# 1776
batch1776 1.0 0.0 1000.0
0
# 1777
batch1777 1.0 0.0 1000.0
0
# 1778
batch1778 1.0 0.0 1000.0
0
# 1779
batch1779 1.0 0.0 1000.0
0
# 1780
batch1780 1.0 0.0 1000.0
0
# 1781
batch1781 1.0 0.0 1000.0
0
# 1782
batch1782 1.0 0.0 1000.0
0
# 1783
batch1783 1.0 0.0 1000.0
0
# 1784
batch1784 1.0 0.0 1000.0
0
# 1785
batch1785 1.0 0.0 1000.0
0
# 1786
batch1786 1.0 0.0 1000.0
0
# 1787
batch1787 1.0 0.0 1000.0
0
# 1788
batch1788 1.0 0.0 1000.0
0
# 1789
batch1789 1.0 0.0 1000.0
0
# 1790
batch1790 1.0 0.0 1000.0
0
# 1791
batch1791 1.0 0.0 1000.0
0
# 1792
batch1792 1.0 0.0 1000.0
0
# 1793
batch1793 1.0 0.0 1000.0
0
# 1794
batch1794 1.0 0.0 1000.0
0
# 1795
batch1795 1.0 0.0 1000.0
0
# 1796
batch1796 1.0 0.0 1000.0
0
# 1797
batch1797 1.0 0.0 1000.0
0
# 1798
batch1798 1.0 0.0 1000.0
0
# 1799
batch1799 1.0 0.0 1000.0
0
# 1800
batch1800 1.0 0.0 1000.0
0
# 1801
batch1801 1.0 0.0 1000.0
0
# 1802
batch1802 1.0 0.0 1000.0
0
# 1803
batch1803 1.0 0.0 1000.0
0
# 1804
batch1804 1.0 0.0 1000.0
0
# 1805
batch1805 1.0 0.0 1000.0
0
# 1806
batch1806 1.0 0.0 1000.0
0
# 1807
batch1807 1.0 0.0 1000.0
0
# 1808
batch1808 1.0 0.0 1000.0
0
# 1809
batch1809 1.0 0.0 1000.0
0
# 1810
batch1810 1.0 0.0 1000.0
0
# 1811
batch1811 1.0 0.0 1000.0
0
# 1812
batch1812 1.0 0.0 1000.0
0
# 1813
batch1813 1.0 0.0 1000.0
0
# 1814
batch1814 1.0 0.0 1000.0
0
# 1815
batch1815 1.0 0.0 1000.0
0
# 1816
batch1816 1.0 0.0 1000.0
0
# 1817
batch1817 1.0 0.0 1000.0
0
# 1818
batch1818 1.0 0.0 1000.0
0
# 1819
batch1819 1.0 0.0 1000.0
0
# 1820
batch1820 1.0 0.0 1000.0
0
# 1821
batch1821 1.0 0.0 1000.0
0
# 1822
batch1822 1.0 0.0 1000.0
0
# 1823
batch1823 1.0 0.0 1000.0
0
# 1824
batch1824 1.0 0.0 1000.0
0
# 1825
batch1825 1.0 0.0 1000.0
0
# 1826
batch1826 1.0 0.0 1000.0
0
# 1827
batch1827 1.0 0.0 1000.0
0
# 1828
batch1828 1.0 0.0 1000.0
0
# 1829
batch1829 1.0 0.0 1000.0
0
# 1830
batch1830 1.0 0.0 1000.0
0
# 1831
batch1831 1.0 0.0 1000.0
0
# 1832
batch1832 1.0 0.0 1000.0
0
# 1833
batch1833 1.0 0.0 1000.0
0
# 1834
batch1834 1.0 0.0 1000.0
0
# 1835
batch1835 1.0 0.0 1000.0
0
# 1836
batch1836 1.0 0.0 1000.0
0
# 1837
batch1837 1.0 0.0 1000.0
0
# 1838
batch1838 1.0 0.0 1000.0
0
# 1839
batch1839 1.0 0.0 1000.0
0
# 1840
batch1840 1.0 0.0 1000.0
0
# 1841
batch1841 1.0 0.0 1000.0
0
# 1842
batch1842 1.0 0.0 1000.0
0
# 1843
batch1843 1.0 0.0 1000.0
0
# 1844
batch1844 1.0 0.0 1000.0
0
# 1845
batch1845 1.0 0.0 1000.0
0
# 1846
batch1846 1.0 0.0 1000.0
0
# 1847
batch1847 1.0 0.0 1000.0
0
# 1848
batch1848 1.0 0.0 1000.0
0
# 1849
batch1849 1.0 0.0 1000.0
0
# 1850
batch1850 1.0 0.0 1000.0
0
# 1851
batch1851 1.0 0.0 1000.0
0
# 1852
batch1852 1.0 0.0 1000.0
0
# 1853
batch1853 1.0 0.0 1000.0
0
# 1854
batch1854 1.0 0.0 1000.0
0
# 1855
batch1855 1.0 0.0 1000.0
0
# 1856
batch1856 1.0 0.0 1000.0
0
# 1857
batch1857 1.0 0.0 1000.0
0
# 1858
batch1858 1.0 0.0 1000.0
0
# 1859
batch1859 1.0 0.0 1000.0
0
# 1860
batch1860 1.0 0.0 1000.0
0
# 1861
batch1861 1.0 0.0 1000.0
0
# 1862
batch1862 1.0 0.0 1000.0
0
# 1863
batch1863 1.0 0.0 1000.0
0
# 1864
batch1864 1.0 0.0 1000.0
0
# 1865
batch1865 1.0 0.0 1000.0
0
# 1866
batch1866 1.0 0.0 1000.0
0
# 1867
batch1867 1.0 0.0 1000.0
0
# 1868
batch1868 1.0 0.0 1000.0
0
# 1869
batch1869 1.0 0.0 1000.0
0
# 1870
batch1870 1.0 0.0 1000.0
0
# 1871
batch1871 1.0 0.0 1000.0
0
# 1872
batch1872 1.0 0.0 1000.0
0
# 1873
batch1873 1.0 0.0 1000.0
0
# 1874
batch1874 1.0 0.0 1000.0
0
# 1875
batch1875 1.0 0.0 1000.0
0
# 1876
batch1876 1.0 0.0 1000.0
0
# 1877
batch1877 1.0 0.0 1000.0
0
# 1878
batch1878 1.0 0.0 1000.0
0
# 1879
batch1879 1.0 0.0 1000.0
0
# 1880
batch1880 1.0 0.0 1000.0
0
# 1881
batch1881 1.0 0.0 1000.0
0
# 1882
batch1882 1.0 0.0 1000.0
0
# 1883
batch1883 1.0 0.0 1000.0
0
# 1884
batch1884 1.0 0.0 1000.0
0
# 1885
batch1885 1.0 0.0 1000.0
0
# 1886
batch1886 1.0 0.0 1000.0
0
# 1887
batch1887 1.0 0.0 1000.0
0
# 1888
batch1888 1.0 0.0 1000.0
0
# 1889
batch1889 1.0 0.0 1000.0
0
# 1890
batch1890 1.0 0.0 1000.0
0
# 1891
batch1891 1.0 0.0 1000.0
0
# 1892
batch1892 1.0 0.0 1000.0
0
# 1893
batch1893 1.0 0.0 1000.0
0
# 1894
batch1894 1.0 0.0 1000.0
0
# 1895
batch1895 1.0 0.0 1000.0
0
# 1896
batch1896 1.0 0.0 1000.0
0
# 1897
batch1897 1.0 0.0 1000.0
0
# 1898
batch1898 1.0 0.0 1000.0
0
# 1899
batch1899 1.0 0.0 1000.0
0
# 1900
batch1900 1.0 0.0 1000.0
0
# 1901
batch1901 1.0 0.0 1000.0
0
# 1902
batch1902 1.0 0.0 1000.0
0
# 1903
batch1903 1.0 0.0 1000.0
0
# 1904
batch1904 1.0 0.0 1000.0
0
# 1905
batch1905 1.0 0.0 1000.0
0
# 1906
batch1906 1.0 0.0 1000.0
0
# 1907
batch1907 1.0 0.0 1000.0
0
# 1908
batch1908 1.0 0.0 1000.0
0
# 1909
batch1909 1.0 0.0 1000.0
0
# 1910
batch1910 1.0 0.0 1000.0
0
# 1911
batch1911 1.0 0.0 1000.0
0
# 1912
batch1912 1.0 0.0 1000.0
0
# 1913
batch1913 1.0 0.0 1000.0
0
# 1914
batch1914 1.0 0.0 1000.0
0
# 1915
batch1915 1.0 0.0 1000.0
0
# 1916
batch1916 1.0 0.0 1000.0
0
# 1917
batch1917 1.0 0.0 1000.0
0
# 1918
batch1918 1.0 0.0 1000.0
0
# 1919
batch1919 1.0 0.0 1000.0
0
# 1920
batch1920 1.0 0.0 1000.0
0
# 1921
batch1921 1.0 0.0 1000.0
0
# 1922
batch1922 1.0 0.0 1000.0
0
# 1923
batch1923 1.0 0.0 1000.0
0
# 1924
batch1924 1.0 0.0 1000.0
0
# 1925
batch1925 1.0 0.0 1000.0
0
# 1926
batch1926 1.0 0.0 1000.0
0
# 1927
batch1927 1.0 0.0 1000.0
0
# 1928
batch1928 1.0 0.0 1000.0
0
# 1929
batch1929 1.0 0.0 1000.0
0
# 1930
batch1930 1.0 0.0 1000.0
0
# 1931
batch1931 1.0 0.0 1000.0
0
# 1932
batch1932 1.0 0.0 1000.0
0
# 1933
batch1933 1.0 0.0 1000.0
0
# 1934
batch1934 1.0 0.0 1000.0
0
# 1935
batch1935 1.0 0.0 1000.0
0
# 1936
batch1936 1.0 0.0 1000.0
0
# 1937
batch1937 1.0 0.0 1000.0
0
# 1938
batch1938 1.0 0.0 1000.0
0
# 1939
batch1939 1.0 0.0 1000.0
0
# 1940
batch1940 1.0 0.0 1000.0
0
# 1941
batch1941 1.0 0.0 1000.0
0
# 1942
batch1942 1.0 0.0 1000.0
0
# 1943
batch1943 1.0 0.0 1000.0
0
# 1944
batch1944 1.0 0.0 1000.0
0
# 1945
batch1945 1.0 0.0 1000.0
0
# 1946
batch1946 1.0 0.0 1000.0
0
# 1947
batch1947 1.0 0.0 1000.0
0
# 1948
batch1948 1.0 0.0 1000.0
0
# 1949
batch1949 1.0 0.0 1000.0
0
# 1950
batch1950 1.0 0.0 1000.0
0
# 1951
batch1951 1.0 0.0 1000.0
0
# 1952
batch1952 1.0 0.0 1000.0
0
# 1953
batch1953 1.0 0.0 1000.0
0
# 1954
batch1954 1.0 0.0 1000.0
0
# 1955
batch1955 1.0 0.0 1000.0
0
# 1956
batch1956 1.0 0.0 1000.0
0
# 1957
batch1957 1.0 0.0 1000.0
0
# 1958
batch1958 1.0 0.0 1000.0
0
# 1959
batch1959 1.0 0.0 1000.0
0
# 1960
batch1960 1.0 0.0 1000.0
0
# 1961
batch1961 1.0 0.0 1000.0
0
# 1962
batch1962 1.0 0.0 1000.0
0
# 1963
batch1963 1.0 0.0 1000.0
0
# 1964
batch1964 1.0 0.0 1000.0
0
# 1965
batch1965 1.0 0.0 1000.0
0
# 1966
batch1966 1.0 0.0 1000.0
0
# 1967
batch1967 1.0 0.0 1000.0
0
# 1968
batch1968 1.0 0.0 1000.0
0
# 1969
batch1969 1.0 0.0 1000.0
0
# 1970
batch1970 1.0 0.0 1000.0
0
# 1971
batch1971 1.0 0.0 1000.0
0
# 1972
batch1972 1.0 0.0 1000.0
0
# 1973
batch1973 1.0 0.0 1000.0
0
# 1974
batch1974 1.0 0.0 1000.0
0
# 1975
batch1975 1.0 0.0 1000.0
0
# 1976
batch1976 1.0 0.0 1000.0
0
# 1977
batch1977 1.0 0.0 1000.0
0
# 1978
batch1978 1.0 0.0 1000.0
0
# 1979
batch1979 1.0 0.0 1000.0
0
# 1980
batch1980 1.0 0.0 1000.0
0
# 1981
batch1981 1.0 0.0 1000.0
0
# 1982
batch1982 1.0 0.0 1000.0
0
# 1983
batch1983 1.0 0.0 1000.0
0
# 1984
batch1984 1.0 0.0 1000.0
0
# 1985
batch1985 1.0 0.0 1000.0
0
# 1986
batch1986 1.0 0.0 1000.0
0
# 1987
batch1987 1.0 0.0 1000.0
0
# 1988
batch1988 1.0 0.0 1000.0
0
# 1989
batch1989 1.0 0.0 1000.0
0
# 1990
batch1990 1.0 0.0 1000.0
0
# 1991
batch1991 1.0 0.0 1000.0
0
# 1992
batch1992 1.0 0.0 1000.0
0
# 1993
batch1993 1.0 0.0 1000.0
0
# 1994
batch1994 1.0 0.0 1000.0
0
# 1995
batch1995 1.0 0.0 1000.0
0
# 1996
batch1996 1.0 0.0 1000.0
0
# 1997
batch1997 1.0 0.0 1000.0
0
# 1998
batch1998 1.0 0.0 1000.0
0
# 1999
batch1999 1.0 0.0 1000.0
0
# 2000
batch2000 1.0 0.0 1000.0
0
# 2001
batch2001 1.0 0.0 1000.0
0
# 2002
batch2002 1.0 0.0 1000.0
0
# 2003
batch2003 1.0 0.0 1000.0
0
# 2004
batch2004 1.0 0.0 1000.0
0
# 2005
batch2005 1.0 0.0 1000.0
0
# 2006
batch2006 1.0 0.0 1000.0
0
# 2007
batch2007 1.0 0.0 1000.0
0
# 2008
batch2008 1.0 0.0 1000.0
0
# 2009
batch2009 1.0 0.0 1000.0
0
# 2010
batch2010 1.0 0.0 1000.0
0
# 2011
batch2011 1.0 0.0 1000.0
0
# 2012
batch2012 1.0 0.0 1000.0
0
# 2013
batch2013 1.0 0.0 1000.0
0
# 2014
batch2014 1.0 0.0 1000.0
0
# 2015
batch2015 1.0 0.0 1000.0
0
# 2016
batch2016 1.0 0.0 1000.0
0
# 2017
batch2017 1.0 0.0 1000.0
0
# 2018
batch2018 1.0 0.0 1000.0
0
# 2019
batch2019 1.0 0.0 1000.0
0
# 2020
batch2020 1.0 0.0 1000.0
0
# 2021
batch2021 1.0 0.0 1000.0
0
# 2022
batch2022 1.0 0.0 1000.0
0
# 2023
batch2023 1.0 0.0 1000.0
0
# 2024
batch2024 1.0 0.0 1000.0
0
# 2025
batch2025 1.0 0.0 1000.0
0
# 2026
batch2026 1.0 0.0 1000.0
0
# 2027
batch2027 1.0 0.0 1000.0
0
# 2028
batch2028 1.0 0.0 1000.0
0
# 2029
batch2029 1.0 0.0 1000.0
0
# 2030
batch2030 1.0 0.0 1000.0
0
# 2031
batch2031 1.0 0.0 1000.0
0
# 2032
batch2032 1.0 0.0 1000.0
0
# 2033
batch2033 1.0 0.0 1000.0
0
# 2034
batch2034 1.0 0.0 1000.0
0
# 2035
batch2035 1.0 0.0 1000.0
0
# 2036
batch2036 1.0 0.0 1000.0
0
# 2037
batch2037 1.0 0.0 1000.0
0
# 2038
batch2038 1.0 0.0 1000.0
0
# 2039
batch2039 1.0 0.0 1000.0
0
# 2040
batch2040 1.0 0.0 1000.0
0
# 2041
batch2041 1.0 0.0 1000.0
0
# 2042
batch2042 1.0 0.0 1000.0
0
# 2043
batch2043 1.0 0.0 1000.0
0
# 2044
batch2044 1.0 0.0 1000.0
0
# 2045
batch2045 1.0 0.0 1000.0
0
# 2046
batch2046 1.0 0.0 1000.0
0
# 2047
batch2047 1.0 0.0 1000.0
0
# 2048
batch2048 1.0 0.0 1000.0
0
# 2049
batch2049 1.0 0.0 1000.0
0
# 2050
batch2050 1.0 0.0 1000.0
0
# 2051
batch2051 1.0 0.0 1000.0
0
# 2052
batch2052 1.0 0.0 1000.0
0
# 2053
batch2053 1.0 0.0 1000.0
0
# 2054
batch2054 1.0 0.0 1000.0
0
# 2055
batch2055 1.0 0.0 1000.0
0
# 2056
batch2056 1.0 0.0 1000.0
0
# 2057
batch2057 1.0 0.0 1000.0
0
# 2058
batch2058 1.0 0.0 1000.0
0
# 2059
batch2059 1.0 0.0 1000.0
0
# 2060
batch2060 1.0 0.0 1000.0
0
# 2061
batch2061 1.0 0.0 1000.0
0
# 2062
batch2062 1.0 0.0 1000.0
0
# 2063
batch2063 1.0 0.0 1000.0
0
# 2064
batch2064 1.0 0.0 1000.0
0
# 2065
batch2065 1.0 0.0 1000.0
0
# 2066
batch2066 1.0 0.0 1000.0
0
# 2067
batch2067 1.0 0.0 1000.0
0
# 2068
batch2068 1.0 0.0 1000.0
0
# 2069
batch2069 1.0 0.0 1000.0
0
# 2070
batch2070 1.0 0.0 1000.0
0
# 2071
batch2071 1.0 0.0 1000.0
0
# 2072
batch2072 1.0 0.0 1000.0
0
# 2073
batch2073 1.0 0.0 1000.0
0
# 2074
batch2074 1.0 0.0 1000.0
0
# 2075
batch2075 1.0 0.0 1000.0
0
# 2076
batch2076 1.0 0.0 1000.0
0
# 2077
batch2077 1.0 0.0 1000.0
0
# 2078
batch2078 1.0 0.0 1000.0
0
# 2079
batch2079 1.0 0.0 1000.0
0
# 2080
batch2080 1.0 0.0 1000.0
0
# 2081
batch2081 1.0 0.0 1000.0
0
# 2082
batch2082 1.0 0.0 1000.0
0
# 2083
batch2083 1.0 0.0 1000.0
0
# 2084
batch2084 1.0 0.0 1000.0
0
# 2085
batch2085 1.0 0.0 1000.0
0
# 2086
batch2086 1.0 0.0 1000.0
0
# 2087
batch2087 1.0 0.0 1000.0
0
# 2088
batch2088 1.0 0.0 1000.0
0
# 2089
batch2089 1.0 0.0 1000.0
0
# 2090
batch2090 1.0 0.0 1000.0
0
# 2091
batch2091 1.0 0.0 1000.0
0
# 2092
batch2092 1.0 0.0 1000.0
0
# 2093
batch2093 1.0 0.0 1000.0
0
# 2094
batch2094 1.0 0.0 1000.0
0
# 2095
batch2095 1.0 0.0 1000.0
0
# 2096
batch2096 1.0 0.0 1000.0
0
# 2097
batch2097 1.0 0.0 1000.0
0
# 2098
batch2098 1.0 0.0 1000.0
0
# 2099
batch2099 1.0 0.0 1000.0
0
# 2100
batch2100 1.0 0.0 1000.0
0
# 2101
batch2101 1.0 0.0 1000.0
0
# 2102
batch2102 1.0 0.0 1000.0
0
# 2103
batch2103 1.0 0.0 1000.0
0
# 2104
batch2104 1.0 0.0 1000.0
0
# 2105
batch2105 1.0 0.0 1000.0
0
# 2106
batch2106 1.0 0.0 1000.0
0
# 2107
batch2107 1.0 0.0 1000.0
0
# 2108
batch2108 1.0 0.0 1000.0
0
# 2109
batch2109 1.0 0.0 1000.0
0
# 2110
batch2110 1.0 0.0 1000.0
0
# 2111
batch2111 1.0 0.0 1000.0
0
# 2112
batch2112 1.0 0.0 1000.0
0
# 2113
batch2113 1.0 0.0 1000.0
0
# 2114
batch2114 1.0 0.0 1000.0
0
# 2115
batch2115 1.0 0.0 1000.0
0
# 2116
batch2116 1.0 0.0 1000.0
0
# 2117
batch2117 1.0 0.0 1000.0
0
# 2118
batch2118 1.0 0.0 1000.0
0
# 2119
batch2119 1.0 0.0 1000.0
0
# 2120
batch2120 1.0 0.0 1000.0
0
# 2121
batch2121 1.0 0.0 1000.0
0
# 2122
batch2122 1.0 0.0 1000.0
0
# 2123
batch2123 1.0 0.0 1000.0
0
# 2124
batch2124 1.0 0.0 1000.0
0
# 2125
batch2125 1.0 0.0 1000.0
0
# 2126
batch2126 1.0 0.0 1000.0
0
# 2127
batch2127 1.0 0.0 1000.0
0
# 2128
batch2128 1.0 0.0 1000.0
0
# 2129
batch2129 1.0 0.0 1000.0
0
# 2130
batch2130 1.0 0.0 1000.0
0
# 2131
batch2131 1.0 0.0 1000.0
0
# 2132
batch2132 1.0 0.0 1000.0
0
# 2133
batch2133 1.0 0.0 1000.0
0
# 2134
batch2134 1.0 0.0 1000.0
0
# 2135
batch2135 1.0 0.0 1000.0
0
# 2136
batch2136 1.0 0.0 1000.0
0
# 2137
batch2137 1.0 0.0 1000.0
0
# 2138
batch2138 1.0 0.0 1000.0
0
# 2139
batch2139 1.0 0.0 1000.0
0
# 2140
batch2140 1.0 0.0 1000.0
0
# 2141
batch2141 1.0 0.0 1000.0
0
# 2142
batch2142 1.0 0.0 1000.0
0
# 2143
batch2143 1.0 0.0 1000.0
0
# 2144
batch2144 1.0 0.0 1000.0
0
# 2145
batch2145 1.0 0.0 1000.0
0
# 2146
batch2146 1.0 0.0 1000.0
0
# 2147
batch2147 1.0 0.0 1000.0
0
# 2148
batch2148 1.0 0.0 1000.0
0
# 2149
batch2149 1.0 0.0 1000.0
0
# 2150
batch2150 1.0 0.0 1000.0
0
# 2151
batch2151 1.0 0.0 1000.0
0
# 2152
batch2152 1.0 0.0 1000.0
0
# 2153
batch2153 1.0 0.0 1000.0
0
# 2154
batch2154 1.0 0.0 1000.0
0
# 2155
batch2155 1.0 0.0 1000.0
0
# 2156
batch2156 1.0 0.0 1000.0
0
# 2157
batch2157 1.0 0.0 1000.0
0
# 2158
batch2158 1.0 0.0 1000.0
0
# 2159
batch2159 1.0 0.0 1000.0
0
# 2160
batch2160 1.0 0.0 1000.0
0
# 2161
batch2161 1.0 0.0 1000.0
0
# 2162
batch2162 1.0 0.0 1000.0
0
# 2163
batch2163 1.0 0.0 1000.0
0
# 2164
batch2164 1.0 0.0 1000.0
0
# 2165
batch2165 1.0 0.0 1000.0
0
# 2166
batch2166 1.0 0.0 1000.0
0
# 2167
batch2167 1.0 0.0 1000.0
0
# 2168
batch2168 1.0 0.0 1000.0
0
# 2169
batch2169 1.0 0.0 1000.0
0
# 2170
batch2170 1.0 0.0 1000.0
0
# 2171
batch2171 1.0 0.0 1000.0
0
# 2172
batch2172 1.0 0.0 1000.0
0
# 2173
batch2173 1.0 0.0 1000.0
0
# 2174
batch2174 1.0 0.0 1000.0
0
# 2175
batch2175 1.0 0.0 1000.0
0
# 2176
batch2176 1.0 0.0 1000.0
0
# 2177
batch2177 1.0 0.0 1000.0
0
# 2178
batch2178 1.0 0.0 1000.0
0
# 2179
batch2179 1.0 0.0 1000.0
0
# 2180
batch2180 1.0 0.0 1000.0
0
# 2181
batch2181 1.0 0.0 1000.0
0
# 2182
batch2182 1.0 0.0 1000.0
0
# 2183
batch2183 1.0 0.0 1000.0
0
# 2184
batch2184 1.0 0.0 1000.0
0
# 2185
batch2185 1.0 0.0 1000.0
0
# 2186
batch2186 1.0 0.0 1000.0
0
# 2187
batch2187 1.0 0.0 1000.0
0
# 2188
batch2188 1.0 0.0 1000.0
0
# 2189
batch2189 1.0 0.0 1000.0
0
# 2190
batch2190 1.0 0.0 1000.0
0
# 2191
batch2191 1.0 0.0 1000.0
0
# 2192
batch2192 1.0 0.0 1000.0
0
# 2193
batch2193 1.0 0.0 1000.0
0
# 2194
batch2194 1.0 0.0 1000.0
0
# 2195
batch2195 1.0 0.0 1000.0
0
# 2196
batch2196 1.0 0.0 1000.0
0
# 2197
batch2197 1.0 0.0 1000.0
0
# 2198
batch2198 1.0 0.0 1000.0
0
# 2199
batch2199 1.0 0.0 1000.0
0
# 2200
batch2200 1.0 0.0 1000.0
0
# 2201
batch2201 1.0 0.0 1000.0
0
# 2202
batch2202 1.0 0.0 1000.0
0
# 2203
batch2203 1.0 0.0 1000.0
0
# 2204
batch2204 1.0 0.0 1000.0
0
# 2205
batch2205 1.0 0.0 1000.0
0
# 2206
batch2206 1.0 0.0 1000.0
0
# 2207
batch2207 1.0 0.0 1000.0
0
# 2208
batch2208 1.0 0.0 1000.0
0
# 2209
batch2209 1.0 0.0 1000.0
0
# 2210
batch2210 1.0 0.0 1000.0
0
# 2211
batch2211 1.0 0.0 1000.0
0
# 2212
batch2212 1.0 0.0 1000.0
0
# 2213
batch2213 1.0 0.0 1000.0
0
# 2214
batch2214 1.0 0.0 1000.0
0
# 2215
batch2215 1.0 0.0 1000.0
0
# 2216
batch2216 1.0 0.0 1000.0
0
# 2217
batch2217 1.0 0.0 1000.0
0
# 2218
batch2218 1.0 0.0 1000.0
0
# 2219
batch2219 1.0 0.0 1000.0
0
# 2220
batch2220 1.0 0.0 1000.0
0
# 2221
batch2221 1.0 0.0 1000.0
0
# 2222
batch2222 1.0 0.0 1000.0
0
# 2223
batch2223 1.0 0.0 1000.0
0
# 2224
batch2224 1.0 0.0 1000.0
0
# 2225
batch2225 1.0 0.0 1000.0
0
# 2226
batch2226 1.0 0.0 1000.0
0
# 2227
batch2227 1.0 0.0 1000.0
0
# 2228
batch2228 1.0 0.0 1000.0
0
# 2229
batch2229 1.0 0.0 1000.0
0
# 2230
batch2230 1.0 0.0 1000.0
0
# 2231
batch2231 1.0 0.0 1000.0
0
# 2232
batch2232 1.0 0.0 1000.0
0
# 2233
batch2233 1.0 0.0 1000.0
0
# 2234
batch2234 1.0 0.0 1000.0
0
# 2235
batch2235 1.0 0.0 1000.0
0
# 2236
batch2236 1.0 0.0 1000.0
0
# 2237
batch2237 1.0 0.0 1000.0
0
# 2238
batch2238 1.0 0.0 1000.0
0
# 2239
batch2239 1.0 0.0 1000.0
0
# 2240
batch2240 1.0 0.0 1000.0
0
# 2241
batch2241 1.0 0.0 1000.0
0
# 2242
batch2242 1.0 0.0 1000.0
0
# 2243
batch2243 1.0 0.0 1000.0
0
# 2244
batch2244 1.0 0.0 1000.0
0
# 2245
batch2245 1.0 0.0 1000.0
0
# 2246
batch2246 1.0 0.0 1000.0
0
# 2247
batch2247 1.0 0.0 1000.0
0
# 2248
batch2248 1.0 0.0 1000.0
0
# 2249
batch2249 1.0 0.0 1000.0
0
# 2250
batch2250 1.0 0.0 1000.0
0
# 2251
batch2251 1.0 0.0 1000.0
0
# 2252
batch2252 1.0 0.0 1000.0
0
# 2253
batch2253 1.0 0.0 1000.0
0
# 2254
batch2254 1.0 0.0 1000.0
0
# 2255
batch2255 1.0 0.0 1000.0
0
# 2256
batch2256 1.0 0.0 1000.0
0
# 2257
batch2257 1.0 0.0 1000.0
0
# 2258
batch2258 1.0 0.0 1000.0
0
# 2259
batch2259 1.0 0.0 1000.0
0
# 2260
batch2260 1.0 0.0 1000.0
0
# 2261
batch2261 1.0 0.0 1000.0
0
# 2262
batch2262 1.0 0.0 1000.0
0
# 2263
batch2263 1.0 0.0 1000.0
0
# 2264
batch2264 1.0 0.0 1000.0
0
# 2265
batch2265 1.0 0.0 1000.0
0
# 2266
batch2266 1.0 0.0 1000.0
0
# 2267
batch2267 1.0 0.0 1000.0
0
# 2268
batch2268 1.0 0.0 1000.0
0
# 2269
batch2269 1.0 0.0 1000.0
0
# 2270
batch2270 1.0 0.0 1000.0
0
# 2271
batch2271 1.0 0.0 1000.0
0
# 2272
batch2272 1.0 0.0 1000.0
0
# 2273
batch2273 1.0 0.0 1000.0
0
# 2274
batch2274 1.0 0.0 1000.0
0
# 2275
batch2275 1.0 0.0 1000.0
0
# 2276
batch2276 1.0 0.0 1000.0
0
# 2277
batch2277 1.0 0.0 1000.0
0
# 2278
batch2278 1.0 0.0 1000.0
0
# 2279
batch2279 1.0 0.0 1000.0
0
# 2280
batch2280 1.0 0.0 1000.0
0
# 2281
batch2281 1.0 0.0 1000.0
0
# 2282
batch2282 1.0 0.0 1000.0
0
# 2283
batch2283 1.0 0.0 1000.0
0
# 2284
batch2284 1.0 0.0 1000.0
0
# 2285
batch2285 1.0 0.0 1000.0
0
# 2286
batch2286 1.0 0.0 1000.0
0
# 2287
batch2287 1.0 0.0 1000.0
0
# 2288
batch2288 1.0 0.0 1000.0
0
# 2289
batch2289 1.0 0.0 1000.0
0
# 2290
batch2290 1.0 0.0 1000.0
0
# 2291
batch2291 1.0 0.0 1000.0
0
# 2292
batch2292 1.0 0.0 1000.0
0
# 2293
batch2293 1.0 0.0 1000.0
0
# 2294
batch2294 1.0 0.0 1000.0
0
# 2295
batch2295 1.0 0.0 1000.0
0
# 2296
batch2296 1.0 0.0 1000.0
0
# 2297
batch2297 1.0 0.0 1000.0
0
# 2298
batch2298 1.0 0.0 1000.0
0
# 2299
batch2299 1.0 0.0 1000.0
0
# 2300
batch2300 1.0 0.0 1000.0
0
# 2301
batch2301 1.0 0.0 1000.0
0
# 2302
batch2302 1.0 0.0 1000.0
0
# 2303
batch2303 1.0 0.0 1000.0
0
# 2304
batch2304 1.0 0.0 1000.0
0
# 2305
batch2305 1.0 0.0 1000.0
0
# 2306
batch2306 1.0 0.0 1000.0
0
# 2307
batch2307 1.0 0.0 1000.0
0
# 2308
batch2308 1.0 0.0 1000.0
0
# 2309
batch2309 1.0 0.0 1000.0
0
# 2310
batch2310 1.0 0.0 1000.0
0
# 2311
batch2311 1.0 0.0 1000.0
0
# 2312
batch2312 1.0 0.0 1000.0
0
# 2313
batch2313 1.0 0.0 1000.0
0
# 2314
batch2314 1.0 0.0 1000.0
0
# 2315
batch2315 1.0 0.0 1000.0
0
# 2316
batch2316 1.0 0.0 1000.0
0
# 2317
batch2317 1.0 0.0 1000.0
0
# 2318
batch2318 1.0 0.0 1000.0
0
# 2319
batch2319 1.0 0.0 1000.0
0
# 2320
batch2320 1.0 0.0 1000.0
0
# 2321
batch2321 1.0 0.0 1000.0
0
# 2322
batch2322 1.0 0.0 1000.0
0
# 2323
batch2323 1.0 0.0 1000.0
0
# 2324
batch2324 1.0 0.0 1000.0
0
# 2325
batch2325 1.0 0.0 1000.0
0
# 2326
batch2326 1.0 0.0 1000.0
0
# 2327
batch2327 1.0 0.0 1000.0
0
# 2328
batch2328 1.0 0.0 1000.0
0
# 2329
batch2329 1.0 0.0 1000.0
0
# 2330
batch2330 1.0 0.0 1000.0
0
# 2331
batch2331 1.0 0.0 1000.0
0
# 2332
batch2332 1.0 0.0 1000.0
0
# 2333
batch2333 1.0 0.0 1000.0
0
# 2334
batch2334 1.0 0.0 1000.0
0
# 2335
batch2335 1.0 0.0 1000.0
0
# 2336
batch2336 1.0 0.0 1000.0
0
# 2337
batch2337 1.0 0.0 1000.0
0
# 2338
batch2338 1.0 0.0 1000.0
0
# 2339
batch2339 1.0 0.0 1000.0
0
# 2340
batch2340 1.0 0.0 1000.0
0
# 2341
batch2341 1.0 0.0 1000.0
0
# 2342
batch2342 1.0 0.0 1000.0
0
# 2343
batch2343 1.0 0.0 1000.0
0
# 2344
batch2344 1.0 0.0 1000.0
0
# 2345
batch2345 1.0 0.0 1000.0
0
# 2346
batch2346 1.0 0.0 1000.0
0
# 2347
batch2347 1.0 0.0 1000.0
0
# 2348
batch2348 1.0 0.0 1000.0
0
# 2349
batch2349 1.0 0.0 1000.0
0
# 2350
batch2350 1.0 0.0 1000.0
0
# 2351
batch2351 1.0 0.0 1000.0
0
# 2352
batch2352 1.0 0.0 1000.0
0
# 2353
batch2353 1.0 0.0 1000.0
0
# 2354
batch2354 1.0 0.0 1000.0
0
# 2355
batch2355 1.0 0.0 1000.0
0
# 2356
batch2356 1.0 0.0 1000.0
0
# 2357
batch2357 1.0 0.0 1000.0
0
# 2358
batch2358 1.0 0.0 1000.0
0
# 2359
batch2359 1.0 0.0 1000.0
0
# 2360
batch2360 1.0 0.0 1000.0
0
# 2361
batch2361 1.0 0.0 1000.0
0
# 2362
batch2362 1.0 0.0 1000.0
0
# 2363
batch2363 1.0 0.0 1000.0
0
# 2364
batch2364 1.0 0.0 1000.0
0
# 2365
batch2365 1.0 0.0 1000.0
0
# 2366
batch2366 1.0 0.0 1000.0
0
# 2367
batch2367 1.0 0.0 1000.0
0
# 2368
batch2368 1.0 0.0 1000.0
0
# 2369
batch2369 1.0 0.0 1000.0
0
# 2370
batch2370 1.0 0.0 1000.0
0
# 2371
batch2371 1.0 0.0 1000.0
0
# 2372
batch2372 1.0 0.0 1000.0
0
# 2373
batch2373 1.0 0.0 1000.0
0
# 2374
batch2374 1.0 0.0 1000.0
0
# 2375
batch2375 1.0 0.0 1000.0
0
# 2376
batch2376 1.0 0.0 1000.0
0
# 2377
batch2377 1.0 0.0 1000.0
0
# 2378
batch2378 1.0 0.0 1000.0
0
# 2379
batch2379 1.0 0.0 1000.0
0
# 2380
batch2380 1.0 0.0 1000.0
0
# 2381
batch2381 1.0 0.0 1000.0
0
# 2382
batch2382 1.0 0.0 1000.0
0
# 2383
batch2383 1.0 0.0 1000.0
0
# 2384
batch2384 1.0 0.0 1000.0
0
# 2385
batch2385 1.0 0.0 1000.0
0
# 2386
batch2386 1.0 0.0 1000.0
0
# 2387
batch2387 1.0 0.0 1000.0
0
# 2388
batch2388 1.0 0.0 1000.0
0
# 2389
batch2389 1.0 0.0 1000.0
0
# 2390
batch2390 1.0 0.0 1000.0
0
# 2391
batch2391 1.0 0.0 1000.0
0
# 2392
batch2392 1.0 0.0 1000.0
0
# 2393
batch2393 1.0 0.0 1000.0
0
# 2394
batch2394 1.0 0.0 1000.0
0
# 2395
batch2395 1.0 0.0 1000.0
0
# 2396
batch2396 1.0 0.0 1000.0
0
# 2397
batch2397 1.0 0.0 1000.0
0
# 2398
batch2398 1.0 0.0 1000.0
0
# 2399
batch2399 1.0 0.0 1000.0
0
# 2400
batch2400 1.0 0.0 1000.0
0
# 2401
batch2401 1.0 0.0 1000.0
0
# 2402
batch2402 1.0 0.0 1000.0
0
# 2403
batch2403 1.0 0.0 1000.0
0
# 2404
batch2404 1.0 0.0 1000.0
0
# 2405
batch2405 1.0 0.0 1000.0
0
# 2406
batch2406 1.0 0.0 1000.0
0
# 2407
batch2407 1.0 0.0 1000.0
0
# 2408
batch2408 1.0 0.0 1000.0
0
# 2409
batch2409 1.0 0.0 1000.0
0
# 2410
batch2410 1.0 0.0 1000.0
0
# 2411
batch2411 1.0 0.0 1000.0
0
# 2412
batch2412 1.0 0.0 1000.0
0
# 2413
batch2413 1.0 0.0 1000.0
0
# 2414
batch2414 1.0 0.0 1000.0
0
# 2415
batch2415 1.0 0.0 1000.0
0
# 2416
batch2416 1.0 0.0 1000.0
0
# 2417
batch2417 1.0 0.0 1000.0
0
# 2418
batch2418 1.0 0.0 1000.0
0
# 2419
batch2419 1.0 0.0 1000.0
0
# 2420
batch2420 1.0 0.0 1000.0
0
# 2421
batch2421 1.0 0.0 1000.0
0
# 2422
batch2422 1.0 0.0 1000.0
0
# 2423
batch2423 1.0 0.0 1000.0
0
# 2424
batch2424 1.0 0.0 1000.0
0
# 2425
batch2425 1.0 0.0 1000.0
0
# 2426
batch2426 1.0 0.0 1000.0
0
# 2427
batch2427 1.0 0.0 1000.0
0
# 2428
batch2428 1.0 0.0 1000.0
0
# 2429
batch2429 1.0 0.0 1000.0
0
# 2430
batch2430 1.0 0.0 1000.0
0
# 2431
batch2431 1.0 0.0 1000.0
0
# 2432
batch2432 1.0 0.0 1000.0
0
# 2433
batch2433 1.0 0.0 1000.0
0
# 2434
batch2434 1.0 0.0 1000.0
0
# 2435
batch2435 1.0 0.0 1000.0
0
# 2436
batch2436 1.0 0.0 1000.0
0
# 2437
batch2437 1.0 0.0 1000.0
0
# 2438
batch2438 1.0 0.0 1000.0
0
# 2439
batch2439 1.0 0.0 1000.0
0
# 2440
batch2440 1.0 0.0 1000.0
0
# 2441
batch2441 1.0 0.0 1000.0
0
# 2442
batch2442 1.0 0.0 1000.0
0
# 2443
batch2443 1.0 0.0 1000.0
0
# 2444
batch2444 1.0 0.0 1000.0
0
# 2445
batch2445 1.0 0.0 1000.0
0
# 2446
batch2446 1.0 0.0 1000.0
0
# 2447
batch2447 1.0 0.0 1000.0
0
# 2448
batch2448 1.0 0.0 1000.0
0
# 2449
batch2449 1.0 0.0 1000.0
0
# 2450
batch2450 1.0 0.0 1000.0
0
# 2451
batch2451 1.0 0.0 1000.0
0
# 2452
batch2452 1.0 0.0 1000.0
0
# 2453
batch2453 1.0 0.0 1000.0
0
# 2454
batch2454 1.0 0.0 1000.0
0
# 2455
batch2455 1.0 0.0 1000.0
0
# 2456
batch2456 1.0 0.0 1000.0
0
# 2457
batch2457 1.0 0.0 1000.0
0
# 2458
batch2458 1.0 0.0 1000.0
0
# 2459
batch2459 1.0 0.0 1000.0
0
# 2460
batch2460 1.0 0.0 1000.0
0
# 2461
batch2461 1.0 0.0 1000.0
0
# 2462
batch2462 1.0 0.0 1000.0
0
# 2463
batch2463 1.0 0.0 1000.0
0
# 2464
batch2464 1.0 0.0 1000.0
0
# 2465
batch2465 1.0 0.0 1000.0
0
# 2466
batch2466 1.0 0.0 1000.0
0
# 2467
batch2467 1.0 0.0 1000.0
0
# 2468
batch2468 1.0 0.0 1000.0
0
# 2469
batch2469 1.0 0.0 1000.0
0
# 2470
batch2470 1.0 0.0 1000.0
0
# 2471
batch2471 1.0 0.0 1000.0
0
# 2472
batch2472 1.0 0.0 1000.0
0
# 2473
batch2473 1.0 0.0 1000.0
0
# 2474
batch2474 1.0 0.0 1000.0
0
# 2475
batch2475 1.0 0.0 1000.0
0
# 2476
batch2476 1.0 0.0 1000.0
0
# 2477
batch2477 1.0 0.0 1000.0
0
# 2478
batch2478 1.0 0.0 1000.0
0
# 2479
batch2479 1.0 0.0 1000.0
0
# 2480
batch2480 1.0 0.0 1000.0
0
# 2481
batch2481 1.0 0.0 1000.0
0
# 2482
batch2482 1.0 0.0 1000.0
0
# 2483
batch2483 1.0 0.0 1000.0
0
# 2484
batch2484 1.0 0.0 1000.0
0
# 2485
batch2485 1.0 0.0 1000.0
0
# 2486
batch2486 1.0 0.0 1000.0
0
# 2487
batch2487 1.0 0.0 1000.0
0
# 2488
batch2488 1.0 0.0 1000.0
0
# 2489
batch2489 1.0 0.0 1000.0
0
# 2490
batch2490 1.0 0.0 1000.0
0
# 2491
batch2491 1.0 0.0 1000.0
0
# 2492
batch2492 1.0 0.0 1000.0
0
# 2493
batch2493 1.0 0.0 1000.0
0
# 2494
batch2494 1.0 0.0 1000.0
0
# 2495
batch2495 1.0 0.0 1000.0
0
# 2496
batch2496 1.0 0.0 1000.0
0
# 2497
batch2497 1.0 0.0 1000.0
0
# 2498
batch2498 1.0 0.0 1000.0
0
# 2499
batch2499 1.0 0.0 1000.0
0
# 2500
batch2500 1.0 0.0 1000.0
0
# 2501
batch2501 1.0 0.0 1000.0
0
# 2502
batch2502 1.0 0.0 1000.0
0
# 2503
batch2503 1.0 0.0 1000.0
0
# 2504
batch2504 1.0 0.0 1000.0
0
# 2505
batch2505 1.0 0.0 1000.0
0
# 2506
batch2506 1.0 0.0 1000.0
0
# 2507
batch2507 1.0 0.0 1000.0
0
# 2508
batch2508 1.0 0.0 1000.0
0
# 2509
batch2509 1.0 0.0 1000.0
0
# 2510
batch2510 1.0 0.0 1000.0
0
# 2511
batch2511 1.0 0.0 1000.0
0
# 2512
batch2512 1.0 0.0 1000.0
0
# 2513
batch2513 1.0 0.0 1000.0
0
# 2514
batch2514 1.0 0.0 1000.0
0
# 2515
batch2515 1.0 0.0 1000.0
0
# 2516
batch2516 1.0 0.0 1000.0
0
# 2517
batch2517 1.0 0.0 1000.0
0
# 2518
batch2518 1.0 0.0 1000.0
0
# 2519
batch2519 1.0 0.0 1000.0
0
# 2520
batch2520 1.0 0.0 1000.0
0
# 2521
batch2521 1.0 0.0 1000.0
0
# 2522
batch2522 1.0 0.0 1000.0
0
# 2523
batch2523 1.0 0.0 1000.0
0
# 2524
batch2524 1.0 0.0 1000.0
0
# 2525
batch2525 1.0 0.0 1000.0
0
# 2526
batch2526 1.0 0.0 1000.0
0
# 2527
batch2527 1.0 0.0 1000.0
0
# 2528
batch2528 1.0 0.0 1000.0
0
# 2529
batch2529 1.0 0.0 1000.0
0
# 2530
batch2530 1.0 0.0 1000.0
0
# 2531
batch2531 1.0 0.0 1000.0
0
# 2532
batch2532 1.0 0.0 1000.0
0
# 2533
batch2533 1.0 0.0 1000.0
0
# 2534
batch2534 1.0 0.0 1000.0
0
# 2535
batch2535 1.0 0.0 1000.0
0
# 2536
batch2536 1.0 0.0 1000.0
0
# 2537
batch2537 1.0 0.0 1000.0
0
# 2538
batch2538 1.0 0.0 1000.0
0
# 2539
batch2539 1.0 0.0 1000.0
0
# 2540
batch2540 1.0 0.0 1000.0
0
# 2541
batch2541 1.0 0.0 1000.0
0
# 2542
batch2542 1.0 0.0 1000.0
0
# 2543
batch2543 1.0 0.0 1000.0
0
# 2544
batch2544 1.0 0.0 1000.0
0
# 2545
batch2545 1.0 0.0 1000.0
0
# 2546
batch2546 1.0 0.0 1000.0
0
# 2547
batch2547 1.0 0.0 1000.0
0
# 2548
batch2548 1.0 0.0 1000.0
0
# 2549
batch2549 1.0 0.0 1000.0
0
# 2550
batch2550 1.0 0.0 1000.0
0
# 2551
batch2551 1.0 0.0 1000.0
0
# 2552
batch2552 1.0 0.0 1000.0
0
# 2553
batch2553 1.0 0.0 1000.0
0
# 2554
batch2554 1.0 0.0 1000.0
0
# 2555
batch2555 1.0 0.0 1000.0
0
# 2556
batch2556 1.0 0.0 1000.0
0
# 2557
batch2557 1.0 0.0 1000.0
0
# 2558
batch2558 1.0 0.0 1000.0
0
# 2559
batch2559 1.0 0.0 1000.0
0
# 2560
batch2560 1.0 0.0 1000.0
0
# 2561
batch2561 1.0 0.0 1000.0
0
# 2562
batch2562 1.0 0.0 1000.0
0
# 2563
batch2563 1.0 0.0 1000.0
0
# 2564
batch2564 1.0 0.0 1000.0
0
# 2565
batch2565 1.0 0.0 1000.0
0
# 2566
batch2566 1.0 0.0 1000.0
0
# 2567
batch2567 1.0 0.0 1000.0
0
# 2568
batch2568 1.0 0.0 1000.0
0
# 2569
batch2569 1.0 0.0 1000.0
0
# 2570
batch2570 1.0 0.0 1000.0
0
# 2571
batch2571 1.0 0.0 1000.0
0
# 2572
batch2572 1.0 0.0 1000.0
0
# 2573
batch2573 1.0 0.0 1000.0
0
# 2574
batch2574 1.0 0.0 1000.0
0
# 2575
batch2575 1.0 0.0 1000.0
0
# 2576
batch2576 1.0 0.0 1000.0
0
# 2577
batch2577 1.0 0.0 1000.0
0
# 2578
batch2578 1.0 0.0 1000.0
0
# 2579
batch2579 1.0 0.0 1000.0
0
# 2580
batch2580 1.0 0.0 1000.0
0
# 2581
batch2581 1.0 0.0 1000.0
0
# 2582
batch2582 1.0 0.0 1000.0
0
# 2583
batch2583 1.0 0.0 1000.0
0
# 2584
batch2584 1.0 0.0 1000.0
0
# 2585
batch2585 1.0 0.0 1000.0
0
# 2586
batch2586 1.0 0.0 1000.0
0
# 2587
batch2587 1.0 0.0 1000.0
0
# 2588
batch2588 1.0 0.0 1000.0
0
# 2589
batch2589 1.0 0.0 1000.0
0
# 2590
batch2590 1.0 0.0 1000.0
0
# 2591
batch2591 1.0 0.0 1000.0
0
# 2592
batch2592 1.0 0.0 1000.0
0
# 2593
batch2593 1.0 0.0 1000.0
0
# 2594
batch2594 1.0 0.0 1000.0
0
# 2595
batch2595 1.0 0.0 1000.0
0
# 2596
batch2596 1.0 0.0 1000.0
0
# 2597
batch2597 1.0 0.0 1000.0
0
# 2598
batch2598 1.0 0.0 1000.0
0
# 2599
batch2599 1.0 0.0 1000.0
0
# 2600
batch2600 1.0 0.0 1000.0
0
# 2601
batch2601 1.0 0.0 1000.0
0
# 2602
batch2602 1.0 0.0 1000.0
0
# 2603
batch2603 1.0 0.0 1000.0
0
# 2604
batch2604 1.0 0.0 1000.0
0
# 2605
batch2605 1.0 0.0 1000.0
0
# 2606
batch2606 1.0 0.0 1000.0
0
# 2607
batch2607 1.0 0.0 1000.0
0
# 2608
batch2608 1.0 0.0 1000.0
0
# 2609
batch2609 1.0 0.0 1000.0
0
# 2610
batch2610 1.0 0.0 1000.0
0
# 2611
batch2611 1.0 0.0 1000.0
0
# 2612
batch2612 1.0 0.0 1000.0
0
# 2613
batch2613 1.0 0.0 1000.0
0
# 2614
batch2614 1.0 0.0 1000.0
0
# 2615
batch2615 1.0 0.0 1000.0
0
# 2616
batch2616 1.0 0.0 1000.0
0
# 2617
batch2617 1.0 0.0 1000.0
0
# 2618
batch2618 1.0 0.0 1000.0
0
# 2619
batch2619 1.0 0.0 1000.0
0
# 2620
batch2620 1.0 0.0 1000.0
0
# 2621
batch2621 1.0 0.0 1000.0
0
# 2622
batch2622 1.0 0.0 1000.0
0
# 2623
batch2623 1.0 0.0 1000.0
0
# 2624
batch2624 1.0 0.0 1000.0
0
# 2625
batch2625 1.0 0.0 1000.0
0
# 2626
batch2626 1.0 0.0 1000.0
0
# 2627
batch2627 1.0 0.0 1000.0
0
# 2628
batch2628 1.0 0.0 1000.0
0
# 2629
batch2629 1.0 0.0 1000.0
0
# 2630
batch2630 1.0 0.0 1000.0
0
# 2631
batch2631 1.0 0.0 1000.0
0
# 2632
batch2632 1.0 0.0 1000.0
0
# 2633
batch2633 1.0 0.0 1000.0
0
# 2634
batch2634 1.0 0.0 1000.0
0
# 2635
batch2635 1.0 0.0 1000.0
0
# 2636
batch2636 1.0 0.0 1000.0
0
# 2637
batch2637 1.0 0.0 1000.0
0
# 2638
batch2638 1.0 0.0 1000.0
0
# 2639
batch2639 1.0 0.0 1000.0
0
# 2640
batch2640 1.0 0.0 1000.0
0
# 2641
batch2641 1.0 0.0 1000.0
0
# 2642
batch2642 1.0 0.0 1000.0
0
# 2643
batch2643 1.0 0.0 1000.0
0
# 2644
batch2644 1.0 0.0 1000.0
0
# 2645
batch2645 1.0 0.0 1000.0
0
# 2646
batch2646 1.0 0.0 1000.0
0
# 2647
batch2647 1.0 0.0 1000.0
0
# 2648
batch2648 1.0 0.0 1000.0
0
# 2649
batch2649 1.0 0.0 1000.0
0
# 2650
batch2650 1.0 0.0 1000.0
0
# 2651
batch2651 1.0 0.0 1000.0
0
# 2652
batch2652 1.0 0.0 1000.0
0
# 2653
batch2653 1.0 0.0 1000.0
0
# 2654
batch2654 1.0 0.0 1000.0
0
# 2655
batch2655 1.0 0.0 1000.0
0
# 2656
batch2656 1.0 0.0 1000.0
0
# 2657
batch2657 1.0 0.0 1000.0
0
# 2658
batch2658 1.0 0.0 1000.0
0
# 2659
batch2659 1.0 0.0 1000.0
0
# 2660
batch2660 1.0 0.0 1000.0
0
# 2661
batch2661 1.0 0.0 1000.0
0
# 2662
batch2662 1.0 0.0 1000.0
0
# 2663
batch2663 1.0 0.0 1000.0
0
# 2664
batch2664 1.0 0.0 1000.0
0
# 2665
batch2665 1.0 0.0 1000.0
0
# 2666
batch2666 1.0 0.0 1000.0
0
# 2667
batch2667 1.0 0.0 1000.0
0
# 2668
batch2668 1.0 0.0 1000.0
0
# 2669
batch2669 1.0 0.0 1000.0
0
# 2670
batch2670 1.0 0.0 1000.0
0
# 2671
batch2671 1.0 0.0 1000.0
0
# 2672
batch2672 1.0 0.0 1000.0
0
# 2673
batch2673 1.0 0.0 1000.0
0
# 2674
batch2674 1.0 0.0 1000.0
0
# 2675
batch2675 1.0 0.0 1000.0
0
# 2676
batch2676 1.0 0.0 1000.0
0
# 2677
batch2677 1.0 0.0 1000.0
0
# 2678
batch2678 1.0 0.0 1000.0
0
# 2679
batch2679 1.0 0.0 1000.0
0
# 2680
batch2680 1.0 0.0 1000.0
0
# 2681
batch2681 1.0 0.0 1000.0
0
# 2682
batch2682 1.0 0.0 1000.0
0
# 2683
batch2683 1.0 0.0 1000.0
0
# 2684
batch2684 1.0 0.0 1000.0
0
# 2685
batch2685 1.0 0.0 1000.0
0
# 2686
batch2686 1.0 0.0 1000.0
0
# 2687
batch2687 1.0 0.0 1000.0
0
# 2688
batch2688 1.0 0.0 1000.0
0
# 2689
batch2689 1.0 0.0 1000.0
0
# 2690
batch2690 1.0 0.0 1000.0
0
# 2691
batch2691 1.0 0.0 1000.0
0
# 2692
batch2692 1.0 0.0 1000.0
0
# 2693
batch2693 1.0 0.0 1000.0
0
# 2694
batch2694 1.0 0.0 1000.0
0
# 2695
batch2695 1.0 0.0 1000.0
0
# 2696
batch2696 1.0 0.0 1000.0
0
# 2697
batch2697 1.0 0.0 1000.0
0
# 2698
batch2698 1.0 0.0 1000.0
0
# 2699
batch2699 1.0 0.0 1000.0
0
# 2700
batch2700 1.0 0.0 1000.0
0
# 2701
batch2701 1.0 0.0 1000.0
0
# 2702
batch2702 1.0 0.0 1000.0
0
# 2703
batch2703 1.0 0.0 1000.0
0
# 2704
batch2704 1.0 0.0 1000.0
0
# 2705
batch2705 1.0 0.0 1000.0
0
# 2706
batch2706 1.0 0.0 1000.0
0
# 2707
batch2707 1.0 0.0 1000.0
0
# 2708
batch2708 1.0 0.0 1000.0
0
# 2709
batch2709 1.0 0.0 1000.0
0
# 2710
batch2710 1.0 0.0 1000.0
0
# 2711
batch2711 1.0 0.0 1000.0
0
# 2712
batch2712 1.0 0.0 1000.0
0
# 2713
batch2713 1.0 0.0 1000.0
0
# 2714
batch2714 1.0 0.0 1000.0
0
# 2715
batch2715 1.0 0.0 1000.0
0
# 2716
batch2716 1.0 0.0 1000.0
0
# 2717
batch2717 1.0 0.0 1000.0
0
# 2718
batch2718 1.0 0.0 1000.0
0
# 2719
batch2719 1.0 0.0 1000.0
0
# 2720
batch2720 1.0 0.0 1000.0
0
# 2721
batch2721 1.0 0.0 1000.0
0
# 2722
batch2722 1.0 0.0 1000.0
0
# 2723
batch2723 1.0 0.0 1000.0
0
# 2724
batch2724 1.0 0.0 1000.0
0
# 2725
batch2725 1.0 0.0 1000.0
0
# 2726
batch2726 1.0 0.0 1000.0
0
# 2727
batch2727 1.0 0.0 1000.0
0
# 2728
batch2728 1.0 0.0 1000.0
0
# 2729
batch2729 1.0 0.0 1000.0
0
# 2730
batch2730 1.0 0.0 1000.0
0
# 2731
batch2731 1.0 0.0 1000.0
0
# 2732
batch2732 1.0 0.0 1000.0
0
# 2733
batch2733 1.0 0.0 1000.0
0
# 2734
batch2734 1.0 0.0 1000.0
0
# 2735
batch2735 1.0 0.0 1000.0
0
# 2736
batch2736 1.0 0.0 1000.0
0
# 2737
batch2737 1.0 0.0 1000.0
0
# 2738
batch2738 1.0 0.0 1000.0
0
# 2739
batch2739 1.0 0.0 1000.0
0
# 2740
batch2740 1.0 0.0 1000.0
0
# 2741
batch2741 1.0 0.0 1000.0
0
# 2742
batch2742 1.0 0.0 1000.0
0
# 2743
batch2743 1.0 0.0 1000.0
0
# 2744
batch2744 1.0 0.0 1000.0
0
# 2745
batch2745 1.0 0.0 1000.0
0
# 2746
batch2746 1.0 0.0 1000.0
0
# 2747
batch2747 1.0 0.0 1000.0
0
# 2748
batch2748 1.0 0.0 1000.0
0
# 2749
batch2749 1.0 0.0 1000.0
0
# 2750
batch2750 1.0 0.0 1000.0
0
# 2751
batch2751 1.0 0.0 1000.0
0
# 2752
batch2752 1.0 0.0 1000.0
0
# 2753
batch2753 1.0 0.0 1000.0
0
# 2754
batch2754 1.0 0.0 1000.0
0
# 2755
batch2755 1.0 0.0 1000.0
0
# 2756
batch2756 1.0 0.0 1000.0
0
# 2757
batch2757 1.0 0.0 1000.0
0
# 2758
batch2758 1.0 0.0 1000.0
0
# 2759
batch2759 1.0 0.0 1000.0
0
# 2760
batch2760 1.0 0.0 1000.0
0
# 2761
batch2761 1.0 0.0 1000.0
0
# 2762
batch2762 1.0 0.0 1000.0
0
# 2763
batch2763 1.0 0.0 1000.0
0
# 2764
batch2764 1.0 0.0 1000.0
0
# 2765
batch2765 1.0 0.0 1000.0
0
# 2766
batch2766 1.0 0.0 1000.0
0
# 2767
batch2767 1.0 0.0 1000.0
0
# 2768
batch2768 1.0 0.0 1000.0
0
# 2769
batch2769 1.0 0.0 1000.0
0
# 2770
batch2770 1.0 0.0 1000.0
0
# 2771
batch2771 1.0 0.0 1000.0
0
# 2772
batch2772 1.0 0.0 1000.0
0
# 2773
batch2773 1.0 0.0 1000.0
0
# 2774
batch2774 1.0 0.0 1000.0
0
# 2775
batch2775 1.0 0.0 1000.0
0
# 2776
batch2776 1.0 0.0 1000.0
0
# 2777
batch2777 1.0 0.0 1000.0
0
# 2778
batch2778 1.0 0.0 1000.0
0
# 2779
batch2779 1.0 0.0 1000.0
0
# 2780
batch2780 1.0 0.0 1000.0
0
# 2781
batch2781 1.0 0.0 1000.0
0
# 2782
batch2782 1.0 0.0 1000.0
0
# 2783
batch2783 1.0 0.0 1000.0
0
# 2784
batch2784 1.0 0.0 1000.0
0
# 2785
batch2785 1.0 0.0 1000.0
0
# 2786
batch2786 1.0 0.0 1000.0
0
# 2787
batch2787 1.0 0.0 1000.0
0
# 2788
batch2788 1.0 0.0 1000.0
0
# 2789
batch2789 1.0 0.0 1000.0
0
# 2790
batch2790 1.0 0.0 1000.0
0
# 2791
batch2791 1.0 0.0 1000.0
0
# 2792
batch2792 1.0 0.0 1000.0
0
# 2793
batch2793 1.0 0.0 1000.0
0
# 2794
batch2794 1.0 0.0 1000.0
0
# 2795
batch2795 1.0 0.0 1000.0
0
# 2796
batch2796 1.0 0.0 1000.0
0
# 2797
batch2797 1.0 0.0 1000.0
0
# 2798
batch2798 1.0 0.0 1000.0
0
# 2799
batch2799 1.0 0.0 1000.0
0
# 2800
batch2800 1.0 0.0 1000.0
0
# 2801
batch2801 1.0 0.0 1000.0
0
# 2802
batch2802 1.0 0.0 1000.0
0
# 2803
batch2803 1.0 0.0 1000.0
0
# 2804
batch2804 1.0 0.0 1000.0
0
# 2805
batch2805 1.0 0.0 1000.0
0
# 2806
batch2806 1.0 0.0 1000.0
0
# 2807
batch2807 1.0 0.0 1000.0
0
# 2808
batch2808 1.0 0.0 1000.0
0
# 2809
batch2809 1.0 0.0 1000.0
0
# 2810
batch2810 1.0 0.0 1000.0
0
# 2811
batch2811 1.0 0.0 1000.0
0
# 2812
batch2812 1.0 0.0 1000.0
0
# 2813
batch2813 1.0 0.0 1000.0
0
# 2814
batch2814 1.0 0.0 1000.0
0
# 2815
batch2815 1.0 0.0 1000.0
0
# 2816
batch2816 1.0 0.0 1000.0
0
# 2817
batch2817 1.0 0.0 1000.0
0
# 2818
batch2818 1.0 0.0 1000.0
0
# 2819
batch2819 1.0 0.0 1000.0
0
# 2820
batch2820 1.0 0.0 1000.0
0
# 2821
batch2821 1.0 0.0 1000.0
0
# 2822
batch2822 1.0 0.0 1000.0
0
# 2823
batch2823 1.0 0.0 1000.0
0
# 2824
batch2824 1.0 0.0 1000.0
0
# 2825
batch2825 1.0 0.0 1000.0
0
# 2826
batch2826 1.0 0.0 1000.0
0
# 2827
batch2827 1.0 0.0 1000.0
0
# 2828
batch2828 1.0 0.0 1000.0
0
# 2829
batch2829 1.0 0.0 1000.0
0
# 2830
batch2830 1.0 0.0 1000.0
0
# 2831
batch2831 1.0 0.0 1000.0
0
# 2832
batch2832 1.0 0.0 1000.0
0
# 2833
batch2833 1.0 0.0 1000.0
0
# 2834
batch2834 1.0 0.0 1000.0
0
# 2835
batch2835 1.0 0.0 1000.0
0
# 2836
batch2836 1.0 0.0 1000.0
0
# 2837
batch2837 1.0 0.0 1000.0
0
# 2838
batch2838 1.0 0.0 1000.0
0
# 2839
batch2839 1.0 0.0 1000.0
0
# 2840
batch2840 1.0 0.0 1000.0
0
# 2841
batch2841 1.0 0.0 1000.0
0
# 2842
batch2842 1.0 0.0 1000.0
0
# 2843
batch2843 1.0 0.0 1000.0
0
# 2844
batch2844 1.0 0.0 1000.0
0
# 2845
batch2845 1.0 0.0 1000.0
0
# 2846
batch2846 1.0 0.0 1000.0
0
# 2847
batch2847 1.0 0.0 1000.0
0
# 2848
batch2848 1.0 0.0 1000.0
0
# 2849
batch2849 1.0 0.0 1000.0
0
# 2850
batch2850 1.0 0.0 1000.0
0
# 2851
batch2851 1.0 0.0 1000.0
0
# 2852
batch2852 1.0 0.0 1000.0
0
# 2853
batch2853 1.0 0.0 1000.0
0
# 2854
batch2854 1.0 0.0 1000.0
0
# 2855
batch2855 1.0 0.0 1000.0
0
# 2856
batch2856 1.0 0.0 1000.0
0
# 2857
batch2857 1.0 0.0 1000.0
0
# 2858
batch2858 1.0 0.0 1000.0
0
# 2859
batch2859 1.0 0.0 1000.0
0
# 2860
batch2860 1.0 0.0 1000.0
0
# 2861
batch2861 1.0 0.0 1000.0
0
# 2862
batch2862 1.0 0.0 1000.0
0
# 2863
batch2863 1.0 0.0 1000.0
0
# 2864
batch2864 1.0 0.0 1000.0
0
# 2865
batch2865 1.0 0.0 1000.0
0
# 2866
batch2866 1.0 0.0 1000.0
0
# 2867
batch2867 1.0 0.0 1000.0
0
# 2868
batch2868 1.0 0.0 1000.0
0
# 2869
batch2869 1.0 0.0 1000.0
0
# 2870
batch2870 1.0 0.0 1000.0
0
# 2871
batch2871 1.0 0.0 1000.0
0
# 2872
batch2872 1.0 0.0 1000.0
0
# 2873
batch2873 1.0 0.0 1000.0
0
# 2874
batch2874 1.0 0.0 1000.0
0
# 2875
batch2875 1.0 0.0 1000.0
0
# 2876
batch2876 1.0 0.0 1000.0
0
# 2877
batch2877 1.0 0.0 1000.0
0
# 2878
batch2878 1.0 0.0 1000.0
0
# 2879
batch2879 1.0 0.0 1000.0
0
# 2880
batch2880 1.0 0.0 1000.0
0
# 2881
batch2881 1.0 0.0 1000.0
0
# 2882
batch2882 1.0 0.0 1000.0
0
# 2883
batch2883 1.0 0.0 1000.0
0
# 2884
batch2884 1.0 0.0 1000.0
0
# 2885
batch2885 1.0 0.0 1000.0
0
# 2886
batch2886 1.0 0.0 1000.0
0
# 2887
batch2887 1.0 0.0 1000.0
0
# 2888
batch2888 1.0 0.0 1000.0
0
# 2889
batch2889 1.0 0.0 1000.0
0
# 2890
batch2890 1.0 0.0 1000.0
0
# 2891
batch2891 1.0 0.0 1000.0
0
# 2892
batch2892 1.0 0.0 1000.0
0
# 2893
batch2893 1.0 0.0 1000.0
0
# 2894
batch2894 1.0 0.0 1000.0
0
# 2895
batch2895 1.0 0.0 1000.0
0
# 2896
batch2896 1.0 0.0 1000.0
0
# 2897
batch2897 1.0 0.0 1000.0
0
# 2898
batch2898 1.0 0.0 1000.0
0
# 2899
batch2899 1.0 0.0 1000.0
0
# 2900
batch2900 1.0 0.0 1000.0
0
# 2901
batch2901 1.0 0.0 1000.0
0
# 2902
batch2902 1.0 0.0 1000.0
0
# 2903
batch2903 1.0 0.0 1000.0
0
# 2904
batch2904 1.0 0.0 1000.0
0
# 2905
batch2905 1.0 0.0 1000.0
0
# 2906
batch2906 1.0 0.0 1000.0
0
# 2907
batch2907 1.0 0.0 1000.0
0
# 2908
batch2908 1.0 0.0 1000.0
0
# 2909
batch2909 1.0 0.0 1000.0
0
# 2910
batch2910 1.0 0.0 1000.0
0
# 2911
batch2911 1.0 0.0 1000.0
0
# 2912
batch2912 1.0 0.0 1000.0
0
# 2913
batch2913 1.0 0.0 1000.0
0
# 2914
batch2914 1.0 0.0 1000.0
0
# 2915
batch2915 1.0 0.0 1000.0
0
# 2916
batch2916 1.0 0.0 1000.0
0
# 2917
batch2917 1.0 0.0 1000.0
0
# 2918
batch2918 1.0 0.0 1000.0
0
# 2919
batch2919 1.0 0.0 1000.0
0
# 2920
batch2920 1.0 0.0 1000.0
0
# 2921
batch2921 1.0 0.0 1000.0
0
# 2922
batch2922 1.0 0.0 1000.0
0
# 2923
batch2923 1.0 0.0 1000.0
0
# 2924
batch2924 1.0 0.0 1000.0
0
# 2925
batch2925 1.0 0.0 1000.0
0
# 2926
batch2926 1.0 0.0 1000.0
0
# 2927
batch2927 1.0 0.0 1000.0
0
# 2928
batch2928 1.0 0.0 1000.0
0
# 2929
batch2929 1.0 0.0 1000.0
0
# 2930
batch2930 1.0 0.0 1000.0
0
# 2931
batch2931 1.0 0.0 1000.0
0
# 2932
batch2932 1.0 0.0 1000.0
0
# 2933
batch2933 1.0 0.0 1000.0
0
# 2934
batch2934 1.0 0.0 1000.0
0
# 2935
batch2935 1.0 0.0 1000.0
0
# 2936
batch2936 1.0 0.0 1000.0
0
# 2937
batch2937 1.0 0.0 1000.0
0
# 2938
batch2938 1.0 0.0 1000.0
0
# 2939
batch2939 1.0 0.0 1000.0
0
# 2940
batch2940 1.0 0.0 1000.0
0
# 2941
batch2941 1.0 0.0 1000.0
0
# 2942
batch2942 1.0 0.0 1000.0
0
# 2943
batch2943 1.0 0.0 1000.0
0
# 2944
batch2944 1.0 0.0 1000.0
0
# 2945
batch2945 1.0 0.0 1000.0
0
# 2946
batch2946 1.0 0.0 1000.0
0
# 2947
batch2947 1.0 0.0 1000.0
0
# 2948
batch2948 1.0 0.0 1000.0
0
# 2949
batch2949 1.0 0.0 1000.0
0
# 2950
batch2950 1.0 0.0 1000.0
0
# 2951
batch2951 1.0 0.0 1000.0
0
# 2952
batch2952 1.0 0.0 1000.0
0
# 2953
batch2953 1.0 0.0 1000.0
0
# 2954
batch2954 1.0 0.0 1000.0
0
# 2955
batch2955 1.0 0.0 1000.0
0
# 2956
batch2956 1.0 0.0 1000.0
0
# 2957
batch2957 1.0 0.0 1000.0
0
# 2958
batch2958 1.0 0.0 1000.0
0
# 2959
batch2959 1.0 0.0 1000.0
0
# 2960
batch2960 1.0 0.0 1000.0
0
# 2961
batch2961 1.0 0.0 1000.0
0
# 2962
batch2962 1.0 0.0 1000.0
0
# 2963
batch2963 1.0 0.0 1000.0
0
# 2964
batch2964 1.0 0.0 1000.0
0
# 2965
batch2965 1.0 0.0 1000.0
0
# 2966
batch2966 1.0 0.0 1000.0
0
# 2967
batch2967 1.0 0.0 1000.0
0
# 2968
batch2968 1.0 0.0 1000.0
0
# 2969
batch2969 1.0 0.0 1000.0
0
# 2970
batch2970 1.0 0.0 1000.0
0
# 2971
batch2971 1.0 0.0 1000.0
0
# 2972
batch2972 1.0 0.0 1000.0
0
# 2973
batch2973 1.0 0.0 1000.0
0
# 2974
batch2974 1.0 0.0 1000.0
0
# 2975
batch2975 1.0 0.0 1000.0
0
# 2976
batch2976 1.0 0.0 1000.0
0
# 2977
batch2977 1.0 0.0 1000.0
0
# 2978
batch2978 1.0 0.0 1000.0
0
# 2979
batch2979 1.0 0.0 1000.0
0
# 2980
batch2980 1.0 0.0 1000.0
0
# 2981
batch2981 1.0 0.0 1000.0
0
# 2982
batch2982 1.0 0.0 1000.0
0
# 2983
batch2983 1.0 0.0 1000.0
0
# 2984
batch2984 1.0 0.0 1000.0
0
# 2985
batch2985 1.0 0.0 1000.0
0
# 2986
batch2986 1.0 0.0 1000.0
0
# 2987
batch2987 1.0 0.0 1000.0
0
# 2988
batch2988 1.0 0.0 1000.0
0
# 2989
batch2989 1.0 0.0 1000.0
0
# 2990
batch2990 1.0 0.0 1000.0
0
# 2991
batch2991 1.0 0.0 1000.0
0
# 2992
batch2992 1.0 0.0 1000.0
0
# 2993
batch2993 1.0 0.0 1000.0
0
# 2994
batch2994 1.0 0.0 1000.0
0
# 2995
batch2995 1.0 0.0 1000.0
0
# 2996
batch2996 1.0 0.0 1000.0
0
# 2997
batch2997 1.0 0.0 1000.0
0
# 2998
batch2998 1.0 0.0 1000.0
0
# 2999
batch2999 1.0 0.0 1000.0
0
