# 0
bursty0 1.0 0.0 1000.0
1
25.0 100.0 100.0
# 0
batch0 1.0 0.0 1000.0
0
# 1
batch1 1.0 0.0 1000.0
0
# 2
batch2 1.0 0.0 1000.0
0
# 3
batch3 1.0 0.0 1000.0
0
# 4
batch4 1.0 0.0 1000.0
0
# 5
batch5 1.0 0.0 1000.0
0
# 6
batch6 1.0 0.0 1000.0
0
# 7
batch7 1.0 0.0 1000.0
0
# 8
batch8 1.0 0.0 1000.0
0
# 9
batch9 1.0 0.0 1000.0
0
# 10
batch10 1.0 0.0 1000.0
0
# 11
batch11 1.0 0.0 1000.0
0
# 12
batch12 1.0 0.0 1000.0
0
# 13
batch13 1.0 0.0 1000.0
0
# 14
batch14 1.0 0.0 1000.0
0
# 15
batch15 1.0 0.0 1000.0
0
# 16
batch16 1.0 0.0 1000.0
0
# 17
batch17 1.0 0.0 1000.0
0
# 18
batch18 1.0 0.0 1000.0
0
# 19
batch19 1.0 0.0 1000.0
0
# 20
batch20 1.0 0.0 1000.0
0
# 21
batch21 1.0 0.0 1000.0
0
# 22
batch22 1.0 0.0 1000.0
0
# 23
batch23 1.0 0.0 1000.0
0
# 24
batch24 1.0 0.0 1000.0
0
# 25
batch25 1.0 0.0 1000.0
0
# 26
batch26 1.0 0.0 1000.0
0
# 27
batch27 1.0 0.0 1000.0
0
# 28
batch28 1.0 0.0 1000.0
0
# 29
batch29 1.0 0.0 1000.0
0
# 30
batch30 1.0 0.0 1000.0
0
# 31
batch31 1.0 0.0 1000.0
0
# 32
batch32 1.0 0.0 1000.0
0
# 33
batch33 1.0 0.0 1000.0
0
# 34
batch34 1.0 0.0 1000.0
0
# 35
batch35 1.0 0.0 1000.0
0
# 36
batch36 1.0 0.0 1000.0
0
# 37
batch37 1.0 0.0 1000.0
0
# 38
batch38 1.0 0.0 1000.0
0
# 39
batch39 1.0 0.0 1000.0
0
# 40
batch40 1.0 0.0 1000.0
0
# 41
batch41 1.0 0.0 1000.0
0
# 42
batch42 1.0 0.0 1000.0
0
# 43
batch43 1.0 0.0 1000.0
0
# 44
batch44 1.0 0.0 1000.0
0
# 45
batch45 1.0 0.0 1000.0
0
# 46
batch46 1.0 0.0 1000.0
0
# 47
batch47 1.0 0.0 1000.0
0
# 48
batch48 1.0 0.0 1000.0
0
# 49
batch49 1.0 0.0 1000.0
0
# 50
batch50 1.0 0.0 1000.0
0
# 51
batch51 1.0 0.0 1000.0
0
# 52
batch52 1.0 0.0 1000.0
0
# 53
batch53 1.0 0.0 1000.0
0
# 54
batch54 1.0 0.0 1000.0
0
# 55
batch55 1.0 0.0 1000.0
0
# 56
batch56 1.0 0.0 1000.0
0
# 57
batch57 1.0 0.0 1000.0
0
# 58
batch58 1.0 0.0 1000.0
0
# 59
batch59 1.0 0.0 1000.0
0
# 60
batch60 1.0 0.0 1000.0
0
# 61
batch61 1.0 0.0 1000.0
0
# 62
batch62 1.0 0.0 1000.0
0
# 63
batch63 1.0 0.0 1000.0
0
# 64
batch64 1.0 0.0 1000.0
0
# 65
batch65 1.0 0.0 1000.0
0
# 66
batch66 1.0 0.0 1000.0
0
# 67
batch67 1.0 0.0 1000.0
0
# 68
batch68 1.0 0.0 1000.0
0
# 69
batch69 1.0 0.0 1000.0
0
# 70
batch70 1.0 0.0 1000.0
0
# 71
batch71 1.0 0.0 1000.0
0
# 72
batch72 1.0 0.0 1000.0
0
# 73
batch73 1.0 0.0 1000.0
0
# 74
batch74 1.0 0.0 1000.0
0
# 75
batch75 1.0 0.0 1000.0
0
# 76
batch76 1.0 0.0 1000.0
0
# 77
batch77 1.0 0.0 1000.0
0
# 78
batch78 1.0 0.0 1000.0
0
# 79
batch79 1.0 0.0 1000.0
0
# 80
batch80 1.0 0.0 1000.0
0
# 81
batch81 1.0 0.0 1000.0
0
# 82
batch82 1.0 0.0 1000.0
0
# 83
batch83 1.0 0.0 1000.0
0
# 84
batch84 1.0 0.0 1000.0
0
# 85
batch85 1.0 0.0 1000.0
0
# 86
batch86 1.0 0.0 1000.0
0
# 87
batch87 1.0 0.0 1000.0
0
# 88
batch88 1.0 0.0 1000.0
0
# 89
batch89 1.0 0.0 1000.0
0
# 90
batch90 1.0 0.0 1000.0
0
# 91
batch91 1.0 0.0 1000.0
0
# 92
batch92 1.0 0.0 1000.0
0
# 93
batch93 1.0 0.0 1000.0
0
# 94
batch94 1.0 0.0 1000.0
0
# 95
batch95 1.0 0.0 1000.0
0
# 96
batch96 1.0 0.0 1000.0
0
# 97
batch97 1.0 0.0 1000.0
0
# 98
batch98 1.0 0.0 1000.0
0
# 99
batch99 1.0 0.0 1000.0
0
# 100
batch100 1.0 0.0 1000.0
0
# 101
batch101 1.0 0.0 1000.0
0
# 102
batch102 1.0 0.0 1000.0
0
# 103
batch103 1.0 0.0 1000.0
0
# 104
batch104 1.0 0.0 1000.0
0
# 105
batch105 1.0 0.0 1000.0
0
# 106
batch106 1.0 0.0 1000.0
0
# 107
batch107 1.0 0.0 1000.0
0
# 108
batch108 1.0 0.0 1000.0
0
# 109
batch109 1.0 0.0 1000.0
0
# 110
batch110 1.0 0.0 1000.0
0
# 111
batch111 1.0 0.0 1000.0
0
# 112
batch112 1.0 0.0 1000.0
0
# 113
batch113 1.0 0.0 1000.0
0
# 114
batch114 1.0 0.0 1000.0
0
# 115
batch115 1.0 0.0 1000.0
0
# 116
batch116 1.0 0.0 1000.0
0
# 117
batch117 1.0 0.0 1000.0
0
# 118
batch118 1.0 0.0 1000.0
0
# 119
batch119 1.0 0.0 1000.0
0
# 120
batch120 1.0 0.0 1000.0
0
# 121
batch121 1.0 0.0 1000.0
0
# 122
batch122 1.0 0.0 1000.0
0
# 123
batch123 1.0 0.0 1000.0
0
# 124
batch124 1.0 0.0 1000.0
0
# 125
batch125 1.0 0.0 1000.0
0
# 126
batch126 1.0 0.0 1000.0
0
# 127
batch127 1.0 0.0 1000.0
0
# 128
batch128 1.0 0.0 1000.0
0
# 129
batch129 1.0 0.0 1000.0
0
# 130
batch130 1.0 0.0 1000.0
0
# 131
batch131 1.0 0.0 1000.0
0
# 132
batch132 1.0 0.0 1000.0
0
# 133
batch133 1.0 0.0 1000.0
0
# 134
batch134 1.0 0.0 1000.0
0
# 135
batch135 1.0 0.0 1000.0
0
# 136
batch136 1.0 0.0 1000.0
0
# 137
batch137 1.0 0.0 1000.0
0
# 138
batch138 1.0 0.0 1000.0
0
# 139
batch139 1.0 0.0 1000.0
0
# 140
batch140 1.0 0.0 1000.0
0
# 141
batch141 1.0 0.0 1000.0
0
# 142
batch142 1.0 0.0 1000.0
0
# 143
batch143 1.0 0.0 1000.0
0
# 144
batch144 1.0 0.0 1000.0
0
# 145
batch145 1.0 0.0 1000.0
0
# 146
batch146 1.0 0.0 1000.0
0
# 147
batch147 1.0 0.0 1000.0
0
# 148
batch148 1.0 0.0 1000.0
0
# 149
batch149 1.0 0.0 1000.0
0
# 150
batch150 1.0 0.0 1000.0
0
# 151
batch151 1.0 0.0 1000.0
0
# 152
batch152 1.0 0.0 1000.0
0
# 153
batch153 1.0 0.0 1000.0
0
# 154
batch154 1.0 0.0 1000.0
0
# 155
batch155 1.0 0.0 1000.0
0
# 156
batch156 1.0 0.0 1000.0
0
# 157
batch157 1.0 0.0 1000.0
0
# 158
batch158 1.0 0.0 1000.0
0
# 159
batch159 1.0 0.0 1000.0
0
# 160
batch160 1.0 0.0 1000.0
0
# 161
batch161 1.0 0.0 1000.0
0
# 162
batch162 1.0 0.0 1000.0
0
# 163
batch163 1.0 0.0 1000.0
0
# 164
batch164 1.0 0.0 1000.0
0
# 165
batch165 1.0 0.0 1000.0
0
# 166
batch166 1.0 0.0 1000.0
0
# 167
batch167 1.0 0.0 1000.0
0
# 168
batch168 1.0 0.0 1000.0
0
# 169
batch169 1.0 0.0 1000.0
0
# 170
batch170 1.0 0.0 1000.0
0
# 171
batch171 1.0 0.0 1000.0
0
# 172
batch172 1.0 0.0 1000.0
0
# 173
batch173 1.0 0.0 1000.0
0
# 174
batch174 1.0 0.0 1000.0
0
# 175
batch175 1.0 0.0 1000.0
0
# 176
batch176 1.0 0.0 1000.0
0
# 177
batch177 1.0 0.0 1000.0
0
# 178
batch178 1.0 0.0 1000.0
0
# 179
batch179 1.0 0.0 1000.0
0
# 180
batch180 1.0 0.0 1000.0
0
# 181
batch181 1.0 0.0 1000.0
0
# 182
batch182 1.0 0.0 1000.0
0
# 183
batch183 1.0 0.0 1000.0
0
# 184
batch184 1.0 0.0 1000.0
0
# 185
batch185 1.0 0.0 1000.0
0
# 186
batch186 1.0 0.0 1000.0
0
# 187
batch187 1.0 0.0 1000.0
0
# 188
batch188 1.0 0.0 1000.0
0
# 189
batch189 1.0 0.0 1000.0
0
# 190
batch190 1.0 0.0 1000.0
0
# 191
batch191 1.0 0.0 1000.0
0
# 192
batch192 1.0 0.0 1000.0
0
# 193
batch193 1.0 0.0 1000.0
0
# 194
batch194 1.0 0.0 1000.0
0
# 195
batch195 1.0 0.0 1000.0
0
# 196
batch196 1.0 0.0 1000.0
0
# 197
batch197 1.0 0.0 1000.0
0
# 198
batch198 1.0 0.0 1000.0
0
# 199
batch199 1.0 0.0 1000.0
0
# 200
batch200 1.0 0.0 1000.0
0
# 201
batch201 1.0 0.0 1000.0
0
# 202
batch202 1.0 0.0 1000.0
0
# 203
batch203 1.0 0.0 1000.0
0
# 204
batch204 1.0 0.0 1000.0
0
# 205
batch205 1.0 0.0 1000.0
0
# 206
batch206 1.0 0.0 1000.0
0
# 207
batch207 1.0 0.0 1000.0
0
# 208
batch208 1.0 0.0 1000.0
0
# 209
batch209 1.0 0.0 1000.0
0
# 210
batch210 1.0 0.0 1000.0
0
# 211
batch211 1.0 0.0 1000.0
0
# 212
batch212 1.0 0.0 1000.0
0
# 213
batch213 1.0 0.0 1000.0
0
# 214
batch214 1.0 0.0 1000.0
0
# 215
batch215 1.0 0.0 1000.0
0
# 216
batch216 1.0 0.0 1000.0
0
# 217
batch217 1.0 0.0 1000.0
0
# 218
batch218 1.0 0.0 1000.0
0
# 219
batch219 1.0 0.0 1000.0
0
# 220
batch220 1.0 0.0 1000.0
0
# 221
batch221 1.0 0.0 1000.0
0
# 222
batch222 1.0 0.0 1000.0
0
# 223
batch223 1.0 0.0 1000.0
0
# 224
batch224 1.0 0.0 1000.0
0
# 225
batch225 1.0 0.0 1000.0
0
# 226
batch226 1.0 0.0 1000.0
0
# 227
batch227 1.0 0.0 1000.0
0
# 228
batch228 1.0 0.0 1000.0
0
# 229
batch229 1.0 0.0 1000.0
0
# 230
batch230 1.0 0.0 1000.0
0
# 231
batch231 1.0 0.0 1000.0
0
# 232
batch232 1.0 0.0 1000.0
0
# 233
batch233 1.0 0.0 1000.0
0
# 234
batch234 1.0 0.0 1000.0
0
# 235
batch235 1.0 0.0 1000.0
0
# 236
batch236 1.0 0.0 1000.0
0
# 237
batch237 1.0 0.0 1000.0
0
# 238
batch238 1.0 0.0 1000.0
0
# 239
batch239 1.0 0.0 1000.0
0
# 240
batch240 1.0 0.0 1000.0
0
# 241
batch241 1.0 0.0 1000.0
0
# 242
batch242 1.0 0.0 1000.0
0
# 243
batch243 1.0 0.0 1000.0
0
# 244
batch244 1.0 0.0 1000.0
0
# 245
batch245 1.0 0.0 1000.0
0
# 246
batch246 1.0 0.0 1000.0
0
# 247
batch247 1.0 0.0 1000.0
0
# 248
batch248 1.0 0.0 1000.0
0
# 249
batch249 1.0 0.0 1000.0
0
# 250
batch250 1.0 0.0 1000.0
0
# 251
batch251 1.0 0.0 1000.0
0
# 252
batch252 1.0 0.0 1000.0
0
# 253
batch253 1.0 0.0 1000.0
0
# 254
batch254 1.0 0.0 1000.0
0
# 255
batch255 1.0 0.0 1000.0
0
# 256
batch256 1.0 0.0 1000.0
0
# 257
batch257 1.0 0.0 1000.0
0
# 258
batch258 1.0 0.0 1000.0
0
# 259
batch259 1.0 0.0 1000.0
0
# 260
batch260 1.0 0.0 1000.0
0
# 261
batch261 1.0 0.0 1000.0
0
# 262
batch262 1.0 0.0 1000.0
0
# 263
batch263 1.0 0.0 1000.0
0
# 264
batch264 1.0 0.0 1000.0
0
# 265
batch265 1.0 0.0 1000.0
0
# 266
batch266 1.0 0.0 1000.0
0
# 267
batch267 1.0 0.0 1000.0
0
# 268
batch268 1.0 0.0 1000.0
0
# 269
batch269 1.0 0.0 1000.0
0
# 270
batch270 1.0 0.0 1000.0
0
# 271
batch271 1.0 0.0 1000.0
0
# 272
batch272 1.0 0.0 1000.0
0
# 273
batch273 1.0 0.0 1000.0
0
# 274
batch274 1.0 0.0 1000.0
0
# 275
batch275 1.0 0.0 1000.0
0
# 276
batch276 1.0 0.0 1000.0
0
# 277
batch277 1.0 0.0 1000.0
0
# 278
batch278 1.0 0.0 1000.0
0
# 279
batch279 1.0 0.0 1000.0
0
# 280
batch280 1.0 0.0 1000.0
0
# 281
batch281 1.0 0.0 1000.0
0
# 282
batch282 1.0 0.0 1000.0
0
# 283
batch283 1.0 0.0 1000.0
0
# 284
batch284 1.0 0.0 1000.0
0
# 285
batch285 1.0 0.0 1000.0
0
# 286
batch286 1.0 0.0 1000.0
0
# 287
batch287 1.0 0.0 1000.0
0
# 288
batch288 1.0 0.0 1000.0
0
# 289
batch289 1.0 0.0 1000.0
0
# 290
batch290 1.0 0.0 1000.0
0
# 291
batch291 1.0 0.0 1000.0
0
# 292
batch292 1.0 0.0 1000.0
0
# 293
batch293 1.0 0.0 1000.0
0
# 294
batch294 1.0 0.0 1000.0
0
# 295
batch295 1.0 0.0 1000.0
0
# 296
batch296 1.0 0.0 1000.0
0
# 297
batch297 1.0 0.0 1000.0
0
# 298
batch298 1.0 0.0 1000.0
0
# 299
batch299 1.0 0.0 1000.0
0
# 300
batch300 1.0 0.0 1000.0
0
# 301
batch301 1.0 0.0 1000.0
0
# 302
batch302 1.0 0.0 1000.0
0
# 303
batch303 1.0 0.0 1000.0
0
# 304
batch304 1.0 0.0 1000.0
0
# 305
batch305 1.0 0.0 1000.0
0
# 306
batch306 1.0 0.0 1000.0
0
# 307
batch307 1.0 0.0 1000.0
0
# 308
batch308 1.0 0.0 1000.0
0
# 309
batch309 1.0 0.0 1000.0
0
# 310
batch310 1.0 0.0 1000.0
0
# 311
batch311 1.0 0.0 1000.0
0
# 312
batch312 1.0 0.0 1000.0
0
# 313
batch313 1.0 0.0 1000.0
0
# 314
batch314 1.0 0.0 1000.0
0
# 315
batch315 1.0 0.0 1000.0
0
# 316
batch316 1.0 0.0 1000.0
0
# 317
batch317 1.0 0.0 1000.0
0
# 318
batch318 1.0 0.0 1000.0
0
# 319
batch319 1.0 0.0 1000.0
0
# 320
batch320 1.0 0.0 1000.0
0
# 321
batch321 1.0 0.0 1000.0
0
# 322
batch322 1.0 0.0 1000.0
0
# 323
batch323 1.0 0.0 1000.0
0
# 324
batch324 1.0 0.0 1000.0
0
# 325
batch325 1.0 0.0 1000.0
0
# 326
batch326 1.0 0.0 1000.0
0
# 327
batch327 1.0 0.0 1000.0
0
# 328
batch328 1.0 0.0 1000.0
0
# 329
batch329 1.0 0.0 1000.0
0
# 330
batch330 1.0 0.0 1000.0
0
# 331
batch331 1.0 0.0 1000.0
0
# 332
batch332 1.0 0.0 1000.0
0
# 333
batch333 1.0 0.0 1000.0
0
# 334
batch334 1.0 0.0 1000.0
0
# 335
batch335 1.0 0.0 1000.0
0
# 336
batch336 1.0 0.0 1000.0
0
# 337
batch337 1.0 0.0 1000.0
0
# 338
batch338 1.0 0.0 1000.0
0
# 339
batch339 1.0 0.0 1000.0
0
# 340
batch340 1.0 0.0 1000.0
0
# 341
batch341 1.0 0.0 1000.0
0
# 342
batch342 1.0 0.0 1000.0
0
# 343
batch343 1.0 0.0 1000.0
0
# 344
batch344 1.0 0.0 1000.0
0
# 345
batch345 1.0 0.0 1000.0
0
# 346
batch346 1.0 0.0 1000.0
0
# 347
batch347 1.0 0.0 1000.0
0
# 348
batch348 1.0 0.0 1000.0
0
# 349
batch349 1.0 0.0 1000.0
0
# 350
batch350 1.0 0.0 1000.0
0
# 351
batch351 1.0 0.0 1000.0
0
# 352
batch352 1.0 0.0 1000.0
0
# 353
batch353 1.0 0.0 1000.0
0
# 354
batch354 1.0 0.0 1000.0
0
# 355
batch355 1.0 0.0 1000.0
0
# 356
batch356 1.0 0.0 1000.0
0
# 357
batch357 1.0 0.0 1000.0
0
# 358
batch358 1.0 0.0 1000.0
0
# 359
batch359 1.0 0.0 1000.0
0
# 360
batch360 1.0 0.0 1000.0
0
# 361
batch361 1.0 0.0 1000.0
0
# 362
batch362 1.0 0.0 1000.0
0
# 363
batch363 1.0 0.0 1000.0
0
# 364
batch364 1.0 0.0 1000.0
0
# 365
batch365 1.0 0.0 1000.0
0
# 366
batch366 1.0 0.0 1000.0
0
# 367
batch367 1.0 0.0 1000.0
0
# 368
batch368 1.0 0.0 1000.0
0
# 369
batch369 1.0 0.0 1000.0
0
# 370
batch370 1.0 0.0 1000.0
0
# 371
batch371 1.0 0.0 1000.0
0
# 372
batch372 1.0 0.0 1000.0
0
# 373
batch373 1.0 0.0 1000.0
0
# 374
batch374 1.0 0.0 1000.0
0
# 375
batch375 1.0 0.0 1000.0
0
# 376
batch376 1.0 0.0 1000.0
0
# 377
batch377 1.0 0.0 1000.0
0
# 378
batch378 1.0 0.0 1000.0
0
# 379
batch379 1.0 0.0 1000.0
0
# 380
batch380 1.0 0.0 1000.0
0
# 381
batch381 1.0 0.0 1000.0
0
# 382
batch382 1.0 0.0 1000.0
0
# 383
batch383 1.0 0.0 1000.0
0
# 384
batch384 1.0 0.0 1000.0
0
# 385
batch385 1.0 0.0 1000.0
0
# 386
batch386 1.0 0.0 1000.0
0
# 387
batch387 1.0 0.0 1000.0
0
# 388
batch388 1.0 0.0 1000.0
0
# 389
batch389 1.0 0.0 1000.0
0
# 390
batch390 1.0 0.0 1000.0
0
# 391
batch391 1.0 0.0 1000.0
0
# 392
batch392 1.0 0.0 1000.0
0
# 393
batch393 1.0 0.0 1000.0
0
# 394
batch394 1.0 0.0 1000.0
0
# 395
batch395 1.0 0.0 1000.0
0
# 396
batch396 1.0 0.0 1000.0
0
# 397
batch397 1.0 0.0 1000.0
0
# 398
batch398 1.0 0.0 1000.0
0
# 399
batch399 1.0 0.0 1000.0
0
# 400
batch400 1.0 0.0 1000.0
0
# 401
batch401 1.0 0.0 1000.0
0
# 402
batch402 1.0 0.0 1000.0
0
# 403
batch403 1.0 0.0 1000.0
0
# 404
batch404 1.0 0.0 1000.0
0
# 405
batch405 1.0 0.0 1000.0
0
# 406
batch406 1.0 0.0 1000.0
0
# 407
batch407 1.0 0.0 1000.0
0
# 408
batch408 1.0 0.0 1000.0
0
# 409
batch409 1.0 0.0 1000.0
0
# 410
batch410 1.0 0.0 1000.0
0
# 411
batch411 1.0 0.0 1000.0
0
# 412
batch412 1.0 0.0 1000.0
0
# 413
batch413 1.0 0.0 1000.0
0
# 414
batch414 1.0 0.0 1000.0
0
# 415
batch415 1.0 0.0 1000.0
0
# 416
batch416 1.0 0.0 1000.0
0
# 417
batch417 1.0 0.0 1000.0
0
# 418
batch418 1.0 0.0 1000.0
0
# 419
batch419 1.0 0.0 1000.0
0
# 420
batch420 1.0 0.0 1000.0
0
# 421
batch421 1.0 0.0 1000.0
0
# 422
batch422 1.0 0.0 1000.0
0
# 423
batch423 1.0 0.0 1000.0
0
# 424
batch424 1.0 0.0 1000.0
0
# 425
batch425 1.0 0.0 1000.0
0
# 426
batch426 1.0 0.0 1000.0
0
# 427
batch427 1.0 0.0 1000.0
0
# 428
batch428 1.0 0.0 1000.0
0
# 429
batch429 1.0 0.0 1000.0
0
# 430
batch430 1.0 0.0 1000.0
0
# 431
batch431 1.0 0.0 1000.0
0
# 432
batch432 1.0 0.0 1000.0
0
# 433
batch433 1.0 0.0 1000.0
0
# 434
batch434 1.0 0.0 1000.0
0
# 435
batch435 1.0 0.0 1000.0
0
# 436
batch436 1.0 0.0 1000.0
0
# 437
batch437 1.0 0.0 1000.0
0
# 438
batch438 1.0 0.0 1000.0
0
# 439
batch439 1.0 0.0 1000.0
0
# 440
batch440 1.0 0.0 1000.0
0
# 441
batch441 1.0 0.0 1000.0
0
# 442
batch442 1.0 0.0 1000.0
0
# 443
batch443 1.0 0.0 1000.0
0
# 444
batch444 1.0 0.0 1000.0
0
# 445
batch445 1.0 0.0 1000.0
0
# 446
batch446 1.0 0.0 1000.0
0
# 447
batch447 1.0 0.0 1000.0
0
# 448
batch448 1.0 0.0 1000.0
0
# 449
batch449 1.0 0.0 1000.0
0
# 450
batch450 1.0 0.0 1000.0
0
# 451
batch451 1.0 0.0 1000.0
0
# 452
batch452 1.0 0.0 1000.0
0
# 453
batch453 1.0 0.0 1000.0
0
# 454
batch454 1.0 0.0 1000.0
0
# 455
batch455 1.0 0.0 1000.0
0
# 456
batch456 1.0 0.0 1000.0
0
# 457
batch457 1.0 0.0 1000.0
0
# 458
batch458 1.0 0.0 1000.0
0
# 459
batch459 1.0 0.0 1000.0
0
# 460
batch460 1.0 0.0 1000.0
0
# 461
batch461 1.0 0.0 1000.0
0
# 462
batch462 1.0 0.0 1000.0
0
# 463
batch463 1.0 0.0 1000.0
0
# 464
batch464 1.0 0.0 1000.0
0
# 465
batch465 1.0 0.0 1000.0
0
# 466
batch466 1.0 0.0 1000.0
0
# 467
batch467 1.0 0.0 1000.0
0
# 468
batch468 1.0 0.0 1000.0
0
# 469
batch469 1.0 0.0 1000.0
0
# 470
batch470 1.0 0.0 1000.0
0
# 471
batch471 1.0 0.0 1000.0
0
# 472
batch472 1.0 0.0 1000.0
0
# 473
batch473 1.0 0.0 1000.0
0
# 474
batch474 1.0 0.0 1000.0
0
# 475
batch475 1.0 0.0 1000.0
0
# 476
batch476 1.0 0.0 1000.0
0
# 477
batch477 1.0 0.0 1000.0
0
# 478
batch478 1.0 0.0 1000.0
0
# 479
batch479 1.0 0.0 1000.0
0
# 480
batch480 1.0 0.0 1000.0
0
# 481
batch481 1.0 0.0 1000.0
0
# 482
batch482 1.0 0.0 1000.0
0
# 483
batch483 1.0 0.0 1000.0
0
# 484
batch484 1.0 0.0 1000.0
0
# 485
batch485 1.0 0.0 1000.0
0
# 486
batch486 1.0 0.0 1000.0
0
# 487
batch487 1.0 0.0 1000.0
0
# 488
batch488 1.0 0.0 1000.0
0
# 489
batch489 1.0 0.0 1000.0
0
# 490
batch490 1.0 0.0 1000.0
0
# 491
batch491 1.0 0.0 1000.0
0
# 492
batch492 1.0 0.0 1000.0
0
# 493
batch493 1.0 0.0 1000.0
0
# 494
batch494 1.0 0.0 1000.0
0
# 495
batch495 1.0 0.0 1000.0
0
# 496
batch496 1.0 0.0 1000.0
0
# 497
batch497 1.0 0.0 1000.0
0
# 498
batch498 1.0 0.0 1000.0
0
# 499
batch499 1.0 0.0 1000.0
0
# 500
batch500 1.0 0.0 1000.0
0
# 501
batch501 1.0 0.0 1000.0
0
# 502
batch502 1.0 0.0 1000.0
0
# 503
batch503 1.0 0.0 1000.0
0
# 504
batch504 1.0 0.0 1000.0
0
# 505
batch505 1.0 0.0 1000.0
0
# 506
batch506 1.0 0.0 1000.0
0
# 507
batch507 1.0 0.0 1000.0
0
# 508
batch508 1.0 0.0 1000.0
0
# 509
batch509 1.0 0.0 1000.0
0
# 510
batch510 1.0 0.0 1000.0
0
# 511
batch511 1.0 0.0 1000.0
0
# 512
batch512 1.0 0.0 1000.0
0
# 513
batch513 1.0 0.0 1000.0
0
# 514
batch514 1.0 0.0 1000.0
0
# 515
batch515 1.0 0.0 1000.0
0
# 516
batch516 1.0 0.0 1000.0
0
# 517
batch517 1.0 0.0 1000.0
0
# 518
batch518 1.0 0.0 1000.0
0
# 519
batch519 1.0 0.0 1000.0
0
# 520
batch520 1.0 0.0 1000.0
0
# 521
batch521 1.0 0.0 1000.0
0
# 522
batch522 1.0 0.0 1000.0
0
# 523
batch523 1.0 0.0 1000.0
0
# 524
batch524 1.0 0.0 1000.0
0
# 525
batch525 1.0 0.0 1000.0
0
# 526
batch526 1.0 0.0 1000.0
0
# 527
batch527 1.0 0.0 1000.0
0
# 528
batch528 1.0 0.0 1000.0
0
# 529
batch529 1.0 0.0 1000.0
0
# 530
batch530 1.0 0.0 1000.0
0
# 531
batch531 1.0 0.0 1000.0
0
# 532
batch532 1.0 0.0 1000.0
0
# 533
batch533 1.0 0.0 1000.0
0
# 534
batch534 1.0 0.0 1000.0
0
# 535
batch535 1.0 0.0 1000.0
0
# 536
batch536 1.0 0.0 1000.0
0
# 537
batch537 1.0 0.0 1000.0
0
# 538
batch538 1.0 0.0 1000.0
0
# 539
batch539 1.0 0.0 1000.0
0
# 540
batch540 1.0 0.0 1000.0
0
# 541
batch541 1.0 0.0 1000.0
0
# 542
batch542 1.0 0.0 1000.0
0
# 543
batch543 1.0 0.0 1000.0
0
# 544
batch544 1.0 0.0 1000.0
0
# 545
batch545 1.0 0.0 1000.0
0
# 546
batch546 1.0 0.0 1000.0
0
# 547
batch547 1.0 0.0 1000.0
0
# 548
batch548 1.0 0.0 1000.0
0
# 549
batch549 1.0 0.0 1000.0
0
# 550
batch550 1.0 0.0 1000.0
0
# 551
batch551 1.0 0.0 1000.0
0
# 552
batch552 1.0 0.0 1000.0
0
# 553
batch553 1.0 0.0 1000.0
0
# 554
batch554 1.0 0.0 1000.0
0
# 555
batch555 1.0 0.0 1000.0
0
# 556
batch556 1.0 0.0 1000.0
0
# 557
batch557 1.0 0.0 1000.0
0
# 558
batch558 1.0 0.0 1000.0
0
# 559
batch559 1.0 0.0 1000.0
0
# 560
batch560 1.0 0.0 1000.0
0
# 561
batch561 1.0 0.0 1000.0
0
# 562
batch562 1.0 0.0 1000.0
0
# 563
batch563 1.0 0.0 1000.0
0
# 564
batch564 1.0 0.0 1000.0
0
# 565
batch565 1.0 0.0 1000.0
0
# 566
batch566 1.0 0.0 1000.0
0
# 567
batch567 1.0 0.0 1000.0
0
# 568
batch568 1.0 0.0 1000.0
0
# 569
batch569 1.0 0.0 1000.0
0
# 570
batch570 1.0 0.0 1000.0
0
# 571
batch571 1.0 0.0 1000.0
0
# 572
batch572 1.0 0.0 1000.0
0
# 573
batch573 1.0 0.0 1000.0
0
# 574
batch574 1.0 0.0 1000.0
0
# 575
batch575 1.0 0.0 1000.0
0
# 576
batch576 1.0 0.0 1000.0
0
# 577
batch577 1.0 0.0 1000.0
0
# 578
batch578 1.0 0.0 1000.0
0
# 579
batch579 1.0 0.0 1000.0
0
# 580
batch580 1.0 0.0 1000.0
0
# 581
batch581 1.0 0.0 1000.0
0
# 582
batch582 1.0 0.0 1000.0
0
# 583
batch583 1.0 0.0 1000.0
0
# 584
batch584 1.0 0.0 1000.0
0
# 585
batch585 1.0 0.0 1000.0
0
# 586
batch586 1.0 0.0 1000.0
0
# 587
batch587 1.0 0.0 1000.0
0
# 588
batch588 1.0 0.0 1000.0
0
# 589
batch589 1.0 0.0 1000.0
0
# 590
batch590 1.0 0.0 1000.0
0
# 591
batch591 1.0 0.0 1000.0
0
# 592
batch592 1.0 0.0 1000.0
0
# 593
batch593 1.0 0.0 1000.0
0
# 594
batch594 1.0 0.0 1000.0
0
# 595
batch595 1.0 0.0 1000.0
0
# 596
batch596 1.0 0.0 1000.0
0
# 597
batch597 1.0 0.0 1000.0
0
# 598
batch598 1.0 0.0 1000.0
0
# 599
batch599 1.0 0.0 1000.0
0
# 600
batch600 1.0 0.0 1000.0
0
# 601
batch601 1.0 0.0 1000.0
0
# 602
batch602 1.0 0.0 1000.0
0
# 603
batch603 1.0 0.0 1000.0
0
# 604
batch604 1.0 0.0 1000.0
0
# 605
batch605 1.0 0.0 1000.0
0
# 606
batch606 1.0 0.0 1000.0
0
# 607
batch607 1.0 0.0 1000.0
0
# 608
batch608 1.0 0.0 1000.0
0
# 609
batch609 1.0 0.0 1000.0
0
# 610
batch610 1.0 0.0 1000.0
0
# 611
batch611 1.0 0.0 1000.0
0
# 612
batch612 1.0 0.0 1000.0
0
# 613
batch613 1.0 0.0 1000.0
0
# 614
batch614 1.0 0.0 1000.0
0
# 615
batch615 1.0 0.0 1000.0
0
# 616
batch616 1.0 0.0 1000.0
0
# 617
batch617 1.0 0.0 1000.0
0
# 618
batch618 1.0 0.0 1000.0
0
# 619
batch619 1.0 0.0 1000.0
0
# 620
batch620 1.0 0.0 1000.0
0
# 621
batch621 1.0 0.0 1000.0
0
# 622
batch622 1.0 0.0 1000.0
0
# 623
batch623 1.0 0.0 1000.0
0
# 624
batch624 1.0 0.0 1000.0
0
# 625
batch625 1.0 0.0 1000.0
0
# 626
batch626 1.0 0.0 1000.0
0
# 627
batch627 1.0 0.0 1000.0
0
# 628
batch628 1.0 0.0 1000.0
0
# 629
batch629 1.0 0.0 1000.0
0
# 630
batch630 1.0 0.0 1000.0
0
# 631
batch631 1.0 0.0 1000.0
0
# 632
batch632 1.0 0.0 1000.0
0
# 633
batch633 1.0 0.0 1000.0
0
# 634
batch634 1.0 0.0 1000.0
0
# 635
batch635 1.0 0.0 1000.0
0
# 636
batch636 1.0 0.0 1000.0
0
# 637
batch637 1.0 0.0 1000.0
0
# 638
batch638 1.0 0.0 1000.0
0
# 639
batch639 1.0 0.0 1000.0
0
# 640
batch640 1.0 0.0 1000.0
0
# 641
batch641 1.0 0.0 1000.0
0
# 642
batch642 1.0 0.0 1000.0
0
# 643
batch643 1.0 0.0 1000.0
0
# 644
batch644 1.0 0.0 1000.0
0
# 645
batch645 1.0 0.0 1000.0
0
# 646
batch646 1.0 0.0 1000.0
0
# 647
batch647 1.0 0.0 1000.0
0
# 648
batch648 1.0 0.0 1000.0
0
# 649
batch649 1.0 0.0 1000.0
0
# 650
batch650 1.0 0.0 1000.0
0
# 651
batch651 1.0 0.0 1000.0
0
# 652
batch652 1.0 0.0 1000.0
0
# 653
batch653 1.0 0.0 1000.0
0
# 654
batch654 1.0 0.0 1000.0
0
# 655
batch655 1.0 0.0 1000.0
0
# 656
batch656 1.0 0.0 1000.0
0
# 657
batch657 1.0 0.0 1000.0
0
# 658
batch658 1.0 0.0 1000.0
0
# 659
batch659 1.0 0.0 1000.0
0
# 660
batch660 1.0 0.0 1000.0
0
# 661
batch661 1.0 0.0 1000.0
0
# 662
batch662 1.0 0.0 1000.0
0
# 663
batch663 1.0 0.0 1000.0
0
# 664
batch664 1.0 0.0 1000.0
0
# 665
batch665 1.0 0.0 1000.0
0
# 666
batch666 1.0 0.0 1000.0
0
# 667
batch667 1.0 0.0 1000.0
0
# 668
batch668 1.0 0.0 1000.0
0
# 669
batch669 1.0 0.0 1000.0
0
# 670
batch670 1.0 0.0 1000.0
0
# 671
batch671 1.0 0.0 1000.0
0
# 672
batch672 1.0 0.0 1000.0
0
# 673
batch673 1.0 0.0 1000.0
0
# 674
batch674 1.0 0.0 1000.0
0
# 675
batch675 1.0 0.0 1000.0
0
# 676
batch676 1.0 0.0 1000.0
0
# 677
batch677 1.0 0.0 1000.0
0
# 678
batch678 1.0 0.0 1000.0
0
# 679
batch679 1.0 0.0 1000.0
0
# 680
batch680 1.0 0.0 1000.0
0
# 681
batch681 1.0 0.0 1000.0
0
# 682
batch682 1.0 0.0 1000.0
0
# 683
batch683 1.0 0.0 1000.0
0
# 684
batch684 1.0 0.0 1000.0
0
# 685
batch685 1.0 0.0 1000.0
0
# 686
batch686 1.0 0.0 1000.0
0
# 687
batch687 1.0 0.0 1000.0
0
# 688
batch688 1.0 0.0 1000.0
0
# 689
batch689 1.0 0.0 1000.0
0
# 690
batch690 1.0 0.0 1000.0
0
# 691
batch691 1.0 0.0 1000.0
0
# 692
batch692 1.0 0.0 1000.0
0
# 693
batch693 1.0 0.0 1000.0
0
# 694
batch694 1.0 0.0 1000.0
0
# 695
batch695 1.0 0.0 1000.0
0
# 696
batch696 1.0 0.0 1000.0
0
# 697
batch697 1.0 0.0 1000.0
0
# 698
batch698 1.0 0.0 1000.0
0
# 699
batch699 1.0 0.0 1000.0
0
# 700
batch700 1.0 0.0 1000.0
0
# 701
batch701 1.0 0.0 1000.0
0
# 702
batch702 1.0 0.0 1000.0
0
# 703
batch703 1.0 0.0 1000.0
0
# 704
batch704 1.0 0.0 1000.0
0
# 705
batch705 1.0 0.0 1000.0
0
# 706
batch706 1.0 0.0 1000.0
0
# 707
batch707 1.0 0.0 1000.0
0
# 708
batch708 1.0 0.0 1000.0
0
# 709
batch709 1.0 0.0 1000.0
0
# 710
batch710 1.0 0.0 1000.0
0
# 711
batch711 1.0 0.0 1000.0
0
# 712
batch712 1.0 0.0 1000.0
0
# 713
batch713 1.0 0.0 1000.0
0
# 714
batch714 1.0 0.0 1000.0
0
# 715
batch715 1.0 0.0 1000.0
0
# 716
batch716 1.0 0.0 1000.0
0
# 717
batch717 1.0 0.0 1000.0
0
# 718
batch718 1.0 0.0 1000.0
0
# 719
batch719 1.0 0.0 1000.0
0
# 720
batch720 1.0 0.0 1000.0
0
# 721
batch721 1.0 0.0 1000.0
0
# 722
batch722 1.0 0.0 1000.0
0
# 723
batch723 1.0 0.0 1000.0
0
# 724
batch724 1.0 0.0 1000.0
0
# 725
batch725 1.0 0.0 1000.0
0
# 726
batch726 1.0 0.0 1000.0
0
# 727
batch727 1.0 0.0 1000.0
0
# 728
batch728 1.0 0.0 1000.0
0
# 729
batch729 1.0 0.0 1000.0
0
# 730
batch730 1.0 0.0 1000.0
0
# 731
batch731 1.0 0.0 1000.0
0
# 732
batch732 1.0 0.0 1000.0
0
# 733
batch733 1.0 0.0 1000.0
0
# 734
batch734 1.0 0.0 1000.0
0
# 735
batch735 1.0 0.0 1000.0
0
# 736
batch736 1.0 0.0 1000.0
0
# 737
batch737 1.0 0.0 1000.0
0
# 738
batch738 1.0 0.0 1000.0
0
# 739
batch739 1.0 0.0 1000.0
0
# 740
batch740 1.0 0.0 1000.0
0
# 741
batch741 1.0 0.0 1000.0
0
# 742
batch742 1.0 0.0 1000.0
0
# 743
batch743 1.0 0.0 1000.0
0
# 744
batch744 1.0 0.0 1000.0
0
# 745
batch745 1.0 0.0 1000.0
0
# 746
batch746 1.0 0.0 1000.0
0
# 747
batch747 1.0 0.0 1000.0
0
# 748
batch748 1.0 0.0 1000.0
0
# 749
batch749 1.0 0.0 1000.0
0
# 750
batch750 1.0 0.0 1000.0
0
# 751
batch751 1.0 0.0 1000.0
0
# 752
batch752 1.0 0.0 1000.0
0
# 753
batch753 1.0 0.0 1000.0
0
# 754
batch754 1.0 0.0 1000.0
0
# 755
batch755 1.0 0.0 1000.0
0
# 756
batch756 1.0 0.0 1000.0
0
# 757
batch757 1.0 0.0 1000.0
0
# 758
batch758 1.0 0.0 1000.0
0
# 759
batch759 1.0 0.0 1000.0
0
# 760
batch760 1.0 0.0 1000.0
0
# 761
batch761 1.0 0.0 1000.0
0
# 762
batch762 1.0 0.0 1000.0
0
# 763
batch763 1.0 0.0 1000.0
0
# 764
batch764 1.0 0.0 1000.0
0
# 765
batch765 1.0 0.0 1000.0
0
# 766
batch766 1.0 0.0 1000.0
0
# 767
batch767 1.0 0.0 1000.0
0
# 768
batch768 1.0 0.0 1000.0
0
# 769
batch769 1.0 0.0 1000.0
0
# 770
batch770 1.0 0.0 1000.0
0
# 771
batch771 1.0 0.0 1000.0
0
# 772
batch772 1.0 0.0 1000.0
0
# 773
batch773 1.0 0.0 1000.0
0
# 774
batch774 1.0 0.0 1000.0
0
# 775
batch775 1.0 0.0 1000.0
0
# 776
batch776 1.0 0.0 1000.0
0
# 777
batch777 1.0 0.0 1000.0
0
# 778
batch778 1.0 0.0 1000.0
0
# 779
batch779 1.0 0.0 1000.0
0
# 780
batch780 1.0 0.0 1000.0
0
# 781
batch781 1.0 0.0 1000.0
0
# 782
batch782 1.0 0.0 1000.0
0
# 783
batch783 1.0 0.0 1000.0
0
# 784
batch784 1.0 0.0 1000.0
0
# 785
batch785 1.0 0.0 1000.0
0
# 786
batch786 1.0 0.0 1000.0
0
# 787
batch787 1.0 0.0 1000.0
0
# 788
batch788 1.0 0.0 1000.0
0
# 789
batch789 1.0 0.0 1000.0
0
# 790
batch790 1.0 0.0 1000.0
0
# 791
batch791 1.0 0.0 1000.0
0
# 792
batch792 1.0 0.0 1000.0
0
# 793
batch793 1.0 0.0 1000.0
0
# 794
batch794 1.0 0.0 1000.0
0
# 795
batch795 1.0 0.0 1000.0
0
# 796
batch796 1.0 0.0 1000.0
0
# 797
batch797 1.0 0.0 1000.0
0
# 798
batch798 1.0 0.0 1000.0
0
# 799
batch799 1.0 0.0 1000.0
0
# 800
batch800 1.0 0.0 1000.0
0
# 801
batch801 1.0 0.0 1000.0
0
# 802
batch802 1.0 0.0 1000.0
0
# 803
batch803 1.0 0.0 1000.0
0
# 804
batch804 1.0 0.0 1000.0
0
# 805
batch805 1.0 0.0 1000.0
0
# 806
batch806 1.0 0.0 1000.0
0
# 807
batch807 1.0 0.0 1000.0
0
# 808
batch808 1.0 0.0 1000.0
0
# 809
batch809 1.0 0.0 1000.0
0
# 810
batch810 1.0 0.0 1000.0
0
# 811
batch811 1.0 0.0 1000.0
0
# 812
batch812 1.0 0.0 1000.0
0
# 813
batch813 1.0 0.0 1000.0
0
# 814
batch814 1.0 0.0 1000.0
0
# 815
batch815 1.0 0.0 1000.0
0
# 816
batch816 1.0 0.0 1000.0
0
# 817
batch817 1.0 0.0 1000.0
0
# 818
batch818 1.0 0.0 1000.0
0
# 819
batch819 1.0 0.0 1000.0
0
# 820
batch820 1.0 0.0 1000.0
0
# 821
batch821 1.0 0.0 1000.0
0
# 822
batch822 1.0 0.0 1000.0
0
# 823
batch823 1.0 0.0 1000.0
0
# 824
batch824 1.0 0.0 1000.0
0
# 825
batch825 1.0 0.0 1000.0
0
# 826
batch826 1.0 0.0 1000.0
0
# 827
batch827 1.0 0.0 1000.0
0
# 828
batch828 1.0 0.0 1000.0
0
# 829
batch829 1.0 0.0 1000.0
0
# 830
batch830 1.0 0.0 1000.0
0
# 831
batch831 1.0 0.0 1000.0
0
# 832
batch832 1.0 0.0 1000.0
0
# 833
batch833 1.0 0.0 1000.0
0
# 834
batch834 1.0 0.0 1000.0
0
# 835
batch835 1.0 0.0 1000.0
0
# 836
batch836 1.0 0.0 1000.0
0
# 837
batch837 1.0 0.0 1000.0
0
# 838
batch838 1.0 0.0 1000.0
0
# 839
batch839 1.0 0.0 1000.0
0
# 840
batch840 1.0 0.0 1000.0
0
# 841
batch841 1.0 0.0 1000.0
0
# 842
batch842 1.0 0.0 1000.0
0
# 843
batch843 1.0 0.0 1000.0
0
# 844
batch844 1.0 0.0 1000.0
0
# 845
batch845 1.0 0.0 1000.0
0
# 846
batch846 1.0 0.0 1000.0
0
# 847
batch847 1.0 0.0 1000.0
0
# 848
batch848 1.0 0.0 1000.0
0
# 849
batch849 1.0 0.0 1000.0
0
# 850
batch850 1.0 0.0 1000.0
0
# 851
batch851 1.0 0.0 1000.0
0
# 852
batch852 1.0 0.0 1000.0
0
# 853
batch853 1.0 0.0 1000.0
0
# 854
batch854 1.0 0.0 1000.0
0
# 855
batch855 1.0 0.0 1000.0
0
# 856
batch856 1.0 0.0 1000.0
0
# 857
batch857 1.0 0.0 1000.0
0
# 858
batch858 1.0 0.0 1000.0
0
# 859
batch859 1.0 0.0 1000.0
0
# 860
batch860 1.0 0.0 1000.0
0
# 861
batch861 1.0 0.0 1000.0
0
# 862
batch862 1.0 0.0 1000.0
0
# 863
batch863 1.0 0.0 1000.0
0
# 864
batch864 1.0 0.0 1000.0
0
# 865
batch865 1.0 0.0 1000.0
0
# 866
batch866 1.0 0.0 1000.0
0
# 867
batch867 1.0 0.0 1000.0
0
# 868
batch868 1.0 0.0 1000.0
0
# 869
batch869 1.0 0.0 1000.0
0
# 870
batch870 1.0 0.0 1000.0
0
# 871
batch871 1.0 0.0 1000.0
0
# 872
batch872 1.0 0.0 1000.0
0
# 873
batch873 1.0 0.0 1000.0
0
# 874
batch874 1.0 0.0 1000.0
0
# 875
batch875 1.0 0.0 1000.0
0
# 876
batch876 1.0 0.0 1000.0
0
# 877
batch877 1.0 0.0 1000.0
0
# 878
batch878 1.0 0.0 1000.0
0
# 879
batch879 1.0 0.0 1000.0
0
# 880
batch880 1.0 0.0 1000.0
0
# 881
batch881 1.0 0.0 1000.0
0
# 882
batch882 1.0 0.0 1000.0
0
# 883
batch883 1.0 0.0 1000.0
0
# 884
batch884 1.0 0.0 1000.0
0
# 885
batch885 1.0 0.0 1000.0
0
# 886
batch886 1.0 0.0 1000.0
0
# 887
batch887 1.0 0.0 1000.0
0
# 888
batch888 1.0 0.0 1000.0
0
# 889
batch889 1.0 0.0 1000.0
0
# 890
batch890 1.0 0.0 1000.0
0
# 891
batch891 1.0 0.0 1000.0
0
# 892
batch892 1.0 0.0 1000.0
0
# 893
batch893 1.0 0.0 1000.0
0
# 894
batch894 1.0 0.0 1000.0
0
# 895
batch895 1.0 0.0 1000.0
0
# 896
batch896 1.0 0.0 1000.0
0
# 897
batch897 1.0 0.0 1000.0
0
# 898
batch898 1.0 0.0 1000.0
0
# 899
batch899 1.0 0.0 1000.0
0
# 900
batch900 1.0 0.0 1000.0
0
# 901
batch901 1.0 0.0 1000.0
0
# 902
batch902 1.0 0.0 1000.0
0
# 903
batch903 1.0 0.0 1000.0
0
# 904
batch904 1.0 0.0 1000.0
0
# 905
batch905 1.0 0.0 1000.0
0
# 906
batch906 1.0 0.0 1000.0
0
# 907
batch907 1.0 0.0 1000.0
0
# 908
batch908 1.0 0.0 1000.0
0
# 909
batch909 1.0 0.0 1000.0
0
# 910
batch910 1.0 0.0 1000.0
0
# 911
batch911 1.0 0.0 1000.0
0
# 912
batch912 1.0 0.0 1000.0
0
# 913
batch913 1.0 0.0 1000.0
0
# 914
batch914 1.0 0.0 1000.0
0
# 915
batch915 1.0 0.0 1000.0
0
# 916
batch916 1.0 0.0 1000.0
0
# 917
batch917 1.0 0.0 1000.0
0
# 918
batch918 1.0 0.0 1000.0
0
# 919
batch919 1.0 0.0 1000.0
0
# 920
batch920 1.0 0.0 1000.0
0
# 921
batch921 1.0 0.0 1000.0
0
# 922
batch922 1.0 0.0 1000.0
0
# 923
batch923 1.0 0.0 1000.0
0
# 924
batch924 1.0 0.0 1000.0
0
# 925
batch925 1.0 0.0 1000.0
0
# 926
batch926 1.0 0.0 1000.0
0
# 927
batch927 1.0 0.0 1000.0
0
# 928
batch928 1.0 0.0 1000.0
0
# 929
batch929 1.0 0.0 1000.0
0
# 930
batch930 1.0 0.0 1000.0
0
# 931
batch931 1.0 0.0 1000.0
0
# 932
batch932 1.0 0.0 1000.0
0
# 933
batch933 1.0 0.0 1000.0
0
# 934
batch934 1.0 0.0 1000.0
0
# 935
batch935 1.0 0.0 1000.0
0
# 936
batch936 1.0 0.0 1000.0
0
# 937
batch937 1.0 0.0 1000.0
0
# 938
batch938 1.0 0.0 1000.0
0
# 939
batch939 1.0 0.0 1000.0
0
# 940
batch940 1.0 0.0 1000.0
0
# 941
batch941 1.0 0.0 1000.0
0
# 942
batch942 1.0 0.0 1000.0
0
# 943
batch943 1.0 0.0 1000.0
0
# 944
batch944 1.0 0.0 1000.0
0
# 945
batch945 1.0 0.0 1000.0
0
# 946
batch946 1.0 0.0 1000.0
0
# 947
batch947 1.0 0.0 1000.0
0
# 948
batch948 1.0 0.0 1000.0
0
# 949
batch949 1.0 0.0 1000.0
0
# 950
batch950 1.0 0.0 1000.0
0
# 951
batch951 1.0 0.0 1000.0
0
# 952
batch952 1.0 0.0 1000.0
0
# 953
batch953 1.0 0.0 1000.0
0
# 954
batch954 1.0 0.0 1000.0
0
# 955
batch955 1.0 0.0 1000.0
0
# 956
batch956 1.0 0.0 1000.0
0
# 957
batch957 1.0 0.0 1000.0
0
# 958
batch958 1.0 0.0 1000.0
0
# 959
batch959 1.0 0.0 1000.0
0
# 960
batch960 1.0 0.0 1000.0
0
# 961
batch961 1.0 0.0 1000.0
0
# 962
batch962 1.0 0.0 1000.0
0
# 963
batch963 1.0 0.0 1000.0
0
# 964
batch964 1.0 0.0 1000.0
0
# 965
batch965 1.0 0.0 1000.0
0
# 966
batch966 1.0 0.0 1000.0
0
# 967
batch967 1.0 0.0 1000.0
0
# 968
batch968 1.0 0.0 1000.0
0
# 969
batch969 1.0 0.0 1000.0
0
# 970
batch970 1.0 0.0 1000.0
0
# 971
batch971 1.0 0.0 1000.0
0
# 972
batch972 1.0 0.0 1000.0
0
# 973
batch973 1.0 0.0 1000.0
0
# 974
batch974 1.0 0.0 1000.0
0
# 975
batch975 1.0 0.0 1000.0
0
# 976
batch976 1.0 0.0 1000.0
0
# 977
batch977 1.0 0.0 1000.0
0
# 978
batch978 1.0 0.0 1000.0
0
# 979
batch979 1.0 0.0 1000.0
0
# 980
batch980 1.0 0.0 1000.0
0
# 981
batch981 1.0 0.0 1000.0
0
# 982
batch982 1.0 0.0 1000.0
0
# 983
batch983 1.0 0.0 1000.0
0
# 984
batch984 1.0 0.0 1000.0
0
# 985
batch985 1.0 0.0 1000.0
0
# 986
batch986 1.0 0.0 1000.0
0
# 987
batch987 1.0 0.0 1000.0
0
# 988
batch988 1.0 0.0 1000.0
0
# 989
batch989 1.0 0.0 1000.0
0
# 990
batch990 1.0 0.0 1000.0
0
# 991
batch991 1.0 0.0 1000.0
0
# 992
batch992 1.0 0.0 1000.0
0
# 993
batch993 1.0 0.0 1000.0
0
# 994
batch994 1.0 0.0 1000.0
0
# 995
batch995 1.0 0.0 1000.0
0
# 996
batch996 1.0 0.0 1000.0
0
# 997
batch997 1.0 0.0 1000.0
0
# 998
batch998 1.0 0.0 1000.0
0
# 999
batch999 1.0 0.0 1000.0
0
# 1000
batch1000 1.0 0.0 1000.0
0
# 1001
batch1001 1.0 0.0 1000.0
0
# 1002
batch1002 1.0 0.0 1000.0
0
# 1003
batch1003 1.0 0.0 1000.0
0
# 1004
batch1004 1.0 0.0 1000.0
0
# 1005
batch1005 1.0 0.0 1000.0
0
# 1006
batch1006 1.0 0.0 1000.0
0
# 1007
batch1007 1.0 0.0 1000.0
0
# 1008
batch1008 1.0 0.0 1000.0
0
# 1009
batch1009 1.0 0.0 1000.0
0
# 1010
batch1010 1.0 0.0 1000.0
0
# 1011
batch1011 1.0 0.0 1000.0
0
# 1012
batch1012 1.0 0.0 1000.0
0
# 1013
batch1013 1.0 0.0 1000.0
0
# 1014
batch1014 1.0 0.0 1000.0
0
# 1015
batch1015 1.0 0.0 1000.0
0
# 1016
batch1016 1.0 0.0 1000.0
0
# 1017
batch1017 1.0 0.0 1000.0
0
# 1018
batch1018 1.0 0.0 1000.0
0
# 1019
batch1019 1.0 0.0 1000.0
0
# 1020
batch1020 1.0 0.0 1000.0
0
# 1021
batch1021 1.0 0.0 1000.0
0
# 1022
batch1022 1.0 0.0 1000.0
0
# 1023
batch1023 1.0 0.0 1000.0
0
# 1024
batch1024 1.0 0.0 1000.0
0
# 1025
batch1025 1.0 0.0 1000.0
0
# 1026
batch1026 1.0 0.0 1000.0
0
# 1027
batch1027 1.0 0.0 1000.0
0
# 1028
batch1028 1.0 0.0 1000.0
0
# 1029
batch1029 1.0 0.0 1000.0
0
# 1030
batch1030 1.0 0.0 1000.0
0
# 1031
batch1031 1.0 0.0 1000.0
0
# 1032
batch1032 1.0 0.0 1000.0
0
# 1033
batch1033 1.0 0.0 1000.0
0
# 1034
batch1034 1.0 0.0 1000.0
0
# 1035
batch1035 1.0 0.0 1000.0
0
# 1036
batch1036 1.0 0.0 1000.0
0
# 1037
batch1037 1.0 0.0 1000.0
0
# 1038
batch1038 1.0 0.0 1000.0
0
# 1039
batch1039 1.0 0.0 1000.0
0
# 1040
batch1040 1.0 0.0 1000.0
0
# 1041
batch1041 1.0 0.0 1000.0
0
# 1042
batch1042 1.0 0.0 1000.0
0
# 1043
batch1043 1.0 0.0 1000.0
0
# 1044
batch1044 1.0 0.0 1000.0
0
# 1045
batch1045 1.0 0.0 1000.0
0
# 1046
batch1046 1.0 0.0 1000.0
0
# 1047
batch1047 1.0 0.0 1000.0
0
# 1048
batch1048 1.0 0.0 1000.0
0
# 1049
batch1049 1.0 0.0 1000.0
0
# 1050
batch1050 1.0 0.0 1000.0
0
# 1051
batch1051 1.0 0.0 1000.0
0
# 1052
batch1052 1.0 0.0 1000.0
0
# 1053
batch1053 1.0 0.0 1000.0
0
# 1054
batch1054 1.0 0.0 1000.0
0
# 1055
batch1055 1.0 0.0 1000.0
0
# 1056
batch1056 1.0 0.0 1000.0
0
# 1057
batch1057 1.0 0.0 1000.0
0
# 1058
batch1058 1.0 0.0 1000.0
0
# 1059
batch1059 1.0 0.0 1000.0
0
# 1060
batch1060 1.0 0.0 1000.0
0
# 1061
batch1061 1.0 0.0 1000.0
0
# 1062
batch1062 1.0 0.0 1000.0
0
# 1063
batch1063 1.0 0.0 1000.0
0
# 1064
batch1064 1.0 0.0 1000.0
0
# 1065
batch1065 1.0 0.0 1000.0
0
# 1066
batch1066 1.0 0.0 1000.0
0
# 1067
batch1067 1.0 0.0 1000.0
0
# 1068
batch1068 1.0 0.0 1000.0
0
# 1069
batch1069 1.0 0.0 1000.0
0
# 1070
batch1070 1.0 0.0 1000.0
0
# 1071
batch1071 1.0 0.0 1000.0
0
# 1072
batch1072 1.0 0.0 1000.0
0
# 1073
batch1073 1.0 0.0 1000.0
0
# 1074
batch1074 1.0 0.0 1000.0
0
# 1075
batch1075 1.0 0.0 1000.0
0
# 1076
batch1076 1.0 0.0 1000.0
0
# 1077
batch1077 1.0 0.0 1000.0
0
# 1078
batch1078 1.0 0.0 1000.0
0
# 1079
batch1079 1.0 0.0 1000.0
0
# 1080
batch1080 1.0 0.0 1000.0
0
# 1081
batch1081 1.0 0.0 1000.0
0
# 1082
batch1082 1.0 0.0 1000.0
0
# 1083
batch1083 1.0 0.0 1000.0
0
# 1084
batch1084 1.0 0.0 1000.0
0
# 1085
batch1085 1.0 0.0 1000.0
0
# 1086
batch1086 1.0 0.0 1000.0
0
# 1087
batch1087 1.0 0.0 1000.0
0
# 1088
batch1088 1.0 0.0 1000.0
0
# 1089
batch1089 1.0 0.0 1000.0
0
# 1090
batch1090 1.0 0.0 1000.0
0
# 1091
batch1091 1.0 0.0 1000.0
0
# 1092
batch1092 1.0 0.0 1000.0
0
# 1093
batch1093 1.0 0.0 1000.0
0
# 1094
batch1094 1.0 0.0 1000.0
0
# 1095
batch1095 1.0 0.0 1000.0
0
# 1096
batch1096 1.0 0.0 1000.0
0
# 1097
batch1097 1.0 0.0 1000.0
0
# 1098
batch1098 1.0 0.0 1000.0
0
# 1099
batch1099 1.0 0.0 1000.0
0
# 1100
batch1100 1.0 0.0 1000.0
0
# 1101
batch1101 1.0 0.0 1000.0
0
# 1102
batch1102 1.0 0.0 1000.0
0
# 1103
batch1103 1.0 0.0 1000.0
0
# 1104
batch1104 1.0 0.0 1000.0
0
# 1105
batch1105 1.0 0.0 1000.0
0
# 1106
batch1106 1.0 0.0 1000.0
0
# 1107
batch1107 1.0 0.0 1000.0
0
# 1108
batch1108 1.0 0.0 1000.0
0
# 1109
batch1109 1.0 0.0 1000.0
0
# 1110
batch1110 1.0 0.0 1000.0
0
# 1111
batch1111 1.0 0.0 1000.0
0
# 1112
batch1112 1.0 0.0 1000.0
0
# 1113
batch1113 1.0 0.0 1000.0
0
# 1114
batch1114 1.0 0.0 1000.0
0
# 1115
batch1115 1.0 0.0 1000.0
0
# 1116
batch1116 1.0 0.0 1000.0
0
# 1117
batch1117 1.0 0.0 1000.0
0
# 1118
batch1118 1.0 0.0 1000.0
0
# 1119
batch1119 1.0 0.0 1000.0
0
# 1120
batch1120 1.0 0.0 1000.0
0
# 1121
batch1121 1.0 0.0 1000.0
0
# 1122
batch1122 1.0 0.0 1000.0
0
# 1123
batch1123 1.0 0.0 1000.0
0
# 1124
batch1124 1.0 0.0 1000.0
0
# 1125
batch1125 1.0 0.0 1000.0
0
# 1126
batch1126 1.0 0.0 1000.0
0
# 1127
batch1127 1.0 0.0 1000.0
0
# 1128
batch1128 1.0 0.0 1000.0
0
# 1129
batch1129 1.0 0.0 1000.0
0
# 1130
batch1130 1.0 0.0 1000.0
0
# 1131
batch1131 1.0 0.0 1000.0
0
# 1132
batch1132 1.0 0.0 1000.0
0
# 1133
batch1133 1.0 0.0 1000.0
0
# 1134
batch1134 1.0 0.0 1000.0
0
# 1135
batch1135 1.0 0.0 1000.0
0
# 1136
batch1136 1.0 0.0 1000.0
0
# 1137
batch1137 1.0 0.0 1000.0
0
# 1138
batch1138 1.0 0.0 1000.0
0
# 1139
batch1139 1.0 0.0 1000.0
0
# 1140
batch1140 1.0 0.0 1000.0
0
# 1141
batch1141 1.0 0.0 1000.0
0
# 1142
batch1142 1.0 0.0 1000.0
0
# 1143
batch1143 1.0 0.0 1000.0
0
# 1144
batch1144 1.0 0.0 1000.0
0
# 1145
batch1145 1.0 0.0 1000.0
0
# 1146
batch1146 1.0 0.0 1000.0
0
# 1147
batch1147 1.0 0.0 1000.0
0
# 1148
batch1148 1.0 0.0 1000.0
0
# 1149
batch1149 1.0 0.0 1000.0
0
# 1150
batch1150 1.0 0.0 1000.0
0
# 1151
batch1151 1.0 0.0 1000.0
0
# 1152
batch1152 1.0 0.0 1000.0
0
# 1153
batch1153 1.0 0.0 1000.0
0
# 1154
batch1154 1.0 0.0 1000.0
0
# 1155
batch1155 1.0 0.0 1000.0
0
# 1156
batch1156 1.0 0.0 1000.0
0
# 1157
batch1157 1.0 0.0 1000.0
0
# 1158
batch1158 1.0 0.0 1000.0
0
# 1159
batch1159 1.0 0.0 1000.0
0
# 1160
batch1160 1.0 0.0 1000.0
0
# 1161
batch1161 1.0 0.0 1000.0
0
# 1162
batch1162 1.0 0.0 1000.0
0
# 1163
batch1163 1.0 0.0 1000.0
0
# 1164
batch1164 1.0 0.0 1000.0
0
# 1165
batch1165 1.0 0.0 1000.0
0
# 1166
batch1166 1.0 0.0 1000.0
0
# 1167
batch1167 1.0 0.0 1000.0
0
# 1168
batch1168 1.0 0.0 1000.0
0
# 1169
batch1169 1.0 0.0 1000.0
0
# 1170
batch1170 1.0 0.0 1000.0
0
# 1171
batch1171 1.0 0.0 1000.0
0
# 1172
batch1172 1.0 0.0 1000.0
0
# 1173
batch1173 1.0 0.0 1000.0
0
# 1174
batch1174 1.0 0.0 1000.0
0
# 1175
batch1175 1.0 0.0 1000.0
0
# 1176
batch1176 1.0 0.0 1000.0
0
# 1177
batch1177 1.0 0.0 1000.0
0
# 1178
batch1178 1.0 0.0 1000.0
0
# 1179
batch1179 1.0 0.0 1000.0
0
# 1180
batch1180 1.0 0.0 1000.0
0
# 1181
batch1181 1.0 0.0 1000.0
0
# 1182
batch1182 1.0 0.0 1000.0
0
# 1183
batch1183 1.0 0.0 1000.0
0
# 1184
batch1184 1.0 0.0 1000.0
0
# 1185
batch1185 1.0 0.0 1000.0
0
# 1186
batch1186 1.0 0.0 1000.0
0
# 1187
batch1187 1.0 0.0 1000.0
0
# 1188
batch1188 1.0 0.0 1000.0
0
# 1189
batch1189 1.0 0.0 1000.0
0
# 1190
batch1190 1.0 0.0 1000.0
0
# 1191
batch1191 1.0 0.0 1000.0
0
# 1192
batch1192 1.0 0.0 1000.0
0
# 1193
batch1193 1.0 0.0 1000.0
0
# 1194
batch1194 1.0 0.0 1000.0
0
# 1195
batch1195 1.0 0.0 1000.0
0
# 1196
batch1196 1.0 0.0 1000.0
0
# 1197
batch1197 1.0 0.0 1000.0
0
# 1198
batch1198 1.0 0.0 1000.0
0
# 1199
batch1199 1.0 0.0 1000.0
0
# 1200
batch1200 1.0 0.0 1000.0
0
# 1201
batch1201 1.0 0.0 1000.0
0
# 1202
batch1202 1.0 0.0 1000.0
0
# 1203
batch1203 1.0 0.0 1000.0
0
# 1204
batch1204 1.0 0.0 1000.0
0
# 1205
batch1205 1.0 0.0 1000.0
0
# 1206
batch1206 1.0 0.0 1000.0
0
# 1207
batch1207 1.0 0.0 1000.0
0
# 1208
batch1208 1.0 0.0 1000.0
0
# 1209
batch1209 1.0 0.0 1000.0
0
# 1210
batch1210 1.0 0.0 1000.0
0
# 1211
batch1211 1.0 0.0 1000.0
0
# 1212
batch1212 1.0 0.0 1000.0
0
# 1213
batch1213 1.0 0.0 1000.0
0
# 1214
batch1214 1.0 0.0 1000.0
0
# 1215
batch1215 1.0 0.0 1000.0
0
# 1216
batch1216 1.0 0.0 1000.0
0
# 1217
batch1217 1.0 0.0 1000.0
0
# 1218
batch1218 1.0 0.0 1000.0
0
# 1219
batch1219 1.0 0.0 1000.0
0
# 1220
batch1220 1.0 0.0 1000.0
0
# 1221
batch1221 1.0 0.0 1000.0
0
# 1222
batch1222 1.0 0.0 1000.0
0
# 1223
batch1223 1.0 0.0 1000.0
0
# 1224
batch1224 1.0 0.0 1000.0
0
# 1225
batch1225 1.0 0.0 1000.0
0
# 1226
batch1226 1.0 0.0 1000.0
0
# 1227
batch1227 1.0 0.0 1000.0
0
# 1228
batch1228 1.0 0.0 1000.0
0
# 1229
batch1229 1.0 0.0 1000.0
0
# 1230
batch1230 1.0 0.0 1000.0
0
# 1231
batch1231 1.0 0.0 1000.0
0
# 1232
batch1232 1.0 0.0 1000.0
0
# 1233
batch1233 1.0 0.0 1000.0
0
# 1234
batch1234 1.0 0.0 1000.0
0
# 1235
batch1235 1.0 0.0 1000.0
0
# 1236
batch1236 1.0 0.0 1000.0
0
# 1237
batch1237 1.0 0.0 1000.0
0
# 1238
batch1238 1.0 0.0 1000.0
0
# 1239
batch1239 1.0 0.0 1000.0
0
# 1240
batch1240 1.0 0.0 1000.0
0
# 1241
batch1241 1.0 0.0 1000.0
0
# 1242
batch1242 1.0 0.0 1000.0
0
# 1243
batch1243 1.0 0.0 1000.0
0
# 1244
batch1244 1.0 0.0 1000.0
0
# 1245
batch1245 1.0 0.0 1000.0
0
# 1246
batch1246 1.0 0.0 1000.0
0
# 1247
batch1247 1.0 0.0 1000.0
0
# 1248
batch1248 1.0 0.0 1000.0
0
# 1249
batch1249 1.0 0.0 1000.0
0
# 1250
batch1250 1.0 0.0 1000.0
0
# 1251
batch1251 1.0 0.0 1000.0
0
# 1252
batch1252 1.0 0.0 1000.0
0
# 1253
batch1253 1.0 0.0 1000.0
0
# 1254
batch1254 1.0 0.0 1000.0
0
# 1255
batch1255 1.0 0.0 1000.0
0
# 1256
batch1256 1.0 0.0 1000.0
0
# 1257
batch1257 1.0 0.0 1000.0
0
# 1258
batch1258 1.0 0.0 1000.0
0
# 1259
batch1259 1.0 0.0 1000.0
0
# 1260
batch1260 1.0 0.0 1000.0
0
# 1261
batch1261 1.0 0.0 1000.0
0
# 1262
batch1262 1.0 0.0 1000.0
0
# 1263
batch1263 1.0 0.0 1000.0
0
# 1264
batch1264 1.0 0.0 1000.0
0
# 1265
batch1265 1.0 0.0 1000.0
0
# 1266
batch1266 1.0 0.0 1000.0
0
# 1267
batch1267 1.0 0.0 1000.0
0
# 1268
batch1268 1.0 0.0 1000.0
0
# 1269
batch1269 1.0 0.0 1000.0
0
# 1270
batch1270 1.0 0.0 1000.0
0
# 1271
batch1271 1.0 0.0 1000.0
0
# 1272
batch1272 1.0 0.0 1000.0
0
# 1273
batch1273 1.0 0.0 1000.0
0
# 1274
batch1274 1.0 0.0 1000.0
0
# 1275
batch1275 1.0 0.0 1000.0
0
# 1276
batch1276 1.0 0.0 1000.0
0
# 1277
batch1277 1.0 0.0 1000.0
0
# 1278
batch1278 1.0 0.0 1000.0
0
# 1279
batch1279 1.0 0.0 1000.0
0
# 1280
batch1280 1.0 0.0 1000.0
0
# 1281
batch1281 1.0 0.0 1000.0
0
# 1282
batch1282 1.0 0.0 1000.0
0
# 1283
batch1283 1.0 0.0 1000.0
0
# 1284
batch1284 1.0 0.0 1000.0
0
# 1285
batch1285 1.0 0.0 1000.0
0
# 1286
batch1286 1.0 0.0 1000.0
0
# 1287
batch1287 1.0 0.0 1000.0
0
# 1288
batch1288 1.0 0.0 1000.0
0
# 1289
batch1289 1.0 0.0 1000.0
0
# 1290
batch1290 1.0 0.0 1000.0
0
# 1291
batch1291 1.0 0.0 1000.0
0
# 1292
batch1292 1.0 0.0 1000.0
0
# 1293
batch1293 1.0 0.0 1000.0
0
# 1294
batch1294 1.0 0.0 1000.0
0
# 1295
batch1295 1.0 0.0 1000.0
0
# 1296
batch1296 1.0 0.0 1000.0
0
# 1297
batch1297 1.0 0.0 1000.0
0
# 1298
batch1298 1.0 0.0 1000.0
0
# 1299
batch1299 1.0 0.0 1000.0
0
# 1300
batch1300 1.0 0.0 1000.0
0
# 1301
batch1301 1.0 0.0 1000.0
0
# 1302
batch1302 1.0 0.0 1000.0
0
# 1303
batch1303 1.0 0.0 1000.0
0
# 1304
batch1304 1.0 0.0 1000.0
0
# 1305
batch1305 1.0 0.0 1000.0
0
# 1306
batch1306 1.0 0.0 1000.0
0
# 1307
batch1307 1.0 0.0 1000.0
0
# 1308
batch1308 1.0 0.0 1000.0
0
# 1309
batch1309 1.0 0.0 1000.0
0
# 1310
batch1310 1.0 0.0 1000.0
0
# 1311
batch1311 1.0 0.0 1000.0
0
# 1312
batch1312 1.0 0.0 1000.0
0
# 1313
batch1313 1.0 0.0 1000.0
0
# 1314
batch1314 1.0 0.0 1000.0
0
# 1315
batch1315 1.0 0.0 1000.0
0
# 1316
batch1316 1.0 0.0 1000.0
0
# 1317
batch1317 1.0 0.0 1000.0
0
# 1318
batch1318 1.0 0.0 1000.0
0
# 1319
batch1319 1.0 0.0 1000.0
0
# 1320
batch1320 1.0 0.0 1000.0
0
# 1321
batch1321 1.0 0.0 1000.0
0
# 1322
batch1322 1.0 0.0 1000.0
0
# 1323
batch1323 1.0 0.0 1000.0
0
# 1324
batch1324 1.0 0.0 1000.0
0
# 1325
batch1325 1.0 0.0 1000.0
0
# 1326
batch1326 1.0 0.0 1000.0
0
# 1327
batch1327 1.0 0.0 1000.0
0
# 1328
batch1328 1.0 0.0 1000.0
0
# 1329
batch1329 1.0 0.0 1000.0
0
# 1330
batch1330 1.0 0.0 1000.0
0
# 1331
batch1331 1.0 0.0 1000.0
0
# 1332
batch1332 1.0 0.0 1000.0
0
# 1333
batch1333 1.0 0.0 1000.0
0
# 1334
batch1334 1.0 0.0 1000.0
0
# 1335
batch1335 1.0 0.0 1000.0
0
# 1336
batch1336 1.0 0.0 1000.0
0
# 1337
batch1337 1.0 0.0 1000.0
0
# 1338
batch1338 1.0 0.0 1000.0
0
# 1339
batch1339 1.0 0.0 1000.0
0
# 1340
batch1340 1.0 0.0 1000.0
0
# 1341
batch1341 1.0 0.0 1000.0
0
# 1342
batch1342 1.0 0.0 1000.0
0
# 1343
batch1343 1.0 0.0 1000.0
0
# 1344
batch1344 1.0 0.0 1000.0
0
# 1345
batch1345 1.0 0.0 1000.0
0
# 1346
batch1346 1.0 0.0 1000.0
0
# 1347
batch1347 1.0 0.0 1000.0
0
# 1348
batch1348 1.0 0.0 1000.0
0
# 1349
batch1349 1.0 0.0 1000.0
0
# 1350
batch1350 1.0 0.0 1000.0
0
# 1351
batch1351 1.0 0.0 1000.0
0
# 1352
batch1352 1.0 0.0 1000.0
0
# 1353
batch1353 1.0 0.0 1000.0
0
# 1354
batch1354 1.0 0.0 1000.0
0
# 1355
batch1355 1.0 0.0 1000.0
0
# 1356
batch1356 1.0 0.0 1000.0
0
# 1357
batch1357 1.0 0.0 1000.0
0
# 1358
batch1358 1.0 0.0 1000.0
0
# 1359
batch1359 1.0 0.0 1000.0
0
# 1360
batch1360 1.0 0.0 1000.0
0
# 1361
batch1361 1.0 0.0 1000.0
0
# 1362
batch1362 1.0 0.0 1000.0
0
# 1363
batch1363 1.0 0.0 1000.0
0
# 1364
batch1364 1.0 0.0 1000.0
0
# 1365
batch1365 1.0 0.0 1000.0
0
# 1366
batch1366 1.0 0.0 1000.0
0
# 1367
batch1367 1.0 0.0 1000.0
0
# 1368
batch1368 1.0 0.0 1000.0
0
# 1369
batch1369 1.0 0.0 1000.0
0
# 1370
batch1370 1.0 0.0 1000.0
0
# 1371
batch1371 1.0 0.0 1000.0
0
# 1372
batch1372 1.0 0.0 1000.0
0
# 1373
batch1373 1.0 0.0 1000.0
0
# 1374
batch1374 1.0 0.0 1000.0
0
# 1375
batch1375 1.0 0.0 1000.0
0
# 1376
batch1376 1.0 0.0 1000.0
0
# 1377
batch1377 1.0 0.0 1000.0
0
# 1378
batch1378 1.0 0.0 1000.0
0
# 1379
batch1379 1.0 0.0 1000.0
0
# 1380
batch1380 1.0 0.0 1000.0
0
# 1381
batch1381 1.0 0.0 1000.0
0
# 1382
batch1382 1.0 0.0 1000.0
0
# 1383
batch1383 1.0 0.0 1000.0
0
# 1384
batch1384 1.0 0.0 1000.0
0
# 1385
batch1385 1.0 0.0 1000.0
0
# 1386
batch1386 1.0 0.0 1000.0
0
# 1387
batch1387 1.0 0.0 1000.0
0
# 1388
batch1388 1.0 0.0 1000.0
0
# 1389
batch1389 1.0 0.0 1000.0
0
# 1390
batch1390 1.0 0.0 1000.0
0
# 1391
batch1391 1.0 0.0 1000.0
0
# 1392
batch1392 1.0 0.0 1000.0
0
# 1393
batch1393 1.0 0.0 1000.0
0
# 1394
batch1394 1.0 0.0 1000.0
0
# 1395
batch1395 1.0 0.0 1000.0
0
# 1396
batch1396 1.0 0.0 1000.0
0
# 1397
batch1397 1.0 0.0 1000.0
0
# 1398
batch1398 1.0 0.0 1000.0
0
# 1399
batch1399 1.0 0.0 1000.0
0
# 1400
batch1400 1.0 0.0 1000.0
0
# 1401
batch1401 1.0 0.0 1000.0
0
# 1402
batch1402 1.0 0.0 1000.0
0
# 1403
batch1403 1.0 0.0 1000.0
0
# 1404
batch1404 1.0 0.0 1000.0
0
# 1405
batch1405 1.0 0.0 1000.0
0
# 1406
batch1406 1.0 0.0 1000.0
0
# 1407
batch1407 1.0 0.0 1000.0
0
# 1408
batch1408 1.0 0.0 1000.0
0
# 1409
batch1409 1.0 0.0 1000.0
0
# 1410
batch1410 1.0 0.0 1000.0
0
# 1411
batch1411 1.0 0.0 1000.0
0
# 1412
batch1412 1.0 0.0 1000.0
0
# 1413
batch1413 1.0 0.0 1000.0
0
# 1414
batch1414 1.0 0.0 1000.0
0
# 1415
batch1415 1.0 0.0 1000.0
0
# 1416
batch1416 1.0 0.0 1000.0
0
# 1417
batch1417 1.0 0.0 1000.0
0
# 1418
batch1418 1.0 0.0 1000.0
0
# 1419
batch1419 1.0 0.0 1000.0
0
# 1420
batch1420 1.0 0.0 1000.0
0
# 1421
batch1421 1.0 0.0 1000.0
0
# 1422
batch1422 1.0 0.0 1000.0
0
# 1423
batch1423 1.0 0.0 1000.0
0
# 1424
batch1424 1.0 0.0 1000.0
0
# 1425
batch1425 1.0 0.0 1000.0
0
# 1426
batch1426 1.0 0.0 1000.0
0
# 1427
batch1427 1.0 0.0 1000.0
0
# 1428
batch1428 1.0 0.0 1000.0
0
# 1429
batch1429 1.0 0.0 1000.0
0
# 1430
batch1430 1.0 0.0 1000.0
0
# 1431
batch1431 1.0 0.0 1000.0
0
# 1432
batch1432 1.0 0.0 1000.0
0
# 1433
batch1433 1.0 0.0 1000.0
0
# 1434
batch1434 1.0 0.0 1000.0
0
# 1435
batch1435 1.0 0.0 1000.0
0
# 1436
batch1436 1.0 0.0 1000.0
0
# 1437
batch1437 1.0 0.0 1000.0
0
# 1438
batch1438 1.0 0.0 1000.0
0
# 1439
batch1439 1.0 0.0 1000.0
0
# 1440
batch1440 1.0 0.0 1000.0
0
# 1441
batch1441 1.0 0.0 1000.0
0
# 1442
batch1442 1.0 0.0 1000.0
0
# 1443
batch1443 1.0 0.0 1000.0
0
# 1444
batch1444 1.0 0.0 1000.0
0
# 1445
batch1445 1.0 0.0 1000.0
0
# 1446
batch1446 1.0 0.0 1000.0
0
# 1447
batch1447 1.0 0.0 1000.0
0
# 1448
batch1448 1.0 0.0 1000.0
0
# 1449
batch1449 1.0 0.0 1000.0
0
# 1450
batch1450 1.0 0.0 1000.0
0
# 1451
batch1451 1.0 0.0 1000.0
0
# 1452
batch1452 1.0 0.0 1000.0
0
# 1453
batch1453 1.0 0.0 1000.0
0
# 1454
batch1454 1.0 0.0 1000.0
0
# 1455
batch1455 1.0 0.0 1000.0
0
# 1456
batch1456 1.0 0.0 1000.0
0
# 1457
batch1457 1.0 0.0 1000.0
0
# 1458
batch1458 1.0 0.0 1000.0
0
# 1459
batch1459 1.0 0.0 1000.0
0
# 1460
batch1460 1.0 0.0 1000.0
0
# 1461
batch1461 1.0 0.0 1000.0
0
# 1462
batch1462 1.0 0.0 1000.0
0
# 1463
batch1463 1.0 0.0 1000.0
0
# 1464
batch1464 1.0 0.0 1000.0
0
# 1465
batch1465 1.0 0.0 1000.0
0
# 1466
batch1466 1.0 0.0 1000.0
0
# 1467
batch1467 1.0 0.0 1000.0
0
# 1468
batch1468 1.0 0.0 1000.0
0
# 1469
batch1469 1.0 0.0 1000.0
0
# 1470
batch1470 1.0 0.0 1000.0
0
# 1471
batch1471 1.0 0.0 1000.0
0
# 1472
batch1472 1.0 0.0 1000.0
0
# 1473
batch1473 1.0 0.0 1000.0
0
# 1474
batch1474 1.0 0.0 1000.0
0
# 1475
batch1475 1.0 0.0 1000.0
0
# 1476
batch1476 1.0 0.0 1000.0
0
# 1477
batch1477 1.0 0.0 1000.0
0
# 1478
batch1478 1.0 0.0 1000.0
0
# 1479
batch1479 1.0 0.0 1000.0
0
# 1480
batch1480 1.0 0.0 1000.0
0
# 1481
batch1481 1.0 0.0 1000.0
0
# 1482
batch1482 1.0 0.0 1000.0
0
# 1483
batch1483 1.0 0.0 1000.0
0
# 1484
batch1484 1.0 0.0 1000.0
0
# 1485
batch1485 1.0 0.0 1000.0
0
# 1486
batch1486 1.0 0.0 1000.0
0
# 1487
batch1487 1.0 0.0 1000.0
0
# 1488
batch1488 1.0 0.0 1000.0
0
# 1489
batch1489 1.0 0.0 1000.0
0
# 1490
batch1490 1.0 0.0 1000.0
0
# 1491
batch1491 1.0 0.0 1000.0
0
# 1492
batch1492 1.0 0.0 1000.0
0
# 1493
batch1493 1.0 0.0 1000.0
0
# 1494
batch1494 1.0 0.0 1000.0
0
# 1495
batch1495 1.0 0.0 1000.0
0
# 1496
batch1496 1.0 0.0 1000.0
0
# 1497
batch1497 1.0 0.0 1000.0
0
# 1498
batch1498 1.0 0.0 1000.0
0
# 1499
batch1499 1.0 0.0 1000.0
0
# 1500
batch1500 1.0 0.0 1000.0
0
# 1501
batch1501 1.0 0.0 1000.0
0
# 1502
batch1502 1.0 0.0 1000.0
0
# 1503
batch1503 1.0 0.0 1000.0
0
# 1504
batch1504 1.0 0.0 1000.0
0
# 1505
batch1505 1.0 0.0 1000.0
0
# 1506
batch1506 1.0 0.0 1000.0
0
# 1507
batch1507 1.0 0.0 1000.0
0
# 1508
batch1508 1.0 0.0 1000.0
0
# 1509
batch1509 1.0 0.0 1000.0
0
# 1510
batch1510 1.0 0.0 1000.0
0
# 1511
batch1511 1.0 0.0 1000.0
0
# 1512
batch1512 1.0 0.0 1000.0
0
# 1513
batch1513 1.0 0.0 1000.0
0
# 1514
batch1514 1.0 0.0 1000.0
0
# 1515
batch1515 1.0 0.0 1000.0
0
# 1516
batch1516 1.0 0.0 1000.0
0
# 1517
batch1517 1.0 0.0 1000.0
0
# 1518
batch1518 1.0 0.0 1000.0
0
# 1519
batch1519 1.0 0.0 1000.0
0
# 1520
batch1520 1.0 0.0 1000.0
0
# 1521
batch1521 1.0 0.0 1000.0
0
# 1522
batch1522 1.0 0.0 1000.0
0
# 1523
batch1523 1.0 0.0 1000.0
0
# 1524
batch1524 1.0 0.0 1000.0
0
# 1525
batch1525 1.0 0.0 1000.0
0
# 1526
batch1526 1.0 0.0 1000.0
0
# 1527
batch1527 1.0 0.0 1000.0
0
# 1528
batch1528 1.0 0.0 1000.0
0
# 1529
batch1529 1.0 0.0 1000.0
0
# 1530
batch1530 1.0 0.0 1000.0
0
# 1531
batch1531 1.0 0.0 1000.0
0
# 1532
batch1532 1.0 0.0 1000.0
0
# 1533
batch1533 1.0 0.0 1000.0
0
# 1534
batch1534 1.0 0.0 1000.0
0
# 1535
batch1535 1.0 0.0 1000.0
0
# 1536
batch1536 1.0 0.0 1000.0
0
# 1537
batch1537 1.0 0.0 1000.0
0
# 1538
batch1538 1.0 0.0 1000.0
0
# 1539
batch1539 1.0 0.0 1000.0
0
# 1540
batch1540 1.0 0.0 1000.0
0
# 1541
batch1541 1.0 0.0 1000.0
0
# 1542
batch1542 1.0 0.0 1000.0
0
# 1543
batch1543 1.0 0.0 1000.0
0
# 1544
batch1544 1.0 0.0 1000.0
0
# 1545
batch1545 1.0 0.0 1000.0
0
# 1546
batch1546 1.0 0.0 1000.0
0
# 1547
batch1547 1.0 0.0 1000.0
0
# 1548
batch1548 1.0 0.0 1000.0
0
# 1549
batch1549 1.0 0.0 1000.0
0
# 1550
batch1550 1.0 0.0 1000.0
0
# 1551
batch1551 1.0 0.0 1000.0
0
# 1552
batch1552 1.0 0.0 1000.0
0
# 1553
batch1553 1.0 0.0 1000.0
0
# 1554
batch1554 1.0 0.0 1000.0
0
# 1555
batch1555 1.0 0.0 1000.0
0
# 1556
batch1556 1.0 0.0 1000.0
0
# 1557
batch1557 1.0 0.0 1000.0
0
# 1558
batch1558 1.0 0.0 1000.0
0
# 1559
batch1559 1.0 0.0 1000.0
0
# 1560
batch1560 1.0 0.0 1000.0
0
# 1561
batch1561 1.0 0.0 1000.0
0
# 1562
batch1562 1.0 0.0 1000.0
0
# 1563
batch1563 1.0 0.0 1000.0
0
# 1564
batch1564 1.0 0.0 1000.0
0
# 1565
batch1565 1.0 0.0 1000.0
0
# 1566
batch1566 1.0 0.0 1000.0
0
# 1567
batch1567 1.0 0.0 1000.0
0
# 1568
batch1568 1.0 0.0 1000.0
0
# 1569
batch1569 1.0 0.0 1000.0
0
# 1570
batch1570 1.0 0.0 1000.0
0
# 1571
batch1571 1.0 0.0 1000.0
0
# 1572
batch1572 1.0 0.0 1000.0
0
# 1573
batch1573 1.0 0.0 1000.0
0
# 1574
batch1574 1.0 0.0 1000.0
0
# 1575
batch1575 1.0 0.0 1000.0
0
# 1576
batch1576 1.0 0.0 1000.0
0
# 1577
batch1577 1.0 0.0 1000.0
0
# 1578
batch1578 1.0 0.0 1000.0
0
# 1579
batch1579 1.0 0.0 1000.0
0
# 1580
batch1580 1.0 0.0 1000.0
0
# 1581
batch1581 1.0 0.0 1000.0
0
# 1582
batch1582 1.0 0.0 1000.0
0
# 1583
batch1583 1.0 0.0 1000.0
0
# 1584
batch1584 1.0 0.0 1000.0
0
# 1585
batch1585 1.0 0.0 1000.0
0
# 1586
batch1586 1.0 0.0 1000.0
0
# 1587
batch1587 1.0 0.0 1000.0
0
# 1588
batch1588 1.0 0.0 1000.0
0
# 1589
batch1589 1.0 0.0 1000.0
0
# 1590
batch1590 1.0 0.0 1000.0
0
# 1591
batch1591 1.0 0.0 1000.0
0
# 1592
batch1592 1.0 0.0 1000.0
0
# 1593
batch1593 1.0 0.0 1000.0
0
# 1594
batch1594 1.0 0.0 1000.0
0
# 1595
batch1595 1.0 0.0 1000.0
0
# 1596
batch1596 1.0 0.0 1000.0
0
# 1597
batch1597 1.0 0.0 1000.0
0
# 1598
batch1598 1.0 0.0 1000.0
0
# 1599
batch1599 1.0 0.0 1000.0
0
# 1600
batch1600 1.0 0.0 1000.0
0
# 1601
batch1601 1.0 0.0 1000.0
0
# 1602
batch1602 1.0 0.0 1000.0
0
# 1603
batch1603 1.0 0.0 1000.0
0
# 1604
batch1604 1.0 0.0 1000.0
0
# 1605
batch1605 1.0 0.0 1000.0
0
# 1606
batch1606 1.0 0.0 1000.0
0
# 1607
batch1607 1.0 0.0 1000.0
0
# 1608
batch1608 1.0 0.0 1000.0
0
# 1609
batch1609 1.0 0.0 1000.0
0
# 1610
batch1610 1.0 0.0 1000.0
0
# 1611
batch1611 1.0 0.0 1000.0
0
# 1612
batch1612 1.0 0.0 1000.0
0
# 1613
batch1613 1.0 0.0 1000.0
0
# 1614
batch1614 1.0 0.0 1000.0
0
# 1615
batch1615 1.0 0.0 1000.0
0
# 1616
batch1616 1.0 0.0 1000.0
0
# 1617
batch1617 1.0 0.0 1000.0
0
# 1618
batch1618 1.0 0.0 1000.0
0
# 1619
batch1619 1.0 0.0 1000.0
0
# 1620
batch1620 1.0 0.0 1000.0
0
# 1621
batch1621 1.0 0.0 1000.0
0
# 1622
batch1622 1.0 0.0 1000.0
0
# 1623
batch1623 1.0 0.0 1000.0
0
# 1624
batch1624 1.0 0.0 1000.0
0
# 1625
batch1625 1.0 0.0 1000.0
0
# 1626
batch1626 1.0 0.0 1000.0
0
# 1627
batch1627 1.0 0.0 1000.0
0
# 1628
batch1628 1.0 0.0 1000.0
0
# 1629
batch1629 1.0 0.0 1000.0
0
# 1630
batch1630 1.0 0.0 1000.0
0
# 1631
batch1631 1.0 0.0 1000.0
0
# 1632
batch1632 1.0 0.0 1000.0
0
# 1633
batch1633 1.0 0.0 1000.0
0
# 1634
batch1634 1.0 0.0 1000.0
0
# 1635
batch1635 1.0 0.0 1000.0
0
# 1636
batch1636 1.0 0.0 1000.0
0
# 1637
batch1637 1.0 0.0 1000.0
0
# 1638
batch1638 1.0 0.0 1000.0
0
# 1639
batch1639 1.0 0.0 1000.0
0
# 1640
batch1640 1.0 0.0 1000.0
0
# 1641
batch1641 1.0 0.0 1000.0
0
# 1642
batch1642 1.0 0.0 1000.0
0
# 1643
batch1643 1.0 0.0 1000.0
0
# 1644
batch1644 1.0 0.0 1000.0
0
# 1645
batch1645 1.0 0.0 1000.0
0
# 1646
batch1646 1.0 0.0 1000.0
0
# 1647
batch1647 1.0 0.0 1000.0
0
# 1648
batch1648 1.0 0.0 1000.0
0
# 1649
batch1649 1.0 0.0 1000.0
0
# 1650
batch1650 1.0 0.0 1000.0
0
# 1651
batch1651 1.0 0.0 1000.0
0
# 1652
batch1652 1.0 0.0 1000.0
0
# 1653
batch1653 1.0 0.0 1000.0
0
# 1654
batch1654 1.0 0.0 1000.0
0
# 1655
batch1655 1.0 0.0 1000.0
0
# 1656
batch1656 1.0 0.0 1000.0
0
# 1657
batch1657 1.0 0.0 1000.0
0
# 1658
batch1658 1.0 0.0 1000.0
0
# 1659
batch1659 1.0 0.0 1000.0
0
# 1660
batch1660 1.0 0.0 1000.0
0
# 1661
batch1661 1.0 0.0 1000.0
0
# 1662
batch1662 1.0 0.0 1000.0
0
# 1663
batch1663 1.0 0.0 1000.0
0
# 1664
batch1664 1.0 0.0 1000.0
0
# 1665
batch1665 1.0 0.0 1000.0
0
# 1666
batch1666 1.0 0.0 1000.0
0
# 1667
batch1667 1.0 0.0 1000.0
0
# 1668
batch1668 1.0 0.0 1000.0
0
# 1669
batch1669 1.0 0.0 1000.0
0
# 1670
batch1670 1.0 0.0 1000.0
0
# 1671
batch1671 1.0 0.0 1000.0
0
# 1672
batch1672 1.0 0.0 1000.0
0
# 1673
batch1673 1.0 0.0 1000.0
0
# 1674
batch1674 1.0 0.0 1000.0
0
# 1675
batch1675 1.0 0.0 1000.0
0
# 1676
batch1676 1.0 0.0 1000.0
0
# 1677
batch1677 1.0 0.0 1000.0
0
# 1678
batch1678 1.0 0.0 1000.0
0
# 1679
batch1679 1.0 0.0 1000.0
0
# 1680
batch1680 1.0 0.0 1000.0
0
# 1681
batch1681 1.0 0.0 1000.0
0
# 1682
batch1682 1.0 0.0 1000.0
0
# 1683
batch1683 1.0 0.0 1000.0
0
# 1684
batch1684 1.0 0.0 1000.0
0
# 1685
batch1685 1.0 0.0 1000.0
0
# 1686
batch1686 1.0 0.0 1000.0
0
# 1687
batch1687 1.0 0.0 1000.0
0
# 1688
batch1688 1.0 0.0 1000.0
0
# 1689
batch1689 1.0 0.0 1000.0
0
# 1690
batch1690 1.0 0.0 1000.0
0
# 1691
batch1691 1.0 0.0 1000.0
0
# 1692
batch1692 1.0 0.0 1000.0
0
# 1693
batch1693 1.0 0.0 1000.0
0
# 1694
batch1694 1.0 0.0 1000.0
0
# 1695
batch1695 1.0 0.0 1000.0
0
# 1696
batch1696 1.0 0.0 1000.0
0
# 1697
batch1697 1.0 0.0 1000.0
0
# 1698
batch1698 1.0 0.0 1000.0
0
# 1699
batch1699 1.0 0.0 1000.0
0
# 1700
batch1700 1.0 0.0 1000.0
0
# 1701
batch1701 1.0 0.0 1000.0
0
# 1702
batch1702 1.0 0.0 1000.0
0
# 1703
batch1703 1.0 0.0 1000.0
0
# 1704
batch1704 1.0 0.0 1000.0
0
# 1705
batch1705 1.0 0.0 1000.0
0
# 1706
batch1706 1.0 0.0 1000.0
0
# 1707
batch1707 1.0 0.0 1000.0
0
# 1708
batch1708 1.0 0.0 1000.0
0
# 1709
batch1709 1.0 0.0 1000.0
0
# 1710
batch1710 1.0 0.0 1000.0
0
# 1711
batch1711 1.0 0.0 1000.0
0
# 1712
batch1712 1.0 0.0 1000.0
0
# 1713
batch1713 1.0 0.0 1000.0
0
# 1714
batch1714 1.0 0.0 1000.0
0
# 1715
batch1715 1.0 0.0 1000.0
0
# 1716
batch1716 1.0 0.0 1000.0
0
# 1717
batch1717 1.0 0.0 1000.0
0
# 1718
batch1718 1.0 0.0 1000.0
0
# 1719
batch1719 1.0 0.0 1000.0
0
# 1720
batch1720 1.0 0.0 1000.0
0
# 1721
batch1721 1.0 0.0 1000.0
0
# 1722
batch1722 1.0 0.0 1000.0
0
# 1723
batch1723 1.0 0.0 1000.0
0
# 1724
batch1724 1.0 0.0 1000.0
0
# 1725
batch1725 1.0 0.0 1000.0
0
# 1726
batch1726 1.0 0.0 1000.0
0
# 1727
batch1727 1.0 0.0 1000.0
0
# 1728
batch1728 1.0 0.0 1000.0
0
# 1729
batch1729 1.0 0.0 1000.0
0
# 1730
batch1730 1.0 0.0 1000.0
0
# 1731
batch1731 1.0 0.0 1000.0
0
# 1732
batch1732 1.0 0.0 1000.0
0
# 1733
batch1733 1.0 0.0 1000.0
0
# 1734
batch1734 1.0 0.0 1000.0
0
# 1735
batch1735 1.0 0.0 1000.0
0
# 1736
batch1736 1.0 0.0 1000.0
0
# 1737
batch1737 1.0 0.0 1000.0
0
# 1738
batch1738 1.0 0.0 1000.0
0
# 1739
batch1739 1.0 0.0 1000.0
0
# 1740
batch1740 1.0 0.0 1000.0
0
# 1741
batch1741 1.0 0.0 1000.0
0
# 1742
batch1742 1.0 0.0 1000.0
0
# 1743
batch1743 1.0 0.0 1000.0
0
# 1744
batch1744 1.0 0.0 1000.0
0
# 1745
batch1745 1.0 0.0 1000.0
0
# 1746
batch1746 1.0 0.0 1000.0
0
# 1747
batch1747 1.0 0.0 1000.0
0
# 1748
batch1748 1.0 0.0 1000.0
0
# 1749
batch1749 1.0 0.0 1000.0
0
# 1750
batch1750 1.0 0.0 1000.0
0
# 1751
batch1751 1.0 0.0 1000.0
0
# 1752
batch1752 1.0 0.0 1000.0
0
# 1753
batch1753 1.0 0.0 1000.0
0
# 1754
batch1754 1.0 0.0 1000.0
0
# 1755
batch1755 1.0 0.0 1000.0
0
# 1756
batch1756 1.0 0.0 1000.0
0
# 1757
batch1757 1.0 0.0 1000.0
0
# 1758
batch1758 1.0 0.0 1000.0
0
# 1759
batch1759 1.0 0.0 1000.0
0
# 1760
batch1760 1.0 0.0 1000.0
0
# 1761
batch1761 1.0 0.0 1000.0
0
# 1762
batch1762 1.0 0.0 1000.0
0
# 1763
batch1763 1.0 0.0 1000.0
0
# 1764
batch1764 1.0 0.0 1000.0
0
# 1765
batch1765 1.0 0.0 1000.0
0
# 1766
batch1766 1.0 0.0 1000.0
0
# 1767
batch1767 1.0 0.0 1000.0
0
# 1768
batch1768 1.0 0.0 1000.0
0
# 1769
batch1769 1.0 0.0 1000.0
0
# 1770
batch1770 1.0 0.0 1000.0
0
# 1771
batch1771 1.0 0.0 1000.0
0
# 1772
batch1772 1.0 0.0 1000.0
0
# 1773
batch1773 1.0 0.0 1000.0
0
# 1774
batch1774 1.0 0.0 1000.0
0
# 1775
batch1775 1.0 0.0 1000.0
0
# 1776
batch1776 1.0 0.0 1000.0
0
# 1777
batch1777 1.0 0.0 1000.0
0
# 1778
batch1778 1.0 0.0 1000.0
0
# 1779
batch1779 1.0 0.0 1000.0
0
# 1780
batch1780 1.0 0.0 1000.0
0
# 1781
batch1781 1.0 0.0 1000.0
0
# 1782
batch1782 1.0 0.0 1000.0
0
# 1783
batch1783 1.0 0.0 1000.0
0
# 1784
batch1784 1.0 0.0 1000.0
0
# 1785
batch1785 1.0 0.0 1000.0
0
# 1786
batch1786 1.0 0.0 1000.0
0
# 1787
batch1787 1.0 0.0 1000.0
0
# 1788
batch1788 1.0 0.0 1000.0
0
# 1789
batch1789 1.0 0.0 1000.0
0
# 1790
batch1790 1.0 0.0 1000.0
0
# 1791
batch1791 1.0 0.0 1000.0
0
# 1792
batch1792 1.0 0.0 1000.0
0
# 1793
batch1793 1.0 0.0 1000.0
0
# 1794
batch1794 1.0 0.0 1000.0
0
# 1795
batch1795 1.0 0.0 1000.0
0
# 1796
batch1796 1.0 0.0 1000.0
0
# 1797
batch1797 1.0 0.0 1000.0
0
# 1798
batch1798 1.0 0.0 1000.0
0
# 1799
batch1799 1.0 0.0 1000.0
0
# 1800
batch1800 1.0 0.0 1000.0
0
# 1801
batch1801 1.0 0.0 1000.0
0
# 1802
batch1802 1.0 0.0 1000.0
0
# 1803
batch1803 1.0 0.0 1000.0
0
# 1804
batch1804 1.0 0.0 1000.0
0
# 1805
batch1805 1.0 0.0 1000.0
0
# 1806
batch1806 1.0 0.0 1000.0
0
# 1807
batch1807 1.0 0.0 1000.0
0
# 1808
batch1808 1.0 0.0 1000.0
0
# 1809
batch1809 1.0 0.0 1000.0
0
# 1810
batch1810 1.0 0.0 1000.0
0
# 1811
batch1811 1.0 0.0 1000.0
0
# 1812
batch1812 1.0 0.0 1000.0
0
# 1813
batch1813 1.0 0.0 1000.0
0
# 1814
batch1814 1.0 0.0 1000.0
0
# 1815
batch1815 1.0 0.0 1000.0
0
# 1816
batch1816 1.0 0.0 1000.0
0
# 1817
batch1817 1.0 0.0 1000.0
0
# 1818
batch1818 1.0 0.0 1000.0
0
# 1819
batch1819 1.0 0.0 1000.0
0
# 1820
batch1820 1.0 0.0 1000.0
0
# 1821
batch1821 1.0 0.0 1000.0
0
# 1822
batch1822 1.0 0.0 1000.0
0
# 1823
batch1823 1.0 0.0 1000.0
0
# 1824
batch1824 1.0 0.0 1000.0
0
# 1825
batch1825 1.0 0.0 1000.0
0
# 1826
batch1826 1.0 0.0 1000.0
0
# 1827
batch1827 1.0 0.0 1000.0
0
# 1828
batch1828 1.0 0.0 1000.0
0
# 1829
batch1829 1.0 0.0 1000.0
0
# 1830
batch1830 1.0 0.0 1000.0
0
# 1831
batch1831 1.0 0.0 1000.0
0
# 1832
batch1832 1.0 0.0 1000.0
0
# 1833
batch1833 1.0 0.0 1000.0
0
# 1834
batch1834 1.0 0.0 1000.0
0
# 1835
batch1835 1.0 0.0 1000.0
0
# 1836
batch1836 1.0 0.0 1000.0
0
# 1837
batch1837 1.0 0.0 1000.0
0
# 1838
batch1838 1.0 0.0 1000.0
0
# 1839
batch1839 1.0 0.0 1000.0
0
# 1840
batch1840 1.0 0.0 1000.0
0
# 1841
batch1841 1.0 0.0 1000.0
0
# 1842
batch1842 1.0 0.0 1000.0
0
# 1843
batch1843 1.0 0.0 1000.0
0
# 1844
batch1844 1.0 0.0 1000.0
0
# 1845
batch1845 1.0 0.0 1000.0
0
# 1846
batch1846 1.0 0.0 1000.0
0
# 1847
batch1847 1.0 0.0 1000.0
0
# 1848
batch1848 1.0 0.0 1000.0
0
# 1849
batch1849 1.0 0.0 1000.0
0
# 1850
batch1850 1.0 0.0 1000.0
0
# 1851
batch1851 1.0 0.0 1000.0
0
# 1852
batch1852 1.0 0.0 1000.0
0
# 1853
batch1853 1.0 0.0 1000.0
0
# 1854
batch1854 1.0 0.0 1000.0
0
# 1855
batch1855 1.0 0.0 1000.0
0
# 1856
batch1856 1.0 0.0 1000.0
0
# 1857
batch1857 1.0 0.0 1000.0
0
# 1858
batch1858 1.0 0.0 1000.0
0
# 1859
batch1859 1.0 0.0 1000.0
0
# 1860
batch1860 1.0 0.0 1000.0
0
# 1861
batch1861 1.0 0.0 1000.0
0
# 1862
batch1862 1.0 0.0 1000.0
0
# 1863
batch1863 1.0 0.0 1000.0
0
# 1864
batch1864 1.0 0.0 1000.0
0
# 1865
batch1865 1.0 0.0 1000.0
0
# 1866
batch1866 1.0 0.0 1000.0
0
# 1867
batch1867 1.0 0.0 1000.0
0
# 1868
batch1868 1.0 0.0 1000.0
0
# 1869
batch1869 1.0 0.0 1000.0
0
# 1870
batch1870 1.0 0.0 1000.0
0
# 1871
batch1871 1.0 0.0 1000.0
0
# 1872
batch1872 1.0 0.0 1000.0
0
# 1873
batch1873 1.0 0.0 1000.0
0
# 1874
batch1874 1.0 0.0 1000.0
0
# 1875
batch1875 1.0 0.0 1000.0
0
# 1876
batch1876 1.0 0.0 1000.0
0
# 1877
batch1877 1.0 0.0 1000.0
0
# 1878
batch1878 1.0 0.0 1000.0
0
# 1879
batch1879 1.0 0.0 1000.0
0
# 1880
batch1880 1.0 0.0 1000.0
0
# 1881
batch1881 1.0 0.0 1000.0
0
# 1882
batch1882 1.0 0.0 1000.0
0
# 1883
batch1883 1.0 0.0 1000.0
0
# 1884
batch1884 1.0 0.0 1000.0
0
# 1885
batch1885 1.0 0.0 1000.0
0
# 1886
batch1886 1.0 0.0 1000.0
0
# 1887
batch1887 1.0 0.0 1000.0
0
# 1888
batch1888 1.0 0.0 1000.0
0
# 1889
batch1889 1.0 0.0 1000.0
0
# 1890
batch1890 1.0 0.0 1000.0
0
# 1891
batch1891 1.0 0.0 1000.0
0
# 1892
batch1892 1.0 0.0 1000.0
0
# 1893
batch1893 1.0 0.0 1000.0
0
# 1894
batch1894 1.0 0.0 1000.0
0
# 1895
batch1895 1.0 0.0 1000.0
0
# 1896
batch1896 1.0 0.0 1000.0
0
# 1897
batch1897 1.0 0.0 1000.0
0
# 1898
batch1898 1.0 0.0 1000.0
0
# 1899
batch1899 1.0 0.0 1000.0
0
# 1900
batch1900 1.0 0.0 1000.0
0
# 1901
batch1901 1.0 0.0 1000.0
0
# 1902
batch1902 1.0 0.0 1000.0
0
# 1903
batch1903 1.0 0.0 1000.0
0
# 1904
batch1904 1.0 0.0 1000.0
0
# 1905
batch1905 1.0 0.0 1000.0
0
# 1906
batch1906 1.0 0.0 1000.0
0
# 1907
batch1907 1.0 0.0 1000.0
0
# 1908
batch1908 1.0 0.0 1000.0
0
# 1909
batch1909 1.0 0.0 1000.0
0
# 1910
batch1910 1.0 0.0 1000.0
0
# 1911
batch1911 1.0 0.0 1000.0
0
# 1912
batch1912 1.0 0.0 1000.0
0
# 1913
batch1913 1.0 0.0 1000.0
0
# 1914
batch1914 1.0 0.0 1000.0
0
# 1915
batch1915 1.0 0.0 1000.0
0
# 1916
batch1916 1.0 0.0 1000.0
0
# 1917
batch1917 1.0 0.0 1000.0
0
# 1918
batch1918 1.0 0.0 1000.0
0
# 1919
batch1919 1.0 0.0 1000.0
0
# 1920
batch1920 1.0 0.0 1000.0
0
# 1921
batch1921 1.0 0.0 1000.0
0
# 1922
batch1922 1.0 0.0 1000.0
0
# 1923
batch1923 1.0 0.0 1000.0
0
# 1924
batch1924 1.0 0.0 1000.0
0
# 1925
batch1925 1.0 0.0 1000.0
0
# 1926
batch1926 1.0 0.0 1000.0
0
# 1927
batch1927 1.0 0.0 1000.0
0
# 1928
batch1928 1.0 0.0 1000.0
0
# 1929
batch1929 1.0 0.0 1000.0
0
# 1930
batch1930 1.0 0.0 1000.0
0
# 1931
batch1931 1.0 0.0 1000.0
0
# 1932
batch1932 1.0 0.0 1000.0
0
# 1933
batch1933 1.0 0.0 1000.0
0
# 1934
batch1934 1.0 0.0 1000.0
0
# 1935
batch1935 1.0 0.0 1000.0
0
# 1936
batch1936 1.0 0.0 1000.0
0
# 1937
batch1937 1.0 0.0 1000.0
0
# 1938
batch1938 1.0 0.0 1000.0
0
# 1939
batch1939 1.0 0.0 1000.0
0
# 1940
batch1940 1.0 0.0 1000.0
0
# 1941
batch1941 1.0 0.0 1000.0
0
# 1942
batch1942 1.0 0.0 1000.0
0
# 1943
batch1943 1.0 0.0 1000.0
0
# 1944
batch1944 1.0 0.0 1000.0
0
# 1945
batch1945 1.0 0.0 1000.0
0
# 1946
batch1946 1.0 0.0 1000.0
0
# 1947
batch1947 1.0 0.0 1000.0
0
# 1948
batch1948 1.0 0.0 1000.0
0
# 1949
batch1949 1.0 0.0 1000.0
0
# 1950
batch1950 1.0 0.0 1000.0
0
# 1951
batch1951 1.0 0.0 1000.0
0
# 1952
batch1952 1.0 0.0 1000.0
0
# 1953
batch1953 1.0 0.0 1000.0
0
# 1954
batch1954 1.0 0.0 1000.0
0
# 1955
batch1955 1.0 0.0 1000.0
0
# 1956
batch1956 1.0 0.0 1000.0
0
# 1957
batch1957 1.0 0.0 1000.0
0
# 1958
batch1958 1.0 0.0 1000.0
0
# 1959
batch1959 1.0 0.0 1000.0
0
# 1960
batch1960 1.0 0.0 1000.0
0
# 1961
batch1961 1.0 0.0 1000.0
0
# 1962
batch1962 1.0 0.0 1000.0
0
# 1963
batch1963 1.0 0.0 1000.0
0
# 1964
batch1964 1.0 0.0 1000.0
0
# 1965
batch1965 1.0 0.0 1000.0
0
# 1966
batch1966 1.0 0.0 1000.0
0
# 1967
batch1967 1.0 0.0 1000.0
0
# 1968
batch1968 1.0 0.0 1000.0
0
# 1969
batch1969 1.0 0.0 1000.0
0
# 1970
batch1970 1.0 0.0 1000.0
0
# 1971
batch1971 1.0 0.0 1000.0
0
# 1972
batch1972 1.0 0.0 1000.0
0
# 1973
batch1973 1.0 0.0 1000.0
0
# 1974
batch1974 1.0 0.0 1000.0
0
# 1975
batch1975 1.0 0.0 1000.0
0
# 1976
batch1976 1.0 0.0 1000.0
0
# 1977
batch1977 1.0 0.0 1000.0
0
# 1978
batch1978 1.0 0.0 1000.0
0
# 1979
batch1979 1.0 0.0 1000.0
0
# 1980
batch1980 1.0 0.0 1000.0
0
# 1981
batch1981 1.0 0.0 1000.0
0
# 1982
batch1982 1.0 0.0 1000.0
0
# 1983
batch1983 1.0 0.0 1000.0
0
# 1984
batch1984 1.0 0.0 1000.0
0
# 1985
batch1985 1.0 0.0 1000.0
0
# 1986
batch1986 1.0 0.0 1000.0
0
# 1987
batch1987 1.0 0.0 1000.0
0
# 1988
batch1988 1.0 0.0 1000.0
0
# 1989
batch1989 1.0 0.0 1000.0
0
# 1990
batch1990 1.0 0.0 1000.0
0
# 1991
batch1991 1.0 0.0 1000.0
0
# 1992
batch1992 1.0 0.0 1000.0
0
# 1993
batch1993 1.0 0.0 1000.0
0
# 1994
batch1994 1.0 0.0 1000.0
0
# 1995
batch1995 1.0 0.0 1000.0
0
# 1996
batch1996 1.0 0.0 1000.0
0
# 1997
batch1997 1.0 0.0 1000.0
0
# 1998
batch1998 1.0 0.0 1000.0
0
# 1999
batch1999 1.0 0.0 1000.0
0
