# 0
bursty0 1.0 0.0 1000.0
1
25.0 100.0 100.0
# 0
batch0 1.0 0.0 1000.0
0
# 1
batch1 1.0 0.0 1000.0
0
# 2
batch2 1.0 0.0 1000.0
0
# 3
batch3 1.0 0.0 1000.0
0
# 4
batch4 1.0 0.0 1000.0
0
# 5
batch5 1.0 0.0 1000.0
0
# 6
batch6 1.0 0.0 1000.0
0
# 7
batch7 1.0 0.0 1000.0
0
# 8
batch8 1.0 0.0 1000.0
0
# 9
batch9 1.0 0.0 1000.0
0
# 10
batch10 1.0 0.0 1000.0
0
# 11
batch11 1.0 0.0 1000.0
0
# 12
batch12 1.0 0.0 1000.0
0
# 13
batch13 1.0 0.0 1000.0
0
# 14
batch14 1.0 0.0 1000.0
0
# 15
batch15 1.0 0.0 1000.0
0
# 16
batch16 1.0 0.0 1000.0
0
# 17
batch17 1.0 0.0 1000.0
0
# 18
batch18 1.0 0.0 1000.0
0
# 19
batch19 1.0 0.0 1000.0
0
# 20
batch20 1.0 0.0 1000.0
0
# 21
batch21 1.0 0.0 1000.0
0
# 22
batch22 1.0 0.0 1000.0
0
# 23
batch23 1.0 0.0 1000.0
0
# 24
batch24 1.0 0.0 1000.0
0
# 25
batch25 1.0 0.0 1000.0
0
# 26
batch26 1.0 0.0 1000.0
0
# 27
batch27 1.0 0.0 1000.0
0
# 28
batch28 1.0 0.0 1000.0
0
# 29
batch29 1.0 0.0 1000.0
0
# 30
batch30 1.0 0.0 1000.0
0
# 31
batch31 1.0 0.0 1000.0
0
# 32
batch32 1.0 0.0 1000.0
0
# 33
batch33 1.0 0.0 1000.0
0
# 34
batch34 1.0 0.0 1000.0
0
# 35
batch35 1.0 0.0 1000.0
0
# 36
batch36 1.0 0.0 1000.0
0
# 37
batch37 1.0 0.0 1000.0
0
# 38
batch38 1.0 0.0 1000.0
0
# 39
batch39 1.0 0.0 1000.0
0
# 40
batch40 1.0 0.0 1000.0
0
# 41
batch41 1.0 0.0 1000.0
0
# 42
batch42 1.0 0.0 1000.0
0
# 43
batch43 1.0 0.0 1000.0
0
# 44
batch44 1.0 0.0 1000.0
0
# 45
batch45 1.0 0.0 1000.0
0
# 46
batch46 1.0 0.0 1000.0
0
# 47
batch47 1.0 0.0 1000.0
0
# 48
batch48 1.0 0.0 1000.0
0
# 49
batch49 1.0 0.0 1000.0
0
# 50
batch50 1.0 0.0 1000.0
0
# 51
batch51 1.0 0.0 1000.0
0
# 52
batch52 1.0 0.0 1000.0
0
# 53
batch53 1.0 0.0 1000.0
0
# 54
batch54 1.0 0.0 1000.0
0
# 55
batch55 1.0 0.0 1000.0
0
# 56
batch56 1.0 0.0 1000.0
0
# 57
batch57 1.0 0.0 1000.0
0
# 58
batch58 1.0 0.0 1000.0
0
# 59
batch59 1.0 0.0 1000.0
0
# 60
batch60 1.0 0.0 1000.0
0
# 61
batch61 1.0 0.0 1000.0
0
# 62
batch62 1.0 0.0 1000.0
0
# 63
batch63 1.0 0.0 1000.0
0
# 64
batch64 1.0 0.0 1000.0
0
# 65
batch65 1.0 0.0 1000.0
0
# 66
batch66 1.0 0.0 1000.0
0
# 67
batch67 1.0 0.0 1000.0
0
# 68
batch68 1.0 0.0 1000.0
0
# 69
batch69 1.0 0.0 1000.0
0
# 70
batch70 1.0 0.0 1000.0
0
# 71
batch71 1.0 0.0 1000.0
0
# 72
batch72 1.0 0.0 1000.0
0
# 73
batch73 1.0 0.0 1000.0
0
# 74
batch74 1.0 0.0 1000.0
0
# 75
batch75 1.0 0.0 1000.0
0
# 76
batch76 1.0 0.0 1000.0
0
# 77
batch77 1.0 0.0 1000.0
0
# 78
batch78 1.0 0.0 1000.0
0
# 79
batch79 1.0 0.0 1000.0
0
# 80
batch80 1.0 0.0 1000.0
0
# 81
batch81 1.0 0.0 1000.0
0
# 82
batch82 1.0 0.0 1000.0
0
# 83
batch83 1.0 0.0 1000.0
0
# 84
batch84 1.0 0.0 1000.0
0
# 85
batch85 1.0 0.0 1000.0
0
# 86
batch86 1.0 0.0 1000.0
0
# 87
batch87 1.0 0.0 1000.0
0
# 88
batch88 1.0 0.0 1000.0
0
# 89
batch89 1.0 0.0 1000.0
0
# 90
batch90 1.0 0.0 1000.0
0
# 91
batch91 1.0 0.0 1000.0
0
# 92
batch92 1.0 0.0 1000.0
0
# 93
batch93 1.0 0.0 1000.0
0
# 94
batch94 1.0 0.0 1000.0
0
# 95
batch95 1.0 0.0 1000.0
0
# 96
batch96 1.0 0.0 1000.0
0
# 97
batch97 1.0 0.0 1000.0
0
# 98
batch98 1.0 0.0 1000.0
0
# 99
batch99 1.0 0.0 1000.0
0
# 100
batch100 1.0 0.0 1000.0
0
# 101
batch101 1.0 0.0 1000.0
0
# 102
batch102 1.0 0.0 1000.0
0
# 103
batch103 1.0 0.0 1000.0
0
# 104
batch104 1.0 0.0 1000.0
0
# 105
batch105 1.0 0.0 1000.0
0
# 106
batch106 1.0 0.0 1000.0
0
# 107
batch107 1.0 0.0 1000.0
0
# 108
batch108 1.0 0.0 1000.0
0
# 109
batch109 1.0 0.0 1000.0
0
# 110
batch110 1.0 0.0 1000.0
0
# 111
batch111 1.0 0.0 1000.0
0
# 112
batch112 1.0 0.0 1000.0
0
# 113
batch113 1.0 0.0 1000.0
0
# 114
batch114 1.0 0.0 1000.0
0
# 115
batch115 1.0 0.0 1000.0
0
# 116
batch116 1.0 0.0 1000.0
0
# 117
batch117 1.0 0.0 1000.0
0
# 118
batch118 1.0 0.0 1000.0
0
# 119
batch119 1.0 0.0 1000.0
0
# 120
batch120 1.0 0.0 1000.0
0
# 121
batch121 1.0 0.0 1000.0
0
# 122
batch122 1.0 0.0 1000.0
0
# 123
batch123 1.0 0.0 1000.0
0
# 124
batch124 1.0 0.0 1000.0
0
# 125
batch125 1.0 0.0 1000.0
0
# 126
batch126 1.0 0.0 1000.0
0
# 127
batch127 1.0 0.0 1000.0
0
# 128
batch128 1.0 0.0 1000.0
0
# 129
batch129 1.0 0.0 1000.0
0
# 130
batch130 1.0 0.0 1000.0
0
# 131
batch131 1.0 0.0 1000.0
0
# 132
batch132 1.0 0.0 1000.0
0
# 133
batch133 1.0 0.0 1000.0
0
# 134
batch134 1.0 0.0 1000.0
0
# 135
batch135 1.0 0.0 1000.0
0
# 136
batch136 1.0 0.0 1000.0
0
# 137
batch137 1.0 0.0 1000.0
0
# 138
batch138 1.0 0.0 1000.0
0
# 139
batch139 1.0 0.0 1000.0
0
# 140
batch140 1.0 0.0 1000.0
0
# 141
batch141 1.0 0.0 1000.0
0
# 142
batch142 1.0 0.0 1000.0
0
# 143
batch143 1.0 0.0 1000.0
0
# 144
batch144 1.0 0.0 1000.0
0
# 145
batch145 1.0 0.0 1000.0
0
# 146
batch146 1.0 0.0 1000.0
0
# 147
batch147 1.0 0.0 1000.0
0
# 148
batch148 1.0 0.0 1000.0
0
# 149
batch149 1.0 0.0 1000.0
0
# 150
batch150 1.0 0.0 1000.0
0
# 151
batch151 1.0 0.0 1000.0
0
# 152
batch152 1.0 0.0 1000.0
0
# 153
batch153 1.0 0.0 1000.0
0
# 154
batch154 1.0 0.0 1000.0
0
# 155
batch155 1.0 0.0 1000.0
0
# 156
batch156 1.0 0.0 1000.0
0
# 157
batch157 1.0 0.0 1000.0
0
# 158
batch158 1.0 0.0 1000.0
0
# 159
batch159 1.0 0.0 1000.0
0
# 160
batch160 1.0 0.0 1000.0
0
# 161
batch161 1.0 0.0 1000.0
0
# 162
batch162 1.0 0.0 1000.0
0
# 163
batch163 1.0 0.0 1000.0
0
# 164
batch164 1.0 0.0 1000.0
0
# 165
batch165 1.0 0.0 1000.0
0
# 166
batch166 1.0 0.0 1000.0
0
# 167
batch167 1.0 0.0 1000.0
0
# 168
batch168 1.0 0.0 1000.0
0
# 169
batch169 1.0 0.0 1000.0
0
# 170
batch170 1.0 0.0 1000.0
0
# 171
batch171 1.0 0.0 1000.0
0
# 172
batch172 1.0 0.0 1000.0
0
# 173
batch173 1.0 0.0 1000.0
0
# 174
batch174 1.0 0.0 1000.0
0
# 175
batch175 1.0 0.0 1000.0
0
# 176
batch176 1.0 0.0 1000.0
0
# 177
batch177 1.0 0.0 1000.0
0
# 178
batch178 1.0 0.0 1000.0
0
# 179
batch179 1.0 0.0 1000.0
0
# 180
batch180 1.0 0.0 1000.0
0
# 181
batch181 1.0 0.0 1000.0
0
# 182
batch182 1.0 0.0 1000.0
0
# 183
batch183 1.0 0.0 1000.0
0
# 184
batch184 1.0 0.0 1000.0
0
# 185
batch185 1.0 0.0 1000.0
0
# 186
batch186 1.0 0.0 1000.0
0
# 187
batch187 1.0 0.0 1000.0
0
# 188
batch188 1.0 0.0 1000.0
0
# 189
batch189 1.0 0.0 1000.0
0
# 190
batch190 1.0 0.0 1000.0
0
# 191
batch191 1.0 0.0 1000.0
0
# 192
batch192 1.0 0.0 1000.0
0
# 193
batch193 1.0 0.0 1000.0
0
# 194
batch194 1.0 0.0 1000.0
0
# 195
batch195 1.0 0.0 1000.0
0
# 196
batch196 1.0 0.0 1000.0
0
# 197
batch197 1.0 0.0 1000.0
0
# 198
batch198 1.0 0.0 1000.0
0
# 199
batch199 1.0 0.0 1000.0
0
# 200
batch200 1.0 0.0 1000.0
0
# 201
batch201 1.0 0.0 1000.0
0
# 202
batch202 1.0 0.0 1000.0
0
# 203
batch203 1.0 0.0 1000.0
0
# 204
batch204 1.0 0.0 1000.0
0
# 205
batch205 1.0 0.0 1000.0
0
# 206
batch206 1.0 0.0 1000.0
0
# 207
batch207 1.0 0.0 1000.0
0
# 208
batch208 1.0 0.0 1000.0
0
# 209
batch209 1.0 0.0 1000.0
0
# 210
batch210 1.0 0.0 1000.0
0
# 211
batch211 1.0 0.0 1000.0
0
# 212
batch212 1.0 0.0 1000.0
0
# 213
batch213 1.0 0.0 1000.0
0
# 214
batch214 1.0 0.0 1000.0
0
# 215
batch215 1.0 0.0 1000.0
0
# 216
batch216 1.0 0.0 1000.0
0
# 217
batch217 1.0 0.0 1000.0
0
# 218
batch218 1.0 0.0 1000.0
0
# 219
batch219 1.0 0.0 1000.0
0
# 220
batch220 1.0 0.0 1000.0
0
# 221
batch221 1.0 0.0 1000.0
0
# 222
batch222 1.0 0.0 1000.0
0
# 223
batch223 1.0 0.0 1000.0
0
# 224
batch224 1.0 0.0 1000.0
0
# 225
batch225 1.0 0.0 1000.0
0
# 226
batch226 1.0 0.0 1000.0
0
# 227
batch227 1.0 0.0 1000.0
0
# 228
batch228 1.0 0.0 1000.0
0
# 229
batch229 1.0 0.0 1000.0
0
# 230
batch230 1.0 0.0 1000.0
0
# 231
batch231 1.0 0.0 1000.0
0
# 232
batch232 1.0 0.0 1000.0
0
# 233
batch233 1.0 0.0 1000.0
0
# 234
batch234 1.0 0.0 1000.0
0
# 235
batch235 1.0 0.0 1000.0
0
# 236
batch236 1.0 0.0 1000.0
0
# 237
batch237 1.0 0.0 1000.0
0
# 238
batch238 1.0 0.0 1000.0
0
# 239
batch239 1.0 0.0 1000.0
0
# 240
batch240 1.0 0.0 1000.0
0
# 241
batch241 1.0 0.0 1000.0
0
# 242
batch242 1.0 0.0 1000.0
0
# 243
batch243 1.0 0.0 1000.0
0
# 244
batch244 1.0 0.0 1000.0
0
# 245
batch245 1.0 0.0 1000.0
0
# 246
batch246 1.0 0.0 1000.0
0
# 247
batch247 1.0 0.0 1000.0
0
# 248
batch248 1.0 0.0 1000.0
0
# 249
batch249 1.0 0.0 1000.0
0
# 250
batch250 1.0 0.0 1000.0
0
# 251
batch251 1.0 0.0 1000.0
0
# 252
batch252 1.0 0.0 1000.0
0
# 253
batch253 1.0 0.0 1000.0
0
# 254
batch254 1.0 0.0 1000.0
0
# 255
batch255 1.0 0.0 1000.0
0
# 256
batch256 1.0 0.0 1000.0
0
# 257
batch257 1.0 0.0 1000.0
0
# 258
batch258 1.0 0.0 1000.0
0
# 259
batch259 1.0 0.0 1000.0
0
# 260
batch260 1.0 0.0 1000.0
0
# 261
batch261 1.0 0.0 1000.0
0
# 262
batch262 1.0 0.0 1000.0
0
# 263
batch263 1.0 0.0 1000.0
0
# 264
batch264 1.0 0.0 1000.0
0
# 265
batch265 1.0 0.0 1000.0
0
# 266
batch266 1.0 0.0 1000.0
0
# 267
batch267 1.0 0.0 1000.0
0
# 268
batch268 1.0 0.0 1000.0
0
# 269
batch269 1.0 0.0 1000.0
0
# 270
batch270 1.0 0.0 1000.0
0
# 271
batch271 1.0 0.0 1000.0
0
# 272
batch272 1.0 0.0 1000.0
0
# 273
batch273 1.0 0.0 1000.0
0
# 274
batch274 1.0 0.0 1000.0
0
# 275
batch275 1.0 0.0 1000.0
0
# 276
batch276 1.0 0.0 1000.0
0
# 277
batch277 1.0 0.0 1000.0
0
# 278
batch278 1.0 0.0 1000.0
0
# 279
batch279 1.0 0.0 1000.0
0
# 280
batch280 1.0 0.0 1000.0
0
# 281
batch281 1.0 0.0 1000.0
0
# 282
batch282 1.0 0.0 1000.0
0
# 283
batch283 1.0 0.0 1000.0
0
# 284
batch284 1.0 0.0 1000.0
0
# 285
batch285 1.0 0.0 1000.0
0
# 286
batch286 1.0 0.0 1000.0
0
# 287
batch287 1.0 0.0 1000.0
0
# 288
batch288 1.0 0.0 1000.0
0
# 289
batch289 1.0 0.0 1000.0
0
# 290
batch290 1.0 0.0 1000.0
0
# 291
batch291 1.0 0.0 1000.0
0
# 292
batch292 1.0 0.0 1000.0
0
# 293
batch293 1.0 0.0 1000.0
0
# 294
batch294 1.0 0.0 1000.0
0
# 295
batch295 1.0 0.0 1000.0
0
# 296
batch296 1.0 0.0 1000.0
0
# 297
batch297 1.0 0.0 1000.0
0
# 298
batch298 1.0 0.0 1000.0
0
# 299
batch299 1.0 0.0 1000.0
0
# 300
batch300 1.0 0.0 1000.0
0
# 301
batch301 1.0 0.0 1000.0
0
# 302
batch302 1.0 0.0 1000.0
0
# 303
batch303 1.0 0.0 1000.0
0
# 304
batch304 1.0 0.0 1000.0
0
# 305
batch305 1.0 0.0 1000.0
0
# 306
batch306 1.0 0.0 1000.0
0
# 307
batch307 1.0 0.0 1000.0
0
# 308
batch308 1.0 0.0 1000.0
0
# 309
batch309 1.0 0.0 1000.0
0
# 310
batch310 1.0 0.0 1000.0
0
# 311
batch311 1.0 0.0 1000.0
0
# 312
batch312 1.0 0.0 1000.0
0
# 313
batch313 1.0 0.0 1000.0
0
# 314
batch314 1.0 0.0 1000.0
0
# 315
batch315 1.0 0.0 1000.0
0
# 316
batch316 1.0 0.0 1000.0
0
# 317
batch317 1.0 0.0 1000.0
0
# 318
batch318 1.0 0.0 1000.0
0
# 319
batch319 1.0 0.0 1000.0
0
# 320
batch320 1.0 0.0 1000.0
0
# 321
batch321 1.0 0.0 1000.0
0
# 322
batch322 1.0 0.0 1000.0
0
# 323
batch323 1.0 0.0 1000.0
0
# 324
batch324 1.0 0.0 1000.0
0
# 325
batch325 1.0 0.0 1000.0
0
# 326
batch326 1.0 0.0 1000.0
0
# 327
batch327 1.0 0.0 1000.0
0
# 328
batch328 1.0 0.0 1000.0
0
# 329
batch329 1.0 0.0 1000.0
0
# 330
batch330 1.0 0.0 1000.0
0
# 331
batch331 1.0 0.0 1000.0
0
# 332
batch332 1.0 0.0 1000.0
0
# 333
batch333 1.0 0.0 1000.0
0
# 334
batch334 1.0 0.0 1000.0
0
# 335
batch335 1.0 0.0 1000.0
0
# 336
batch336 1.0 0.0 1000.0
0
# 337
batch337 1.0 0.0 1000.0
0
# 338
batch338 1.0 0.0 1000.0
0
# 339
batch339 1.0 0.0 1000.0
0
# 340
batch340 1.0 0.0 1000.0
0
# 341
batch341 1.0 0.0 1000.0
0
# 342
batch342 1.0 0.0 1000.0
0
# 343
batch343 1.0 0.0 1000.0
0
# 344
batch344 1.0 0.0 1000.0
0
# 345
batch345 1.0 0.0 1000.0
0
# 346
batch346 1.0 0.0 1000.0
0
# 347
batch347 1.0 0.0 1000.0
0
# 348
batch348 1.0 0.0 1000.0
0
# 349
batch349 1.0 0.0 1000.0
0
# 350
batch350 1.0 0.0 1000.0
0
# 351
batch351 1.0 0.0 1000.0
0
# 352
batch352 1.0 0.0 1000.0
0
# 353
batch353 1.0 0.0 1000.0
0
# 354
batch354 1.0 0.0 1000.0
0
# 355
batch355 1.0 0.0 1000.0
0
# 356
batch356 1.0 0.0 1000.0
0
# 357
batch357 1.0 0.0 1000.0
0
# 358
batch358 1.0 0.0 1000.0
0
# 359
batch359 1.0 0.0 1000.0
0
# 360
batch360 1.0 0.0 1000.0
0
# 361
batch361 1.0 0.0 1000.0
0
# 362
batch362 1.0 0.0 1000.0
0
# 363
batch363 1.0 0.0 1000.0
0
# 364
batch364 1.0 0.0 1000.0
0
# 365
batch365 1.0 0.0 1000.0
0
# 366
batch366 1.0 0.0 1000.0
0
# 367
batch367 1.0 0.0 1000.0
0
# 368
batch368 1.0 0.0 1000.0
0
# 369
batch369 1.0 0.0 1000.0
0
# 370
batch370 1.0 0.0 1000.0
0
# 371
batch371 1.0 0.0 1000.0
0
# 372
batch372 1.0 0.0 1000.0
0
# 373
batch373 1.0 0.0 1000.0
0
# 374
batch374 1.0 0.0 1000.0
0
# 375
batch375 1.0 0.0 1000.0
0
# 376
batch376 1.0 0.0 1000.0
0
# 377
batch377 1.0 0.0 1000.0
0
# 378
batch378 1.0 0.0 1000.0
0
# 379
batch379 1.0 0.0 1000.0
0
# 380
batch380 1.0 0.0 1000.0
0
# 381
batch381 1.0 0.0 1000.0
0
# 382
batch382 1.0 0.0 1000.0
0
# 383
batch383 1.0 0.0 1000.0
0
# 384
batch384 1.0 0.0 1000.0
0
# 385
batch385 1.0 0.0 1000.0
0
# 386
batch386 1.0 0.0 1000.0
0
# 387
batch387 1.0 0.0 1000.0
0
# 388
batch388 1.0 0.0 1000.0
0
# 389
batch389 1.0 0.0 1000.0
0
# 390
batch390 1.0 0.0 1000.0
0
# 391
batch391 1.0 0.0 1000.0
0
# 392
batch392 1.0 0.0 1000.0
0
# 393
batch393 1.0 0.0 1000.0
0
# 394
batch394 1.0 0.0 1000.0
0
# 395
batch395 1.0 0.0 1000.0
0
# 396
batch396 1.0 0.0 1000.0
0
# 397
batch397 1.0 0.0 1000.0
0
# 398
batch398 1.0 0.0 1000.0
0
# 399
batch399 1.0 0.0 1000.0
0
# 400
batch400 1.0 0.0 1000.0
0
# 401
batch401 1.0 0.0 1000.0
0
# 402
batch402 1.0 0.0 1000.0
0
# 403
batch403 1.0 0.0 1000.0
0
# 404
batch404 1.0 0.0 1000.0
0
# 405
batch405 1.0 0.0 1000.0
0
# 406
batch406 1.0 0.0 1000.0
0
# 407
batch407 1.0 0.0 1000.0
0
# 408
batch408 1.0 0.0 1000.0
0
# 409
batch409 1.0 0.0 1000.0
0
# 410
batch410 1.0 0.0 1000.0
0
# 411
batch411 1.0 0.0 1000.0
0
# 412
batch412 1.0 0.0 1000.0
0
# 413
batch413 1.0 0.0 1000.0
0
# 414
batch414 1.0 0.0 1000.0
0
# 415
batch415 1.0 0.0 1000.0
0
# 416
batch416 1.0 0.0 1000.0
0
# 417
batch417 1.0 0.0 1000.0
0
# 418
batch418 1.0 0.0 1000.0
0
# 419
batch419 1.0 0.0 1000.0
0
# 420
batch420 1.0 0.0 1000.0
0
# 421
batch421 1.0 0.0 1000.0
0
# 422
batch422 1.0 0.0 1000.0
0
# 423
batch423 1.0 0.0 1000.0
0
# 424
batch424 1.0 0.0 1000.0
0
# 425
batch425 1.0 0.0 1000.0
0
# 426
batch426 1.0 0.0 1000.0
0
# 427
batch427 1.0 0.0 1000.0
0
# 428
batch428 1.0 0.0 1000.0
0
# 429
batch429 1.0 0.0 1000.0
0
# 430
batch430 1.0 0.0 1000.0
0
# 431
batch431 1.0 0.0 1000.0
0
# 432
batch432 1.0 0.0 1000.0
0
# 433
batch433 1.0 0.0 1000.0
0
# 434
batch434 1.0 0.0 1000.0
0
# 435
batch435 1.0 0.0 1000.0
0
# 436
batch436 1.0 0.0 1000.0
0
# 437
batch437 1.0 0.0 1000.0
0
# 438
batch438 1.0 0.0 1000.0
0
# 439
batch439 1.0 0.0 1000.0
0
# 440
batch440 1.0 0.0 1000.0
0
# 441
batch441 1.0 0.0 1000.0
0
# 442
batch442 1.0 0.0 1000.0
0
# 443
batch443 1.0 0.0 1000.0
0
# 444
batch444 1.0 0.0 1000.0
0
# 445
batch445 1.0 0.0 1000.0
0
# 446
batch446 1.0 0.0 1000.0
0
# 447
batch447 1.0 0.0 1000.0
0
# 448
batch448 1.0 0.0 1000.0
0
# 449
batch449 1.0 0.0 1000.0
0
# 450
batch450 1.0 0.0 1000.0
0
# 451
batch451 1.0 0.0 1000.0
0
# 452
batch452 1.0 0.0 1000.0
0
# 453
batch453 1.0 0.0 1000.0
0
# 454
batch454 1.0 0.0 1000.0
0
# 455
batch455 1.0 0.0 1000.0
0
# 456
batch456 1.0 0.0 1000.0
0
# 457
batch457 1.0 0.0 1000.0
0
# 458
batch458 1.0 0.0 1000.0
0
# 459
batch459 1.0 0.0 1000.0
0
# 460
batch460 1.0 0.0 1000.0
0
# 461
batch461 1.0 0.0 1000.0
0
# 462
batch462 1.0 0.0 1000.0
0
# 463
batch463 1.0 0.0 1000.0
0
# 464
batch464 1.0 0.0 1000.0
0
# 465
batch465 1.0 0.0 1000.0
0
# 466
batch466 1.0 0.0 1000.0
0
# 467
batch467 1.0 0.0 1000.0
0
# 468
batch468 1.0 0.0 1000.0
0
# 469
batch469 1.0 0.0 1000.0
0
# 470
batch470 1.0 0.0 1000.0
0
# 471
batch471 1.0 0.0 1000.0
0
# 472
batch472 1.0 0.0 1000.0
0
# 473
batch473 1.0 0.0 1000.0
0
# 474
batch474 1.0 0.0 1000.0
0
# 475
batch475 1.0 0.0 1000.0
0
# 476
batch476 1.0 0.0 1000.0
0
# 477
batch477 1.0 0.0 1000.0
0
# 478
batch478 1.0 0.0 1000.0
0
# 479
batch479 1.0 0.0 1000.0
0
# 480
batch480 1.0 0.0 1000.0
0
# 481
batch481 1.0 0.0 1000.0
0
# 482
batch482 1.0 0.0 1000.0
0
# 483
batch483 1.0 0.0 1000.0
0
# 484
batch484 1.0 0.0 1000.0
0
# 485
batch485 1.0 0.0 1000.0
0
# 486
batch486 1.0 0.0 1000.0
0
# 487
batch487 1.0 0.0 1000.0
0
# 488
batch488 1.0 0.0 1000.0
0
# 489
batch489 1.0 0.0 1000.0
0
# 490
batch490 1.0 0.0 1000.0
0
# 491
batch491 1.0 0.0 1000.0
0
# 492
batch492 1.0 0.0 1000.0
0
# 493
batch493 1.0 0.0 1000.0
0
# 494
batch494 1.0 0.0 1000.0
0
# 495
batch495 1.0 0.0 1000.0
0
# 496
batch496 1.0 0.0 1000.0
0
# 497
batch497 1.0 0.0 1000.0
0
# 498
batch498 1.0 0.0 1000.0
0
# 499
batch499 1.0 0.0 1000.0
0
# 500
batch500 1.0 0.0 1000.0
0
# 501
batch501 1.0 0.0 1000.0
0
# 502
batch502 1.0 0.0 1000.0
0
# 503
batch503 1.0 0.0 1000.0
0
# 504
batch504 1.0 0.0 1000.0
0
# 505
batch505 1.0 0.0 1000.0
0
# 506
batch506 1.0 0.0 1000.0
0
# 507
batch507 1.0 0.0 1000.0
0
# 508
batch508 1.0 0.0 1000.0
0
# 509
batch509 1.0 0.0 1000.0
0
# 510
batch510 1.0 0.0 1000.0
0
# 511
batch511 1.0 0.0 1000.0
0
# 512
batch512 1.0 0.0 1000.0
0
# 513
batch513 1.0 0.0 1000.0
0
# 514
batch514 1.0 0.0 1000.0
0
# 515
batch515 1.0 0.0 1000.0
0
# 516
batch516 1.0 0.0 1000.0
0
# 517
batch517 1.0 0.0 1000.0
0
# 518
batch518 1.0 0.0 1000.0
0
# 519
batch519 1.0 0.0 1000.0
0
# 520
batch520 1.0 0.0 1000.0
0
# 521
batch521 1.0 0.0 1000.0
0
# 522
batch522 1.0 0.0 1000.0
0
# 523
batch523 1.0 0.0 1000.0
0
# 524
batch524 1.0 0.0 1000.0
0
# 525
batch525 1.0 0.0 1000.0
0
# 526
batch526 1.0 0.0 1000.0
0
# 527
batch527 1.0 0.0 1000.0
0
# 528
batch528 1.0 0.0 1000.0
0
# 529
batch529 1.0 0.0 1000.0
0
# 530
batch530 1.0 0.0 1000.0
0
# 531
batch531 1.0 0.0 1000.0
0
# 532
batch532 1.0 0.0 1000.0
0
# 533
batch533 1.0 0.0 1000.0
0
# 534
batch534 1.0 0.0 1000.0
0
# 535
batch535 1.0 0.0 1000.0
0
# 536
batch536 1.0 0.0 1000.0
0
# 537
batch537 1.0 0.0 1000.0
0
# 538
batch538 1.0 0.0 1000.0
0
# 539
batch539 1.0 0.0 1000.0
0
# 540
batch540 1.0 0.0 1000.0
0
# 541
batch541 1.0 0.0 1000.0
0
# 542
batch542 1.0 0.0 1000.0
0
# 543
batch543 1.0 0.0 1000.0
0
# 544
batch544 1.0 0.0 1000.0
0
# 545
batch545 1.0 0.0 1000.0
0
# 546
batch546 1.0 0.0 1000.0
0
# 547
batch547 1.0 0.0 1000.0
0
# 548
batch548 1.0 0.0 1000.0
0
# 549
batch549 1.0 0.0 1000.0
0
# 550
batch550 1.0 0.0 1000.0
0
# 551
batch551 1.0 0.0 1000.0
0
# 552
batch552 1.0 0.0 1000.0
0
# 553
batch553 1.0 0.0 1000.0
0
# 554
batch554 1.0 0.0 1000.0
0
# 555
batch555 1.0 0.0 1000.0
0
# 556
batch556 1.0 0.0 1000.0
0
# 557
batch557 1.0 0.0 1000.0
0
# 558
batch558 1.0 0.0 1000.0
0
# 559
batch559 1.0 0.0 1000.0
0
# 560
batch560 1.0 0.0 1000.0
0
# 561
batch561 1.0 0.0 1000.0
0
# 562
batch562 1.0 0.0 1000.0
0
# 563
batch563 1.0 0.0 1000.0
0
# 564
batch564 1.0 0.0 1000.0
0
# 565
batch565 1.0 0.0 1000.0
0
# 566
batch566 1.0 0.0 1000.0
0
# 567
batch567 1.0 0.0 1000.0
0
# 568
batch568 1.0 0.0 1000.0
0
# 569
batch569 1.0 0.0 1000.0
0
# 570
batch570 1.0 0.0 1000.0
0
# 571
batch571 1.0 0.0 1000.0
0
# 572
batch572 1.0 0.0 1000.0
0
# 573
batch573 1.0 0.0 1000.0
0
# 574
batch574 1.0 0.0 1000.0
0
# 575
batch575 1.0 0.0 1000.0
0
# 576
batch576 1.0 0.0 1000.0
0
# 577
batch577 1.0 0.0 1000.0
0
# 578
batch578 1.0 0.0 1000.0
0
# 579
batch579 1.0 0.0 1000.0
0
# 580
batch580 1.0 0.0 1000.0
0
# 581
batch581 1.0 0.0 1000.0
0
# 582
batch582 1.0 0.0 1000.0
0
# 583
batch583 1.0 0.0 1000.0
0
# 584
batch584 1.0 0.0 1000.0
0
# 585
batch585 1.0 0.0 1000.0
0
# 586
batch586 1.0 0.0 1000.0
0
# 587
batch587 1.0 0.0 1000.0
0
# 588
batch588 1.0 0.0 1000.0
0
# 589
batch589 1.0 0.0 1000.0
0
# 590
batch590 1.0 0.0 1000.0
0
# 591
batch591 1.0 0.0 1000.0
0
# 592
batch592 1.0 0.0 1000.0
0
# 593
batch593 1.0 0.0 1000.0
0
# 594
batch594 1.0 0.0 1000.0
0
# 595
batch595 1.0 0.0 1000.0
0
# 596
batch596 1.0 0.0 1000.0
0
# 597
batch597 1.0 0.0 1000.0
0
# 598
batch598 1.0 0.0 1000.0
0
# 599
batch599 1.0 0.0 1000.0
0
# 600
batch600 1.0 0.0 1000.0
0
# 601
batch601 1.0 0.0 1000.0
0
# 602
batch602 1.0 0.0 1000.0
0
# 603
batch603 1.0 0.0 1000.0
0
# 604
batch604 1.0 0.0 1000.0
0
# 605
batch605 1.0 0.0 1000.0
0
# 606
batch606 1.0 0.0 1000.0
0
# 607
batch607 1.0 0.0 1000.0
0
# 608
batch608 1.0 0.0 1000.0
0
# 609
batch609 1.0 0.0 1000.0
0
# 610
batch610 1.0 0.0 1000.0
0
# 611
batch611 1.0 0.0 1000.0
0
# 612
batch612 1.0 0.0 1000.0
0
# 613
batch613 1.0 0.0 1000.0
0
# 614
batch614 1.0 0.0 1000.0
0
# 615
batch615 1.0 0.0 1000.0
0
# 616
batch616 1.0 0.0 1000.0
0
# 617
batch617 1.0 0.0 1000.0
0
# 618
batch618 1.0 0.0 1000.0
0
# 619
batch619 1.0 0.0 1000.0
0
# 620
batch620 1.0 0.0 1000.0
0
# 621
batch621 1.0 0.0 1000.0
0
# 622
batch622 1.0 0.0 1000.0
0
# 623
batch623 1.0 0.0 1000.0
0
# 624
batch624 1.0 0.0 1000.0
0
# 625
batch625 1.0 0.0 1000.0
0
# 626
batch626 1.0 0.0 1000.0
0
# 627
batch627 1.0 0.0 1000.0
0
# 628
batch628 1.0 0.0 1000.0
0
# 629
batch629 1.0 0.0 1000.0
0
# 630
batch630 1.0 0.0 1000.0
0
# 631
batch631 1.0 0.0 1000.0
0
# 632
batch632 1.0 0.0 1000.0
0
# 633
batch633 1.0 0.0 1000.0
0
# 634
batch634 1.0 0.0 1000.0
0
# 635
batch635 1.0 0.0 1000.0
0
# 636
batch636 1.0 0.0 1000.0
0
# 637
batch637 1.0 0.0 1000.0
0
# 638
batch638 1.0 0.0 1000.0
0
# 639
batch639 1.0 0.0 1000.0
0
# 640
batch640 1.0 0.0 1000.0
0
# 641
batch641 1.0 0.0 1000.0
0
# 642
batch642 1.0 0.0 1000.0
0
# 643
batch643 1.0 0.0 1000.0
0
# 644
batch644 1.0 0.0 1000.0
0
# 645
batch645 1.0 0.0 1000.0
0
# 646
batch646 1.0 0.0 1000.0
0
# 647
batch647 1.0 0.0 1000.0
0
# 648
batch648 1.0 0.0 1000.0
0
# 649
batch649 1.0 0.0 1000.0
0
# 650
batch650 1.0 0.0 1000.0
0
# 651
batch651 1.0 0.0 1000.0
0
# 652
batch652 1.0 0.0 1000.0
0
# 653
batch653 1.0 0.0 1000.0
0
# 654
batch654 1.0 0.0 1000.0
0
# 655
batch655 1.0 0.0 1000.0
0
# 656
batch656 1.0 0.0 1000.0
0
# 657
batch657 1.0 0.0 1000.0
0
# 658
batch658 1.0 0.0 1000.0
0
# 659
batch659 1.0 0.0 1000.0
0
# 660
batch660 1.0 0.0 1000.0
0
# 661
batch661 1.0 0.0 1000.0
0
# 662
batch662 1.0 0.0 1000.0
0
# 663
batch663 1.0 0.0 1000.0
0
# 664
batch664 1.0 0.0 1000.0
0
# 665
batch665 1.0 0.0 1000.0
0
# 666
batch666 1.0 0.0 1000.0
0
# 667
batch667 1.0 0.0 1000.0
0
# 668
batch668 1.0 0.0 1000.0
0
# 669
batch669 1.0 0.0 1000.0
0
# 670
batch670 1.0 0.0 1000.0
0
# 671
batch671 1.0 0.0 1000.0
0
# 672
batch672 1.0 0.0 1000.0
0
# 673
batch673 1.0 0.0 1000.0
0
# 674
batch674 1.0 0.0 1000.0
0
# 675
batch675 1.0 0.0 1000.0
0
# 676
batch676 1.0 0.0 1000.0
0
# 677
batch677 1.0 0.0 1000.0
0
# 678
batch678 1.0 0.0 1000.0
0
# 679
batch679 1.0 0.0 1000.0
0
# 680
batch680 1.0 0.0 1000.0
0
# 681
batch681 1.0 0.0 1000.0
0
# 682
batch682 1.0 0.0 1000.0
0
# 683
batch683 1.0 0.0 1000.0
0
# 684
batch684 1.0 0.0 1000.0
0
# 685
batch685 1.0 0.0 1000.0
0
# 686
batch686 1.0 0.0 1000.0
0
# 687
batch687 1.0 0.0 1000.0
0
# 688
batch688 1.0 0.0 1000.0
0
# 689
batch689 1.0 0.0 1000.0
0
# 690
batch690 1.0 0.0 1000.0
0
# 691
batch691 1.0 0.0 1000.0
0
# 692
batch692 1.0 0.0 1000.0
0
# 693
batch693 1.0 0.0 1000.0
0
# 694
batch694 1.0 0.0 1000.0
0
# 695
batch695 1.0 0.0 1000.0
0
# 696
batch696 1.0 0.0 1000.0
0
# 697
batch697 1.0 0.0 1000.0
0
# 698
batch698 1.0 0.0 1000.0
0
# 699
batch699 1.0 0.0 1000.0
0
# 700
batch700 1.0 0.0 1000.0
0
# 701
batch701 1.0 0.0 1000.0
0
# 702
batch702 1.0 0.0 1000.0
0
# 703
batch703 1.0 0.0 1000.0
0
# 704
batch704 1.0 0.0 1000.0
0
# 705
batch705 1.0 0.0 1000.0
0
# 706
batch706 1.0 0.0 1000.0
0
# 707
batch707 1.0 0.0 1000.0
0
# 708
batch708 1.0 0.0 1000.0
0
# 709
batch709 1.0 0.0 1000.0
0
# 710
batch710 1.0 0.0 1000.0
0
# 711
batch711 1.0 0.0 1000.0
0
# 712
batch712 1.0 0.0 1000.0
0
# 713
batch713 1.0 0.0 1000.0
0
# 714
batch714 1.0 0.0 1000.0
0
# 715
batch715 1.0 0.0 1000.0
0
# 716
batch716 1.0 0.0 1000.0
0
# 717
batch717 1.0 0.0 1000.0
0
# 718
batch718 1.0 0.0 1000.0
0
# 719
batch719 1.0 0.0 1000.0
0
# 720
batch720 1.0 0.0 1000.0
0
# 721
batch721 1.0 0.0 1000.0
0
# 722
batch722 1.0 0.0 1000.0
0
# 723
batch723 1.0 0.0 1000.0
0
# 724
batch724 1.0 0.0 1000.0
0
# 725
batch725 1.0 0.0 1000.0
0
# 726
batch726 1.0 0.0 1000.0
0
# 727
batch727 1.0 0.0 1000.0
0
# 728
batch728 1.0 0.0 1000.0
0
# 729
batch729 1.0 0.0 1000.0
0
# 730
batch730 1.0 0.0 1000.0
0
# 731
batch731 1.0 0.0 1000.0
0
# 732
batch732 1.0 0.0 1000.0
0
# 733
batch733 1.0 0.0 1000.0
0
# 734
batch734 1.0 0.0 1000.0
0
# 735
batch735 1.0 0.0 1000.0
0
# 736
batch736 1.0 0.0 1000.0
0
# 737
batch737 1.0 0.0 1000.0
0
# 738
batch738 1.0 0.0 1000.0
0
# 739
batch739 1.0 0.0 1000.0
0
# 740
batch740 1.0 0.0 1000.0
0
# 741
batch741 1.0 0.0 1000.0
0
# 742
batch742 1.0 0.0 1000.0
0
# 743
batch743 1.0 0.0 1000.0
0
# 744
batch744 1.0 0.0 1000.0
0
# 745
batch745 1.0 0.0 1000.0
0
# 746
batch746 1.0 0.0 1000.0
0
# 747
batch747 1.0 0.0 1000.0
0
# 748
batch748 1.0 0.0 1000.0
0
# 749
batch749 1.0 0.0 1000.0
0
# 750
batch750 1.0 0.0 1000.0
0
# 751
batch751 1.0 0.0 1000.0
0
# 752
batch752 1.0 0.0 1000.0
0
# 753
batch753 1.0 0.0 1000.0
0
# 754
batch754 1.0 0.0 1000.0
0
# 755
batch755 1.0 0.0 1000.0
0
# 756
batch756 1.0 0.0 1000.0
0
# 757
batch757 1.0 0.0 1000.0
0
# 758
batch758 1.0 0.0 1000.0
0
# 759
batch759 1.0 0.0 1000.0
0
# 760
batch760 1.0 0.0 1000.0
0
# 761
batch761 1.0 0.0 1000.0
0
# 762
batch762 1.0 0.0 1000.0
0
# 763
batch763 1.0 0.0 1000.0
0
# 764
batch764 1.0 0.0 1000.0
0
# 765
batch765 1.0 0.0 1000.0
0
# 766
batch766 1.0 0.0 1000.0
0
# 767
batch767 1.0 0.0 1000.0
0
# 768
batch768 1.0 0.0 1000.0
0
# 769
batch769 1.0 0.0 1000.0
0
# 770
batch770 1.0 0.0 1000.0
0
# 771
batch771 1.0 0.0 1000.0
0
# 772
batch772 1.0 0.0 1000.0
0
# 773
batch773 1.0 0.0 1000.0
0
# 774
batch774 1.0 0.0 1000.0
0
# 775
batch775 1.0 0.0 1000.0
0
# 776
batch776 1.0 0.0 1000.0
0
# 777
batch777 1.0 0.0 1000.0
0
# 778
batch778 1.0 0.0 1000.0
0
# 779
batch779 1.0 0.0 1000.0
0
# 780
batch780 1.0 0.0 1000.0
0
# 781
batch781 1.0 0.0 1000.0
0
# 782
batch782 1.0 0.0 1000.0
0
# 783
batch783 1.0 0.0 1000.0
0
# 784
batch784 1.0 0.0 1000.0
0
# 785
batch785 1.0 0.0 1000.0
0
# 786
batch786 1.0 0.0 1000.0
0
# 787
batch787 1.0 0.0 1000.0
0
# 788
batch788 1.0 0.0 1000.0
0
# 789
batch789 1.0 0.0 1000.0
0
# 790
batch790 1.0 0.0 1000.0
0
# 791
batch791 1.0 0.0 1000.0
0
# 792
batch792 1.0 0.0 1000.0
0
# 793
batch793 1.0 0.0 1000.0
0
# 794
batch794 1.0 0.0 1000.0
0
# 795
batch795 1.0 0.0 1000.0
0
# 796
batch796 1.0 0.0 1000.0
0
# 797
batch797 1.0 0.0 1000.0
0
# 798
batch798 1.0 0.0 1000.0
0
# 799
batch799 1.0 0.0 1000.0
0
# 800
batch800 1.0 0.0 1000.0
0
# 801
batch801 1.0 0.0 1000.0
0
# 802
batch802 1.0 0.0 1000.0
0
# 803
batch803 1.0 0.0 1000.0
0
# 804
batch804 1.0 0.0 1000.0
0
# 805
batch805 1.0 0.0 1000.0
0
# 806
batch806 1.0 0.0 1000.0
0
# 807
batch807 1.0 0.0 1000.0
0
# 808
batch808 1.0 0.0 1000.0
0
# 809
batch809 1.0 0.0 1000.0
0
# 810
batch810 1.0 0.0 1000.0
0
# 811
batch811 1.0 0.0 1000.0
0
# 812
batch812 1.0 0.0 1000.0
0
# 813
batch813 1.0 0.0 1000.0
0
# 814
batch814 1.0 0.0 1000.0
0
# 815
batch815 1.0 0.0 1000.0
0
# 816
batch816 1.0 0.0 1000.0
0
# 817
batch817 1.0 0.0 1000.0
0
# 818
batch818 1.0 0.0 1000.0
0
# 819
batch819 1.0 0.0 1000.0
0
# 820
batch820 1.0 0.0 1000.0
0
# 821
batch821 1.0 0.0 1000.0
0
# 822
batch822 1.0 0.0 1000.0
0
# 823
batch823 1.0 0.0 1000.0
0
# 824
batch824 1.0 0.0 1000.0
0
# 825
batch825 1.0 0.0 1000.0
0
# 826
batch826 1.0 0.0 1000.0
0
# 827
batch827 1.0 0.0 1000.0
0
# 828
batch828 1.0 0.0 1000.0
0
# 829
batch829 1.0 0.0 1000.0
0
# 830
batch830 1.0 0.0 1000.0
0
# 831
batch831 1.0 0.0 1000.0
0
# 832
batch832 1.0 0.0 1000.0
0
# 833
batch833 1.0 0.0 1000.0
0
# 834
batch834 1.0 0.0 1000.0
0
# 835
batch835 1.0 0.0 1000.0
0
# 836
batch836 1.0 0.0 1000.0
0
# 837
batch837 1.0 0.0 1000.0
0
# 838
batch838 1.0 0.0 1000.0
0
# 839
batch839 1.0 0.0 1000.0
0
# 840
batch840 1.0 0.0 1000.0
0
# 841
batch841 1.0 0.0 1000.0
0
# 842
batch842 1.0 0.0 1000.0
0
# 843
batch843 1.0 0.0 1000.0
0
# 844
batch844 1.0 0.0 1000.0
0
# 845
batch845 1.0 0.0 1000.0
0
# 846
batch846 1.0 0.0 1000.0
0
# 847
batch847 1.0 0.0 1000.0
0
# 848
batch848 1.0 0.0 1000.0
0
# 849
batch849 1.0 0.0 1000.0
0
# 850
batch850 1.0 0.0 1000.0
0
# 851
batch851 1.0 0.0 1000.0
0
# 852
batch852 1.0 0.0 1000.0
0
# 853
batch853 1.0 0.0 1000.0
0
# 854
batch854 1.0 0.0 1000.0
0
# 855
batch855 1.0 0.0 1000.0
0
# 856
batch856 1.0 0.0 1000.0
0
# 857
batch857 1.0 0.0 1000.0
0
# 858
batch858 1.0 0.0 1000.0
0
# 859
batch859 1.0 0.0 1000.0
0
# 860
batch860 1.0 0.0 1000.0
0
# 861
batch861 1.0 0.0 1000.0
0
# 862
batch862 1.0 0.0 1000.0
0
# 863
batch863 1.0 0.0 1000.0
0
# 864
batch864 1.0 0.0 1000.0
0
# 865
batch865 1.0 0.0 1000.0
0
# 866
batch866 1.0 0.0 1000.0
0
# 867
batch867 1.0 0.0 1000.0
0
# 868
batch868 1.0 0.0 1000.0
0
# 869
batch869 1.0 0.0 1000.0
0
# 870
batch870 1.0 0.0 1000.0
0
# 871
batch871 1.0 0.0 1000.0
0
# 872
batch872 1.0 0.0 1000.0
0
# 873
batch873 1.0 0.0 1000.0
0
# 874
batch874 1.0 0.0 1000.0
0
# 875
batch875 1.0 0.0 1000.0
0
# 876
batch876 1.0 0.0 1000.0
0
# 877
batch877 1.0 0.0 1000.0
0
# 878
batch878 1.0 0.0 1000.0
0
# 879
batch879 1.0 0.0 1000.0
0
# 880
batch880 1.0 0.0 1000.0
0
# 881
batch881 1.0 0.0 1000.0
0
# 882
batch882 1.0 0.0 1000.0
0
# 883
batch883 1.0 0.0 1000.0
0
# 884
batch884 1.0 0.0 1000.0
0
# 885
batch885 1.0 0.0 1000.0
0
# 886
batch886 1.0 0.0 1000.0
0
# 887
batch887 1.0 0.0 1000.0
0
# 888
batch888 1.0 0.0 1000.0
0
# 889
batch889 1.0 0.0 1000.0
0
# 890
batch890 1.0 0.0 1000.0
0
# 891
batch891 1.0 0.0 1000.0
0
# 892
batch892 1.0 0.0 1000.0
0
# 893
batch893 1.0 0.0 1000.0
0
# 894
batch894 1.0 0.0 1000.0
0
# 895
batch895 1.0 0.0 1000.0
0
# 896
batch896 1.0 0.0 1000.0
0
# 897
batch897 1.0 0.0 1000.0
0
# 898
batch898 1.0 0.0 1000.0
0
# 899
batch899 1.0 0.0 1000.0
0
# 900
batch900 1.0 0.0 1000.0
0
# 901
batch901 1.0 0.0 1000.0
0
# 902
batch902 1.0 0.0 1000.0
0
# 903
batch903 1.0 0.0 1000.0
0
# 904
batch904 1.0 0.0 1000.0
0
# 905
batch905 1.0 0.0 1000.0
0
# 906
batch906 1.0 0.0 1000.0
0
# 907
batch907 1.0 0.0 1000.0
0
# 908
batch908 1.0 0.0 1000.0
0
# 909
batch909 1.0 0.0 1000.0
0
# 910
batch910 1.0 0.0 1000.0
0
# 911
batch911 1.0 0.0 1000.0
0
# 912
batch912 1.0 0.0 1000.0
0
# 913
batch913 1.0 0.0 1000.0
0
# 914
batch914 1.0 0.0 1000.0
0
# 915
batch915 1.0 0.0 1000.0
0
# 916
batch916 1.0 0.0 1000.0
0
# 917
batch917 1.0 0.0 1000.0
0
# 918
batch918 1.0 0.0 1000.0
0
# 919
batch919 1.0 0.0 1000.0
0
# 920
batch920 1.0 0.0 1000.0
0
# 921
batch921 1.0 0.0 1000.0
0
# 922
batch922 1.0 0.0 1000.0
0
# 923
batch923 1.0 0.0 1000.0
0
# 924
batch924 1.0 0.0 1000.0
0
# 925
batch925 1.0 0.0 1000.0
0
# 926
batch926 1.0 0.0 1000.0
0
# 927
batch927 1.0 0.0 1000.0
0
# 928
batch928 1.0 0.0 1000.0
0
# 929
batch929 1.0 0.0 1000.0
0
# 930
batch930 1.0 0.0 1000.0
0
# 931
batch931 1.0 0.0 1000.0
0
# 932
batch932 1.0 0.0 1000.0
0
# 933
batch933 1.0 0.0 1000.0
0
# 934
batch934 1.0 0.0 1000.0
0
# 935
batch935 1.0 0.0 1000.0
0
# 936
batch936 1.0 0.0 1000.0
0
# 937
batch937 1.0 0.0 1000.0
0
# 938
batch938 1.0 0.0 1000.0
0
# 939
batch939 1.0 0.0 1000.0
0
# 940
batch940 1.0 0.0 1000.0
0
# 941
batch941 1.0 0.0 1000.0
0
# 942
batch942 1.0 0.0 1000.0
0
# 943
batch943 1.0 0.0 1000.0
0
# 944
batch944 1.0 0.0 1000.0
0
# 945
batch945 1.0 0.0 1000.0
0
# 946
batch946 1.0 0.0 1000.0
0
# 947
batch947 1.0 0.0 1000.0
0
# 948
batch948 1.0 0.0 1000.0
0
# 949
batch949 1.0 0.0 1000.0
0
# 950
batch950 1.0 0.0 1000.0
0
# 951
batch951 1.0 0.0 1000.0
0
# 952
batch952 1.0 0.0 1000.0
0
# 953
batch953 1.0 0.0 1000.0
0
# 954
batch954 1.0 0.0 1000.0
0
# 955
batch955 1.0 0.0 1000.0
0
# 956
batch956 1.0 0.0 1000.0
0
# 957
batch957 1.0 0.0 1000.0
0
# 958
batch958 1.0 0.0 1000.0
0
# 959
batch959 1.0 0.0 1000.0
0
# 960
batch960 1.0 0.0 1000.0
0
# 961
batch961 1.0 0.0 1000.0
0
# 962
batch962 1.0 0.0 1000.0
0
# 963
batch963 1.0 0.0 1000.0
0
# 964
batch964 1.0 0.0 1000.0
0
# 965
batch965 1.0 0.0 1000.0
0
# 966
batch966 1.0 0.0 1000.0
0
# 967
batch967 1.0 0.0 1000.0
0
# 968
batch968 1.0 0.0 1000.0
0
# 969
batch969 1.0 0.0 1000.0
0
# 970
batch970 1.0 0.0 1000.0
0
# 971
batch971 1.0 0.0 1000.0
0
# 972
batch972 1.0 0.0 1000.0
0
# 973
batch973 1.0 0.0 1000.0
0
# 974
batch974 1.0 0.0 1000.0
0
# 975
batch975 1.0 0.0 1000.0
0
# 976
batch976 1.0 0.0 1000.0
0
# 977
batch977 1.0 0.0 1000.0
0
# 978
batch978 1.0 0.0 1000.0
0
# 979
batch979 1.0 0.0 1000.0
0
# 980
batch980 1.0 0.0 1000.0
0
# 981
batch981 1.0 0.0 1000.0
0
# 982
batch982 1.0 0.0 1000.0
0
# 983
batch983 1.0 0.0 1000.0
0
# 984
batch984 1.0 0.0 1000.0
0
# 985
batch985 1.0 0.0 1000.0
0
# 986
batch986 1.0 0.0 1000.0
0
# 987
batch987 1.0 0.0 1000.0
0
# 988
batch988 1.0 0.0 1000.0
0
# 989
batch989 1.0 0.0 1000.0
0
# 990
batch990 1.0 0.0 1000.0
0
# 991
batch991 1.0 0.0 1000.0
0
# 992
batch992 1.0 0.0 1000.0
0
# 993
batch993 1.0 0.0 1000.0
0
# 994
batch994 1.0 0.0 1000.0
0
# 995
batch995 1.0 0.0 1000.0
0
# 996
batch996 1.0 0.0 1000.0
0
# 997
batch997 1.0 0.0 1000.0
0
# 998
batch998 1.0 0.0 1000.0
0
# 999
batch999 1.0 0.0 1000.0
0
