# 0
bursty0 1.0 0.0 1000.0
1
25.0 100.0 100.0
# 0
batch0 1.0 0.0 1000.0
0
# 1
batch1 1.0 0.0 1000.0
0
# 2
batch2 1.0 0.0 1000.0
0
# 3
batch3 1.0 0.0 1000.0
0
# 4
batch4 1.0 0.0 1000.0
0
# 5
batch5 1.0 0.0 1000.0
0
# 6
batch6 1.0 0.0 1000.0
0
# 7
batch7 1.0 0.0 1000.0
0
# 8
batch8 1.0 0.0 1000.0
0
# 9
batch9 1.0 0.0 1000.0
0
# 10
batch10 1.0 0.0 1000.0
0
# 11
batch11 1.0 0.0 1000.0
0
# 12
batch12 1.0 0.0 1000.0
0
# 13
batch13 1.0 0.0 1000.0
0
# 14
batch14 1.0 0.0 1000.0
0
# 15
batch15 1.0 0.0 1000.0
0
# 16
batch16 1.0 0.0 1000.0
0
# 17
batch17 1.0 0.0 1000.0
0
# 18
batch18 1.0 0.0 1000.0
0
# 19
batch19 1.0 0.0 1000.0
0
# 20
batch20 1.0 0.0 1000.0
0
# 21
batch21 1.0 0.0 1000.0
0
# 22
batch22 1.0 0.0 1000.0
0
# 23
batch23 1.0 0.0 1000.0
0
# 24
batch24 1.0 0.0 1000.0
0
# 25
batch25 1.0 0.0 1000.0
0
# 26
batch26 1.0 0.0 1000.0
0
# 27
batch27 1.0 0.0 1000.0
0
# 28
batch28 1.0 0.0 1000.0
0
# 29
batch29 1.0 0.0 1000.0
0
# 30
batch30 1.0 0.0 1000.0
0
# 31
batch31 1.0 0.0 1000.0
0
