# 0
1 0 0
MapStage 472 0.0873 0.0746 0.0043 0.0000 0.0229 0.0188 4359
0
# 1
1 1 0
MapStage 187 0.0566 0.0603 0.0082 0.0000 0.0105 0.0000 1655
0
# 2
1 2 0
MapStage 997 0.0228 0.0628 0.0020 0.0026 0.0026 0.0033 133
0
# 3
1 3 0
MapStage 330 0.0624 0.0603 0.0084 0.0000 0.0108 0.0000 1671
0
# 4
1 4 0
MapStage 446 0.0858 0.0745 0.0046 0.0000 0.0229 0.0216 4979
0
# 5
1 5 0
MapStage 1003 0.0227 0.0630 0.0020 0.0026 0.0026 0.0033 26
0
# 6
1 6 0
MapStage 504 0.0799 0.0744 0.0041 0.0000 0.0209 0.0196 1731
0
# 7
1 7 0
MapStage 924 0.0246 0.0625 0.0022 0.0028 0.0028 0.0036 177
0
# 8
2 8 0
MapStage 206 0.0216 0.0625 0.0093 0.0000 0.0119 0.0000 8
ReduceStage 208 0.0039 0.0632 0.0001 0.0000 0.0000 0.0000 92
1
MapStage ReduceStage ata
# 9
1 9 0
MapStage 537 0.0796 0.0744 0.0038 0.0000 0.0205 0.0169 1672
0
# 10
1 10 0
MapStage 161 0.0446 0.0606 0.0138 0.0000 0.0177 0.0004 832
0
# 11
2 11 0
MapStage 200 0.0233 0.0619 0.0097 0.0000 0.0124 0.0000 17
ReduceStage 326 0.0024 0.0641 0.0000 0.0000 0.0000 0.0000 86
1
MapStage ReduceStage ata
# 12
1 12 0
MapStage 967 0.0231 0.0628 0.0021 0.0027 0.0027 0.0034 103
0
# 13
2 13 0
MapStage 148 0.0352 0.0626 0.0143 0.0000 0.0183 0.0000 62
ReduceStage 218 0.0034 0.0638 0.0000 0.0000 0.0000 0.0000 101
1
MapStage ReduceStage ata
# 14
1 14 0
MapStage 913 0.0251 0.0625 0.0022 0.0028 0.0028 0.0036 173
0
# 15
1 15 0
MapStage 923 0.0244 0.0623 0.0022 0.0028 0.0028 0.0036 151
0
# 16
2 16 0
MapStage 195 0.0232 0.0612 0.0099 0.0000 0.0127 0.0000 15
ReduceStage 219 0.0033 0.0636 0.0000 0.0000 0.0000 0.0000 91
1
MapStage ReduceStage ata
# 17
1 17 0
MapStage 921 0.0246 0.0624 0.0022 0.0029 0.0028 0.0036 152
0
# 18
2 18 1
MapStage 208 0.0235 0.0617 0.0097 0.0000 0.0125 0.0000 162
ReduceStage 331 0.0026 0.0638 0.0000 0.0000 0.0000 0.0000 92
1
MapStage ReduceStage ata
# 19
1 19 1
MapStage 921 0.0249 0.0626 0.0022 0.0028 0.0028 0.0036 173
0
# 20
1 20 1
MapStage 914 0.0247 0.0624 0.0022 0.0028 0.0028 0.0036 175
0
# 21
1 21 1
MapStage 956 0.0231 0.0620 0.0021 0.0027 0.0027 0.0034 93
0
# 22
1 22 1
MapStage 904 0.0245 0.0625 0.0022 0.0029 0.0029 0.0037 170
0
# 23
1 23 1
MapStage 269 0.0715 0.0611 0.0074 0.0000 0.0252 0.0185 474
0
# 24
1 24 1
MapStage 973 0.0231 0.0627 0.0021 0.0026 0.0026 0.0034 109
0
# 25
1 25 2
MapStage 1007 0.0229 0.0623 0.0020 0.0026 0.0026 0.0033 7
0
# 26
1 26 3
MapStage 912 0.0243 0.0625 0.0022 0.0029 0.0028 0.0037 166
0
# 27
1 27 3
MapStage 903 0.0249 0.0626 0.0022 0.0029 0.0029 0.0037 190
0
# 28
# 29
1 29 3
MapStage 926 0.0239 0.0626 0.0022 0.0028 0.0028 0.0036 156
0
# 30
1 30 4
MapStage 277 0.0304 0.0592 0.0020 0.0016 0.0026 0.0020 1
0
# 31
1 31 4
MapStage 1016 0.0235 0.0626 0.0020 0.0025 0.0025 0.0033 2
0
# 32
1 32 5
MapStage 971 0.0222 0.0651 0.0021 0.0027 0.0026 0.0034 1
0
# 33
1 33 5
MapStage 916 0.0245 0.0624 0.0022 0.0028 0.0028 0.0036 153
0
# 34
1 34 5
MapStage 929 0.0246 0.0626 0.0022 0.0028 0.0028 0.0036 115
0
# 35
1 35 6
MapStage 932 0.0253 0.0626 0.0022 0.0028 0.0028 0.0036 164
0
# 36
2 36 19
MapStage 4 0.0123 0.0417 0.0000 0.0000 0.0000 0.0000 1
ReduceStage 21 0.0039 0.0443 0.0000 0.0000 0.0000 0.0000 1
1
MapStage ReduceStage ata
# 37
# 38
1 38 57
MapStage 386 0.0269 0.0477 0.1657 0.1657 0.2121 0.2121 1
0
# 39
1 39 32
ReduceStage 193 0.0032 0.0639 0.0000 0.0000 0.0000 0.0000 75
0
# 40
1 40 36
MapStage 122 0.0018 0.0615 0.0001 0.0006 0.0001 0.0008 1
0
# 41
1 41 45
ReduceStage 284 0.0076 0.0622 0.0007 0.0004 0.0009 0.0014 300
0
# 42
1 42 50
ReduceStage 216 0.0033 0.0638 0.0001 0.0000 0.0000 0.0000 98
0
# 43
2 43 51
MapStage 262 0.0670 0.0739 0.0077 0.0000 0.0163 0.0085 3
ReduceStage 468 0.1289 0.0786 0.0590 0.0000 0.0506 0.0506 2
1
MapStage ReduceStage ata
# 44
1 44 60
MapStage 152 0.0048 0.0596 0.0007 0.0007 0.0009 0.0009 1
0
# 45
1 45 86
MapStage 105 0.0020 0.0617 0.0003 0.0000 0.0004 0.0000 1
0
# 46
1 46 117
ReduceStage 167 0.0036 0.0631 0.0000 0.0000 0.0000 0.0000 15
0
# 47
2 47 151
MapStage 405 0.0645 0.0605 0.0054 0.0000 0.0319 0.0201 72
ReduceStage 201 0.0170 0.0622 0.0026 0.0013 0.0023 0.0039 503
1
MapStage ReduceStage ata
# 48
1 48 160
MapStage 150 0.0439 0.0610 0.0094 0.0001 0.0120 0.0001 6
0
# 49
1 49 256
MapStage 1939 0.0009 0.0607 0.0000 0.0000 0.0000 0.0000 10
0
# 50
2 50 169
MapStage 389 0.0588 0.0612 0.0053 0.0000 0.0317 0.0198 1
ReduceStage 666 0.0039 0.0624 0.0006 0.0002 0.0004 0.0007 503
1
MapStage ReduceStage ata
# 51
1 51 174
MapStage 4 0.0063 0.0414 0.0000 0.0000 0.0000 0.0000 3
0
# 52
1 52 175
MapStage 94 0.0011 0.0732 0.0000 0.0000 0.0000 0.0000 1
0
# 53
2 53 181
MapStage 535 0.0807 0.0610 0.0061 0.0000 0.0307 0.0518 3
ReduceStage 1574 0.0478 0.0617 0.0169 0.0068 0.0149 0.0236 2
1
MapStage ReduceStage ata
# 54
1 54 188
MapStage 222 0.0381 0.0593 0.0043 0.0043 0.0055 0.0054 1
0
# 55
2 55 190
MapStage 101 0.0052 0.0596 0.0195 0.0000 0.0250 0.0000 7
ReduceStage 137 0.0012 0.0622 0.0000 0.0000 0.0000 0.0000 1
1
MapStage ReduceStage ata
# 56
1 56 221
MapStage 3 0.0175 0.0416 0.0000 0.0000 0.0000 0.0000 1
0
# 57
1 57 237
ReduceStage 416 0.1199 0.0608 0.0003 0.0000 0.0000 0.0000 1
0
# 58
1 58 237
MapStage 72 0.0029 0.0597 0.0004 0.0000 0.0006 0.0000 1
0
# 59
2 59 245
MapStage 110 0.0311 0.0608 0.0185 0.0000 0.0237 0.0000 238
ReduceStage 111 0.0043 0.0627 0.0000 0.0000 0.0000 0.0000 64
1
MapStage ReduceStage ata
# 60
2 60 257
MapStage 178 0.0460 0.0602 0.0071 0.0000 0.0315 0.0455 19
ReduceStage 1094 0.0458 0.0632 0.0140 0.0032 0.0163 0.0204 5
1
MapStage ReduceStage ata
# 61
2 61 266
MapStage 570 0.0659 0.0612 0.0006 0.0000 0.0008 0.0000 48
ReduceStage 1074 0.0010 0.0627 0.0000 0.0000 0.0000 0.0000 15
1
MapStage ReduceStage ata
# 62
2 62 295
MapStage 96 0.0057 0.0606 0.0001 0.0000 0.0001 0.0002 2
ReduceStage 179 0.0070 0.0625 0.0000 0.0001 0.0004 0.0005 1
1
MapStage ReduceStage ata
# 63
1 63 302
MapStage 31 0.0242 0.0598 0.0288 0.0000 0.0369 0.0000 2136
0
# 64
1 64 304
MapStage 58 0.0030 0.0615 0.0000 0.0000 0.0000 0.0000 1
0
# 65
2 65 305
MapStage 45 0.0675 0.0602 0.0029 0.0000 0.0109 0.0116 749
ReduceStage 262 0.0368 0.0633 0.0072 0.0000 0.0049 0.0049 102
1
MapStage ReduceStage ata
# 66
1 66 314
MapStage 50 0.0063 0.0594 0.0001 0.0000 0.0001 0.0000 1
0
# 67
1 67 312
MapStage 51 0.0038 0.0595 0.0000 0.0000 0.0000 0.0000 1
0
# 68
1 68 316
MapStage 51 0.0051 0.0594 0.0001 0.0000 0.0001 0.0000 1
0
# 69
1 69 319
MapStage 49 0.0058 0.0597 0.0001 0.0000 0.0001 0.0000 1
0
# 70
1 70 319
MapStage 47 0.0046 0.0596 0.0000 0.0000 0.0000 0.0000 1
0
# 71
1 71 323
MapStage 117 0.0522 0.0611 0.0100 0.0000 0.0150 0.0045 1
0
# 72
1 72 324
MapStage 48 0.0047 0.0594 0.0001 0.0000 0.0001 0.0000 1
0
# 73
1 73 328
MapStage 44 0.0054 0.0595 0.0001 0.0000 0.0001 0.0000 1
0
# 74
1 74 332
MapStage 47 0.0060 0.0593 0.0001 0.0000 0.0001 0.0000 1
0
# 75
1 75 330
MapStage 49 0.0039 0.0592 0.0000 0.0000 0.0000 0.0000 1
0
# 76
1 76 343
MapStage 39 0.0042 0.0594 0.0000 0.0000 0.0000 0.0000 1
0
# 77
1 77 334
MapStage 44 0.0039 0.0593 0.0000 0.0000 0.0000 0.0000 1
0
# 78
2 78 335
MapStage 48 0.0088 0.0595 0.0002 0.0000 0.0002 0.0002 2
ReduceStage 71 0.0072 0.0628 0.0002 0.0000 0.0002 0.0002 1
1
MapStage ReduceStage ata
# 79
2 79 337
MapStage 39 0.0056 0.0616 0.0001 0.0000 0.0001 0.0000 1
ReduceStage 58 0.0021 0.0604 0.0000 0.0000 0.0000 0.0000 1
1
MapStage ReduceStage ata
# 80
1 80 344
MapStage 40 0.0040 0.0594 0.0000 0.0000 0.0000 0.0000 1
0
# 81
1 81 347
MapStage 41 0.0052 0.0613 0.0001 0.0000 0.0001 0.0000 1
0
# 82
1 82 347
MapStage 39 0.0051 0.0611 0.0000 0.0000 0.0000 0.0000 1
0
# 83
2 83 350
MapStage 40 0.0044 0.0594 0.0000 0.0000 0.0000 0.0000 1
ReduceStage 56 0.0024 0.0606 0.0000 0.0000 0.0000 0.0000 1
1
MapStage ReduceStage ata
# 84
1 84 353
MapStage 42 0.0039 0.0595 0.0000 0.0000 0.0000 0.0000 1
0
# 85
1 85 354
ReduceStage 877 0.0775 0.0628 0.1831 0.0035 0.0114 0.0159 1
0
# 86
1 86 356
MapStage 40 0.0051 0.0597 0.0000 0.0000 0.0000 0.0000 1
0
# 87
1 87 361
MapStage 36 0.0082 0.0595 0.0001 0.0000 0.0001 0.0000 1
0
# 88
2 88 362
MapStage 32 0.0083 0.0597 0.0001 0.0000 0.0001 0.0000 1
ReduceStage 59 0.0024 0.0605 0.0000 0.0000 0.0000 0.0000 1
1
MapStage ReduceStage ata
# 89
1 89 367
MapStage 34 0.0068 0.0596 0.0001 0.0000 0.0001 0.0000 1
0
# 90
1 90 364
MapStage 1344 0.0760 0.0615 0.0009 0.0000 0.0088 0.0069 255
0
# 91
2 91 366
MapStage 32 0.0052 0.0594 0.0000 0.0000 0.0000 0.0000 1
ReduceStage 57 0.0025 0.0623 0.0000 0.0000 0.0000 0.0000 1
1
MapStage ReduceStage ata
# 92
1 92 371
MapStage 36 0.0390 0.0617 0.0017 0.0000 0.0022 0.0001 1
0
# 93
2 93 368
MapStage 98 0.0507 0.0595 0.0016 0.0000 0.0054 0.0066 2
ReduceStage 170 0.0169 0.0604 0.0023 0.0000 0.0037 0.0037 1
1
MapStage ReduceStage ata
# 94
1 94 375
MapStage 55 0.0266 0.0597 0.0078 0.0000 0.0100 0.0003 1
0
# 95
2 95 372
MapStage 36 0.0058 0.0596 0.0001 0.0000 0.0001 0.0001 1
ReduceStage 71 0.0057 0.0602 0.0001 0.0000 0.0001 0.0001 1
1
MapStage ReduceStage ata
# 96
1 96 378
MapStage 121 0.0360 0.0605 0.0148 0.0000 0.0189 0.0000 27
0
# 97
1 97 379
MapStage 32 0.0060 0.0614 0.0001 0.0000 0.0001 0.0000 1
0
# 98
1 98 383
MapStage 110 0.0058 0.0613 0.0006 0.0000 0.0007 0.0000 1
0
# 99
1 99 383
MapStage 30 0.0067 0.0597 0.0011 0.0000 0.0014 0.0000 1
0
# 100
2 100 386
MapStage 73 0.0384 0.0609 0.0013 0.0000 0.0024 0.0018 7
ReduceStage 155 0.0175 0.0624 0.0031 0.0009 0.0019 0.0030 1
1
MapStage ReduceStage ata
# 101
2 101 397
MapStage 6 0.0048 0.0414 0.0000 0.0000 0.0000 0.0000 2
ReduceStage 28 0.0021 0.0446 0.0000 0.0000 0.0000 0.0000 1
1
MapStage ReduceStage ata
# 102
1 102 420
MapStage 34 0.0016 0.0594 0.0000 0.0001 0.0001 0.0001 1
0
# 103
1 103 389
MapStage 37 0.0043 0.0597 0.0000 0.0000 0.0000 0.0000 1
0
# 104
1 104 399
MapStage 6 0.0089 0.0417 0.0000 0.0000 0.0000 0.0000 2
0
# 105
1 105 402
MapStage 179 0.0727 0.0609 0.0054 0.0000 0.0070 0.0000 1024
0
# 106
2 106 408
MapStage 162 0.0576 0.0612 0.0133 0.0000 0.0170 0.0000 896
ReduceStage 424 0.0025 0.0626 0.0000 0.0000 0.0000 0.0000 256
1
MapStage ReduceStage ata
# 107
1 107 419
MapStage 151 0.0469 0.0601 0.0134 0.0000 0.0171 0.0000 1408
0
# 108
1 108 421
MapStage 97 0.0410 0.0598 0.0068 0.0348 0.0087 0.0445 1
0
# 109
1 109 423
MapStage 41 0.0303 0.0596 0.0027 0.0027 0.0035 0.0034 1
0
# 110
1 110 425
MapStage 151 0.0467 0.0601 0.0134 0.0000 0.0171 0.0000 1408
0
# 111
2 111 457
MapStage 91 0.0310 0.0606 0.0043 0.0000 0.0055 0.0004 28
ReduceStage 118 0.0071 0.0615 0.0008 0.0000 0.0005 0.0005 9
1
MapStage ReduceStage ata
# 112
2 112 457
MapStage 130 0.0594 0.0604 0.0076 0.0000 0.0097 0.0000 15990
ReduceStage 944 0.0042 0.0629 0.0000 0.0000 0.0000 0.0000 396
1
MapStage ReduceStage ata
# 113
1 113 465
MapStage 39 0.0398 0.0599 0.0323 0.0001 0.0413 0.0002 768
0
# 114
2 114 465
MapStage 131 0.0563 0.0607 0.0182 0.0000 0.0233 0.0001 384
ReduceStage 230 0.0048 0.0629 0.0002 0.0001 0.0002 0.0003 123
1
MapStage ReduceStage ata
# 115
1 115 475
MapStage 92 0.0053 0.0601 0.0001 0.0001 0.0001 0.0001 4
0
# 116
1 116 480
MapStage 39 0.0092 0.0749 0.0009 0.0000 0.0011 0.0001 1
0
# 117
1 117 482
MapStage 36 0.0045 0.0733 0.0006 0.0000 0.0007 0.0000 1
0
# 118
1 118 492
MapStage 87 0.0622 0.0750 0.0171 0.0007 0.0219 0.0009 1
0
# 119
1 119 497
MapStage 31 0.0062 0.0616 0.0001 0.0000 0.0001 0.0000 1
0
# 120
1 120 509
MapStage 499 0.0295 0.0602 0.0001 0.0000 0.0001 0.0000 373
0
# 121
2 121 510
MapStage 222 0.0256 0.0605 0.0085 0.0000 0.0109 0.0000 9
ReduceStage 255 0.0022 0.0614 0.0001 0.0000 0.0001 0.0001 3
1
MapStage ReduceStage ata
# 122
1 122 514
MapStage 50 0.0040 0.0593 0.0001 0.0000 0.0001 0.0000 1
0
# 123
1 123 512
MapStage 36 0.0062 0.0615 0.0001 0.0000 0.0001 0.0000 1
0
# 124
1 124 511
MapStage 141 0.0890 0.0634 0.0044 0.0000 0.0381 0.0480 1
0
# 125
1 125 515
MapStage 41 0.0042 0.0611 0.0000 0.0000 0.0000 0.0000 1
0
# 126
1 126 517
MapStage 146 0.0307 0.0604 0.0113 0.0000 0.0144 0.0000 2
0
# 127
1 127 518
MapStage 46 0.0036 0.0595 0.0000 0.0000 0.0000 0.0000 1
0
# 128
2 128 519
MapStage 40 0.0042 0.0594 0.0000 0.0000 0.0000 0.0000 1
ReduceStage 55 0.0023 0.0622 0.0000 0.0000 0.0000 0.0000 1
1
MapStage ReduceStage ata
# 129
1 129 529
MapStage 112 0.0021 0.0594 0.0000 0.0000 0.0000 0.0000 1
0
# 130
2 130 522
MapStage 94 0.0199 0.0607 0.0022 0.0000 0.0029 0.0000 144
ReduceStage 163 0.0032 0.0627 0.0000 0.0000 0.0000 0.0000 40
1
MapStage ReduceStage ata
# 131
1 131 524
MapStage 49 0.0043 0.0594 0.0001 0.0000 0.0001 0.0000 1
0
# 132
1 132 527
MapStage 50 0.0035 0.0595 0.0000 0.0000 0.0000 0.0000 1
0
# 133
1 133 555
MapStage 55 0.0036 0.0594 0.0000 0.0000 0.0001 0.0000 1
0
# 134
1 134 527
MapStage 70 0.0007 0.0592 0.0000 0.0022 0.0028 0.0028 2
0
# 135
1 135 574
MapStage 51 0.0039 0.0594 0.0001 0.0000 0.0001 0.0000 1
0
# 136
1 136 532
MapStage 57 0.0010 0.0592 0.0000 0.0031 0.0039 0.0039 2
0
# 137
2 137 533
MapStage 52 0.0031 0.0594 0.0000 0.0000 0.0000 0.0000 1
ReduceStage 56 0.0021 0.0620 0.0000 0.0000 0.0000 0.0000 1
1
MapStage ReduceStage ata
# 138
1 138 558
MapStage 52 0.0036 0.0614 0.0000 0.0000 0.0000 0.0000 1
0
# 139
1 139 542
MapStage 152 0.0458 0.0601 0.0133 0.0000 0.0170 0.0000 1408
0
# 140
1 140 570
MapStage 52 0.0041 0.0595 0.0001 0.0000 0.0001 0.0000 1
0
# 141
1 141 546
MapStage 63 0.0009 0.0593 0.0000 0.0025 0.0032 0.0032 2
0
# 142
1 142 576
MapStage 52 0.0053 0.0597 0.0001 0.0000 0.0001 0.0000 1
0
# 143
1 143 579
MapStage 51 0.0047 0.0613 0.0001 0.0000 0.0001 0.0000 1
0
# 144
1 144 581
MapStage 55 0.0037 0.0595 0.0000 0.0000 0.0000 0.0000 1
0
# 145
1 145 576
MapStage 54 0.0030 0.0612 0.0000 0.0000 0.0000 0.0000 1
0
# 146
1 146 564
MapStage 96 0.0135 0.0600 0.0228 0.0000 0.0291 0.0000 1669
0
# 147
1 147 573
MapStage 51 0.0046 0.0616 0.0001 0.0000 0.0001 0.0000 1
0
# 148
1 148 584
MapStage 53 0.0038 0.0597 0.0001 0.0000 0.0001 0.0000 1
0
# 149
1 149 591
MapStage 53 0.0044 0.0595 0.0006 0.0000 0.0008 0.0000 1
0
# 150
1 150 583
MapStage 50 0.0044 0.0593 0.0000 0.0000 0.0000 0.0000 1
0
# 151
1 151 609
MapStage 159 0.0445 0.0602 0.0128 0.0000 0.0164 0.0000 1408
0
# 152
2 152 614
MapStage 70 0.0045 0.0594 0.0000 0.0000 0.0000 0.0000 1
ReduceStage 108 0.0024 0.0626 0.0000 0.0000 0.0000 0.0000 1
1
MapStage ReduceStage ata
# 153
1 153 649
MapStage 71 0.0014 0.0594 0.0000 0.0003 0.0000 0.0004 1
0
# 154
2 154 650
MapStage 258 0.0652 0.0605 0.0086 0.0000 0.0282 0.0313 4
ReduceStage 379 0.0044 0.0618 0.0002 0.0000 0.0004 0.0005 101
1
MapStage ReduceStage ata
# 155
1 155 662
MapStage 3 0.0166 0.0415 0.0000 0.0000 0.0000 0.0000 1
0
# 156
1 156 658
MapStage 178 0.0337 0.0601 0.0053 0.0056 0.0067 0.0072 45
0
# 157
1 157 682
MapStage 3 0.0139 0.0418 0.0000 0.0000 0.0000 0.0000 1
0
# 158
1 158 664
MapStage 77 0.0021 0.0595 0.0000 0.0001 0.0000 0.0002 1
0
# 159
2 159 693
MapStage 112 0.0253 0.0608 0.0221 0.0000 0.0283 0.0000 384
ReduceStage 147 0.0037 0.0640 0.0000 0.0000 0.0000 0.0000 128
1
MapStage ReduceStage ata
# 160
1 160 714
MapStage 184 0.0149 0.0418 0.0882 0.0882 0.1129 0.1129 2
0
# 161
1 161 720
MapStage 165 0.0426 0.0602 0.0123 0.0000 0.0158 0.0000 1408
0
# 162
1 162 723
MapStage 157 0.0446 0.0602 0.0129 0.0000 0.0165 0.0000 1408
0
# 163
1 163 738
MapStage 157 0.0448 0.0602 0.0129 0.0000 0.0165 0.0000 1408
0
# 164
2 164 741
MapStage 99 0.0236 0.0598 0.0172 0.0000 0.0220 0.0004 7
ReduceStage 172 0.0052 0.0617 0.0005 0.0000 0.0008 0.0008 2
1
MapStage ReduceStage ata
# 165
2 165 774
MapStage 314 0.0115 0.0593 0.0007 0.0000 0.0034 0.0041 1
ReduceStage 334 0.0013 0.0614 0.0000 0.0000 0.0000 0.0000 14
1
MapStage ReduceStage ata
# 166
2 166 813
MapStage 70 0.0323 0.0602 0.0002 0.0000 0.0004 0.0003 7
ReduceStage 222 0.0361 0.0601 0.0005 0.0000 0.0003 0.0003 1
1
MapStage ReduceStage ata
# 167
2 167 833
MapStage 118 0.0302 0.0607 0.0038 0.0000 0.0114 0.0128 10
ReduceStage 262 0.0053 0.0625 0.0003 0.0000 0.0006 0.0006 101
1
MapStage ReduceStage ata
# 168
1 168 848
MapStage 129 0.0959 0.0615 0.0043 0.0000 0.0109 0.0105 1
0
# 169
2 169 856
MapStage 31 0.0102 0.0608 0.0003 0.0000 0.0003 0.0000 12
ReduceStage 58 0.0034 0.0602 0.0000 0.0000 0.0000 0.0000 1
1
MapStage ReduceStage ata
# 170
2 170 870
MapStage 35 0.0110 0.0602 0.0002 0.0000 0.0003 0.0005 12
ReduceStage 58 0.0093 0.0605 0.0031 0.0000 0.0035 0.0035 1
1
MapStage ReduceStage ata
# 171
1 171 875
MapStage 81 0.0026 0.0593 0.0001 0.0001 0.0001 0.0001 1
0
# 172
2 172 875
MapStage 119 0.0235 0.0615 0.0008 0.0000 0.0015 0.0011 28
ReduceStage 269 0.0264 0.0611 0.0080 0.0010 0.0022 0.0034 1
1
MapStage ReduceStage ata
# 173
1 173 881
MapStage 82 0.0021 0.0610 0.0000 0.0000 0.0000 0.0000 1
0
# 174
1 174 886
MapStage 78 0.0026 0.0613 0.0002 0.0002 0.0002 0.0002 1
0
# 175
1 175 886
MapStage 3 0.0083 0.0417 0.0000 0.0000 0.0000 0.0000 3
0
# 176
1 176 892
MapStage 78 0.0022 0.0593 0.0001 0.0001 0.0001 0.0001 1
0
# 177
1 177 894
MapStage 79 0.0024 0.0616 0.0001 0.0001 0.0001 0.0001 1
0
# 178
1 178 898
MapStage 119 0.0018 0.0593 0.0001 0.0000 0.0001 0.0000 1
0
# 179
1 179 909
MapStage 64 0.0017 0.0595 0.0000 0.0000 0.0000 0.0000 1
0
# 180
1 180 911
MapStage 67 0.0024 0.0734 0.0001 0.0000 0.0002 0.0000 1
0
# 181
1 181 913
MapStage 4 0.0076 0.0419 0.0000 0.0000 0.0000 0.0000 3
0
# 182
2 182 916
MapStage 141 0.0022 0.0607 0.0000 0.0000 0.0000 0.0000 5
ReduceStage 170 0.0015 0.0626 0.0000 0.0000 0.0000 0.0000 1
1
MapStage ReduceStage ata
# 183
1 183 921
MapStage 120 0.0026 0.0594 0.0002 0.0000 0.0003 0.0000 1
0
# 184
1 184 924
MapStage 51 0.0043 0.0614 0.0006 0.0000 0.0008 0.0000 1
0
# 185
1 185 934
MapStage 58 0.0024 0.0734 0.0001 0.0000 0.0002 0.0000 1
0
# 186
1 186 935
MapStage 59 0.0036 0.0752 0.0003 0.0000 0.0004 0.0000 1
0
# 187
1 187 943
MapStage 130 0.0328 0.0607 0.0138 0.0000 0.0177 0.0000 27
0
# 188
1 188 954
MapStage 123 0.0335 0.0608 0.0145 0.0000 0.0186 0.0000 27
0
# 189
2 189 963
MapStage 190 0.0737 0.0604 0.0134 0.0000 0.0577 0.0750 597
ReduceStage 1040 0.0742 0.0628 0.0869 0.0095 0.0198 0.0319 203
1
MapStage ReduceStage ata
# 190
1 190 968
MapStage 553 0.0767 0.0604 0.0033 0.0000 0.0151 0.0207 46
0
# 191
1 191 969
MapStage 78 0.0398 0.0594 0.0055 0.0047 0.0070 0.0060 1
0
# 192
1 192 1021
MapStage 19 0.0008 0.0593 0.0000 0.0000 0.0000 0.0000 2
0
# 193
1 193 977
MapStage 74 0.0415 0.0615 0.0058 0.0050 0.0075 0.0064 1
0
# 194
1 194 979
MapStage 49 0.0066 0.0593 0.0002 0.0000 0.0003 0.0004 1
0
# 195
2 195 982
MapStage 38 0.0105 0.0604 0.0002 0.0000 0.0003 0.0005 12
ReduceStage 62 0.0102 0.0610 0.0028 0.0000 0.0035 0.0035 1
1
MapStage ReduceStage ata
# 196
1 196 988
MapStage 85 0.0151 0.0616 0.0008 0.0000 0.0014 0.0009 1
0
# 197
1 197 990
MapStage 14 0.0111 0.0600 0.0005 0.0000 0.0006 0.0000 1110
0
# 198
1 198 993
MapStage 97 0.0432 0.0608 0.0184 0.0000 0.0236 0.0000 27
0
# 199
2 199 996
MapStage 95 0.0562 0.0607 0.0106 0.0000 0.0308 0.0284 19
ReduceStage 483 0.0345 0.0621 0.0087 0.0000 0.0057 0.0057 5
1
MapStage ReduceStage ata
# 200
2 200 997
MapStage 167 0.0847 0.0610 0.0077 0.0000 0.0181 0.0130 350
ReduceStage 1616 0.0661 0.0630 0.0110 0.0019 0.0175 0.0198 62
1
MapStage ReduceStage ata
# 201
1 201 998
MapStage 39 0.0024 0.0614 0.0000 0.0000 0.0000 0.0000 1
0
# 202
2 202 1000
MapStage 31 0.0102 0.0605 0.0003 0.0000 0.0003 0.0000 12
ReduceStage 59 0.0043 0.0622 0.0000 0.0000 0.0000 0.0000 1
1
MapStage ReduceStage ata
# 203
2 203 1004
MapStage 30 0.0135 0.0605 0.0003 0.0000 0.0004 0.0006 12
ReduceStage 60 0.0086 0.0623 0.0028 0.0000 0.0035 0.0035 1
1
MapStage ReduceStage ata
# 204
2 204 1005
MapStage 30 0.0053 0.0593 0.0000 0.0000 0.0001 0.0000 1
ReduceStage 57 0.0027 0.0619 0.0000 0.0000 0.0000 0.0000 1
1
MapStage ReduceStage ata
# 205
1 205 1006
MapStage 70 0.0488 0.0614 0.0060 0.0052 0.0076 0.0066 1
0
# 206
1 206 1006
MapStage 869 0.0795 0.0615 0.0025 0.0000 0.0183 0.0208 792
0
# 207
1 207 1009
MapStage 27 0.0063 0.0616 0.0001 0.0000 0.0001 0.0000 1
0
# 208
1 208 1009
MapStage 28 0.0070 0.0597 0.0001 0.0000 0.0001 0.0000 1
0
# 209
2 209 1011
MapStage 28 0.0137 0.0600 0.0003 0.0000 0.0004 0.0006 12
ReduceStage 65 0.0082 0.0605 0.0026 0.0000 0.0030 0.0030 1
1
MapStage ReduceStage ata
# 210
2 210 1012
MapStage 70 0.0689 0.0605 0.0445 0.0000 0.0616 0.0052 429
ReduceStage 442 0.0184 0.0627 0.0019 0.0000 0.0019 0.0019 139
1
MapStage ReduceStage ata
# 211
1 211 1014
MapStage 25 0.0082 0.0597 0.0001 0.0000 0.0001 0.0000 1
0
# 212
2 212 1015
MapStage 26 0.0126 0.0604 0.0003 0.0000 0.0004 0.0000 12
ReduceStage 60 0.0027 0.0605 0.0000 0.0000 0.0000 0.0000 1
1
MapStage ReduceStage ata
# 213
2 213 1017
MapStage 26 0.0152 0.0602 0.0003 0.0000 0.0004 0.0007 12
ReduceStage 63 0.0091 0.0608 0.0026 0.0000 0.0032 0.0032 1
1
MapStage ReduceStage ata
# 214
2 214 1017
MapStage 25 0.0153 0.0606 0.0003 0.0000 0.0004 0.0007 12
ReduceStage 58 0.0100 0.0620 0.0027 0.0000 0.0036 0.0036 1
1
MapStage ReduceStage ata
# 215
2 215 1017
MapStage 51 0.0748 0.0609 0.0493 0.0000 0.0739 0.0149 402
ReduceStage 110 0.0261 0.0628 0.0050 0.0005 0.0047 0.0054 300
1
MapStage ReduceStage ata
# 216
1 216 1021
MapStage 28 0.0067 0.0597 0.0001 0.0000 0.0001 0.0000 1
0
# 217
1 217 1021
MapStage 25 0.0060 0.0612 0.0000 0.0000 0.0001 0.0000 1
0
# 218
1 218 1021
MapStage 25 0.0062 0.0597 0.0000 0.0002 0.0000 0.0002 1
0
# 219
1 219 1023
MapStage 27 0.0091 0.0614 0.0001 0.0000 0.0001 0.0000 1
0
# 220
2 220 1022
MapStage 13 0.0313 0.0601 0.0044 0.0000 0.0056 0.0002 1789
ReduceStage 207 0.0080 0.0627 0.0003 0.0000 0.0004 0.0004 97
1
MapStage ReduceStage ata
# 221
1 221 1026
MapStage 21 0.0095 0.0596 0.0001 0.0000 0.0002 0.0000 1
0
# 222
1 222 1025
MapStage 873 0.0816 0.0617 0.0024 0.0000 0.0181 0.0213 3712
0
# 223
1 223 1029
MapStage 23 0.0094 0.0614 0.0001 0.0000 0.0001 0.0000 1
0
# 224
1 224 1029
MapStage 23 0.0073 0.0594 0.0001 0.0000 0.0001 0.0000 1
0
# 225
1 225 1030
MapStage 22 0.0065 0.0616 0.0001 0.0000 0.0001 0.0000 1
0
# 226
1 226 1032
MapStage 27 0.0087 0.0595 0.0001 0.0000 0.0001 0.0000 1
0
# 227
1 227 1031
MapStage 29 0.0067 0.0592 0.0000 0.0000 0.0001 0.0000 1
0
# 228
1 228 1033
MapStage 49 0.0594 0.0623 0.0349 0.0009 0.0447 0.0012 3
0
# 229
2 229 1034
MapStage 23 0.0167 0.0602 0.0004 0.0000 0.0005 0.0008 12
ReduceStage 59 0.0109 0.0614 0.0029 0.0000 0.0037 0.0037 1
1
MapStage ReduceStage ata
# 230
1 230 1035
MapStage 20 0.0077 0.0593 0.0001 0.0000 0.0001 0.0000 1
0
# 231
1 231 1037
MapStage 23 0.0075 0.0595 0.0001 0.0000 0.0001 0.0000 1
0
# 232
2 232 1037
MapStage 31 0.0062 0.0593 0.0000 0.0000 0.0000 0.0000 1
ReduceStage 56 0.0024 0.0602 0.0000 0.0000 0.0000 0.0000 1
1
MapStage ReduceStage ata
# 233
1 233 1038
MapStage 22 0.0095 0.0594 0.0001 0.0000 0.0002 0.0000 1
0
# 234
2 234 1039
MapStage 23 0.0138 0.0605 0.0004 0.0000 0.0005 0.0000 12
ReduceStage 58 0.0040 0.0622 0.0000 0.0000 0.0000 0.0000 1
1
MapStage ReduceStage ata
# 235
1 235 1042
MapStage 24 0.0065 0.0612 0.0000 0.0000 0.0001 0.0000 1
0
# 236
1 236 1042
MapStage 22 0.0088 0.0595 0.0001 0.0000 0.0001 0.0000 1
0
# 237
1 237 1047
MapStage 19 0.0129 0.0596 0.0002 0.0000 0.0002 0.0000 1
0
# 238
1 238 1045
MapStage 71 0.0599 0.0605 0.0253 0.0000 0.0323 0.0000 27
0
# 239
2 239 1049
MapStage 130 0.1052 0.0628 0.0011 0.0000 0.0069 0.0046 671
ReduceStage 1485 0.0062 0.0628 0.0007 0.0001 0.0003 0.0004 169
1
MapStage ReduceStage ata
# 240
1 240 1050
MapStage 137 0.0686 0.0603 0.0118 0.0001 0.0151 0.0001 8
0
# 241
1 241 1053
MapStage 16 0.0105 0.0596 0.0001 0.0000 0.0001 0.0000 1
0
# 242
1 242 1052
MapStage 14 0.0134 0.0611 0.0002 0.0000 0.0003 0.0000 1
0
# 243
2 243 1052
MapStage 59 0.0472 0.0613 0.0065 0.0000 0.0084 0.0006 719
ReduceStage 122 0.0083 0.0624 0.0005 0.0000 0.0002 0.0003 209
1
MapStage ReduceStage ata
# 244
1 244 1053
MapStage 30 0.0529 0.0612 0.0130 0.0000 0.0166 0.0211 1
0
# 245
2 245 1053
MapStage 20 0.0256 0.0595 0.0003 0.0000 0.0004 0.0007 2
ReduceStage 66 0.0147 0.0622 0.0005 0.0002 0.0012 0.0014 1
1
MapStage ReduceStage ata
# 246
1 246 1053
MapStage 11 0.0146 0.0595 0.0001 0.0000 0.0001 0.0000 1
0
# 247
2 247 1053
MapStage 14 0.0171 0.0595 0.0002 0.0000 0.0003 0.0000 1
ReduceStage 32 0.0040 0.0604 0.0000 0.0000 0.0000 0.0000 1
1
MapStage ReduceStage ata
# 248
2 248 1055
MapStage 47 0.0797 0.0594 0.0096 0.0000 0.0153 0.0062 1
ReduceStage 75 0.0195 0.0603 0.0019 0.0012 0.0019 0.0034 1
1
MapStage ReduceStage ata
# 249
2 249 1060
MapStage 16 0.0109 0.0596 0.0019 0.0000 0.0025 0.0000 1
ReduceStage 32 0.0039 0.0624 0.0000 0.0000 0.0000 0.0000 1
1
MapStage ReduceStage ata
# 250
2 250 1061
MapStage 9 0.0097 0.0594 0.0000 0.0000 0.0000 0.0000 1
ReduceStage 33 0.0037 0.0606 0.0000 0.0000 0.0000 0.0000 1
1
MapStage ReduceStage ata
# 251
1 251 1065
MapStage 26 0.0836 0.0766 0.0220 0.0010 0.0282 0.0013 1
0
# 252
1 252 1067
MapStage 1611 0.0013 0.0612 0.0000 0.0011 0.0000 0.0013 11
0
# 253
2 253 1067
MapStage 13 0.0257 0.0597 0.0006 0.0000 0.0008 0.0006 2
ReduceStage 36 0.0117 0.0611 0.0002 0.0001 0.0004 0.0005 1
1
MapStage ReduceStage ata
# 254
2 254 1067
MapStage 10 0.0138 0.0738 0.0000 0.0000 0.0000 0.0000 30
ReduceStage 29 0.0063 0.0761 0.0000 0.0000 0.0000 0.0000 1
1
MapStage ReduceStage ata
# 255
2 255 1068
MapStage 17 0.0345 0.0602 0.1175 0.0000 0.1504 0.0000 7
ReduceStage 222 0.0010 0.0605 0.0000 0.0000 0.0000 0.0000 1
1
MapStage ReduceStage ata
# 256
1 256 1068
MapStage 13 0.0112 0.0595 0.0000 0.0000 0.0000 0.0000 1
0
# 257
1 257 1068
MapStage 39 0.1411 0.0617 0.0497 0.0022 0.0636 0.0028 8
0
# 258
1 258 1070
MapStage 15 0.0165 0.0613 0.0003 0.0000 0.0004 0.0003 1
0
# 259
1 259 1070
MapStage 23 0.0345 0.0595 0.0027 0.0029 0.0035 0.0037 1
0
# 260
2 260 1072
MapStage 7 0.0411 0.0603 0.0007 0.0000 0.0009 0.0013 5
ReduceStage 38 0.0127 0.0605 0.0008 0.0005 0.0012 0.0018 1
1
MapStage ReduceStage ata
# 261
1 261 1073
MapStage 2 0.0091 0.0428 0.0000 0.0000 0.0000 0.0000 3
0
# 262
1 262 1073
MapStage 7 0.0115 0.0597 0.0000 0.0000 0.0000 0.0000 6
0
# 263
2 263 1073
MapStage 66 0.0932 0.0619 0.0091 0.0000 0.0116 0.0000 178
ReduceStage 98 0.0080 0.0634 0.0000 0.0000 0.0000 0.0000 15
1
MapStage ReduceStage ata
# 264
2 264 1074
MapStage 65 0.0799 0.0607 0.0291 0.0000 0.0373 0.0001 9
ReduceStage 90 0.0040 0.0612 0.0002 0.0000 0.0002 0.0003 3
1
MapStage ReduceStage ata
# 265
2 265 1074
MapStage 103 0.1077 0.0635 0.0187 0.0000 0.0252 0.0025 14
ReduceStage 194 0.0216 0.0629 0.0021 0.0012 0.0022 0.0038 4
1
MapStage ReduceStage ata
# 266
1 266 1074
MapStage 17 0.0447 0.0605 0.0003 0.0000 0.0004 0.0000 337
0
# 267
2 267 1116
MapStage 167 0.0710 0.0614 0.0054 0.0000 0.0223 0.0279 1
ReduceStage 181 0.0026 0.0611 0.0001 0.0001 0.0001 0.0002 21
1
MapStage ReduceStage ata
# 268
1 268 1074
MapStage 12 0.0826 0.0624 0.0052 0.0000 0.0066 0.0002 1
0
# 269
1 269 1075
MapStage 182 0.0803 0.0595 0.0110 0.0035 0.0141 0.0045 1
0
# 270
1 270 1077
MapStage 8 0.0134 0.0615 0.0000 0.0000 0.0000 0.0000 1
0
# 271
2 271 1076
MapStage 92 0.0663 0.0606 0.0226 0.0000 0.0290 0.0000 1824
ReduceStage 289 0.0048 0.0626 0.0000 0.0000 0.0000 0.0000 394
1
MapStage ReduceStage ata
# 272
1 272 1076
MapStage 65 0.0677 0.0604 0.0280 0.0000 0.0359 0.0000 27
0
# 273
1 273 1076
MapStage 62 0.0691 0.0610 0.0290 0.0000 0.0371 0.0000 27
0
# 274
1 274 1077
MapStage 6 0.0008 0.0593 0.0000 0.0000 0.0000 0.0000 1
0
# 275
1 275 1078
MapStage 5 0.0386 0.0598 0.0000 0.0000 0.0000 0.0000 1
0
# 276
1 276 1078
MapStage 5 0.0385 0.0594 0.0005 0.0000 0.0006 0.0000 1
0
# 277
2 277 1078
MapStage 13 0.0156 0.0612 0.0002 0.0000 0.0003 0.0000 1
ReduceStage 28 0.0051 0.0606 0.0000 0.0000 0.0000 0.0000 1
1
MapStage ReduceStage ata
# 278
1 278 1079
MapStage 61 0.0690 0.0606 0.0291 0.0000 0.0373 0.0000 27
0
# 279
1 279 1079
MapStage 9 0.0124 0.0606 0.0000 0.0000 0.0000 0.0000 7
0
# 280
1 280 1082
MapStage 5 0.0350 0.0595 0.0006 0.0000 0.0007 0.0000 1
0
# 281
2 281 1081
MapStage 6 0.0287 0.0592 0.0002 0.0000 0.0003 0.0000 1
ReduceStage 29 0.0049 0.0622 0.0000 0.0000 0.0000 0.0000 1
1
MapStage ReduceStage ata
# 282
2 282 1083
MapStage 53 0.0687 0.0617 0.0078 0.0000 0.0113 0.0026 10
ReduceStage 124 0.0116 0.0630 0.0013 0.0000 0.0011 0.0011 3
1
MapStage ReduceStage ata
# 283
1 283 1088
MapStage 14 0.0163 0.0596 0.0002 0.0000 0.0003 0.0000 1
0
# 284
1 284 1083
MapStage 218 0.0043 0.0594 0.0000 0.0000 0.0000 0.0000 1
0
# 285
1 285 1084
MapStage 12 0.0156 0.0596 0.0002 0.0000 0.0003 0.0000 1
0
# 286
1 286 1085
MapStage 14 0.0114 0.0595 0.0001 0.0000 0.0001 0.0000 1
0
# 287
1 287 1084
MapStage 7 0.0210 0.0593 0.0002 0.0000 0.0002 0.0000 1
0
# 288
1 288 1085
MapStage 777 0.0815 0.0608 0.0031 0.0000 0.0490 0.0344 34
0
# 289
1 289 1085
MapStage 13 0.0153 0.0595 0.0001 0.0000 0.0001 0.0000 1
0
# 290
1 290 1092
MapStage 10 0.0225 0.0595 0.0003 0.0000 0.0004 0.0000 1
0
# 291
1 291 1088
MapStage 15 0.0167 0.0595 0.0002 0.0000 0.0002 0.0000 1
0
# 292
1 292 1091
MapStage 8 0.0202 0.0595 0.0002 0.0000 0.0002 0.0000 1
0
# 293
1 293 1092
MapStage 1250 0.0900 0.0616 0.0017 0.0000 0.0058 0.0058 113
0
# 294
1 294 1094
MapStage 9 0.0238 0.0614 0.0003 0.0000 0.0004 0.0000 1
0
# 295
1 295 1095
MapStage 1 0.0161 0.0431 0.0000 0.0000 0.0000 0.0000 3
0
# 296
1 296 1096
MapStage 9 0.0231 0.0614 0.0002 0.0000 0.0002 0.0000 1
0
# 297
2 297 1098
MapStage 5 0.0311 0.0594 0.0002 0.0000 0.0003 0.0000 1
ReduceStage 35 0.0037 0.0624 0.0000 0.0000 0.0000 0.0000 1
1
MapStage ReduceStage ata
# 298
2 298 1108
MapStage 207 0.0774 0.0609 0.0048 0.0000 0.0134 0.0124 12
ReduceStage 426 0.0371 0.0620 0.0081 0.0015 0.0050 0.0070 4
1
MapStage ReduceStage ata
# 299
2 299 1111
MapStage 63 0.0611 0.0611 0.0040 0.0000 0.0051 0.0000 171
ReduceStage 176 0.0058 0.0627 0.0002 0.0000 0.0003 0.0003 1
1
MapStage ReduceStage ata
# 300
2 300 1111
MapStage 232 0.0786 0.0601 0.0079 0.0000 0.0539 0.0589 23
ReduceStage 326 0.0102 0.0625 0.0010 0.0002 0.0011 0.0014 397
1
MapStage ReduceStage ata
# 301
1 301 1113
MapStage 12 0.0191 0.0594 0.0002 0.0000 0.0003 0.0000 1
0
# 302
1 302 1113
MapStage 12 0.0197 0.0595 0.0002 0.0000 0.0003 0.0000 1
0
# 303
1 303 1113
MapStage 6 0.0083 0.0594 0.0000 0.0000 0.0000 0.0000 3
0
# 304
2 304 1113
MapStage 48 0.0564 0.0613 0.0045 0.0000 0.0058 0.0001 256
ReduceStage 280 0.0084 0.0636 0.0023 0.0000 0.0027 0.0027 1
1
MapStage ReduceStage ata
# 305
2 305 1114
MapStage 10 0.0219 0.0597 0.0003 0.0000 0.0003 0.0000 1
ReduceStage 34 0.0043 0.0603 0.0000 0.0000 0.0000 0.0000 1
1
MapStage ReduceStage ata
# 306
1 306 1114
MapStage 11 0.0170 0.0614 0.0001 0.0000 0.0001 0.0000 1
0
# 307
1 307 1114
MapStage 10 0.0211 0.0592 0.0003 0.0000 0.0004 0.0000 1
0
# 308
2 308 1115
MapStage 13 0.0116 0.0593 0.0001 0.0000 0.0001 0.0000 1
ReduceStage 31 0.0049 0.0607 0.0000 0.0000 0.0000 0.0000 1
1
MapStage ReduceStage ata
# 309
1 309 1115
MapStage 47 0.0067 0.0596 0.0001 0.0002 0.0001 0.0003 1
0
# 310
1 310 1115
MapStage 8 0.0108 0.0593 0.0000 0.0000 0.0000 0.0000 1
0
# 311
1 311 1116
MapStage 17 0.0171 0.0597 0.0004 0.0004 0.0006 0.0006 11
0
# 312
1 312 1126
MapStage 35 0.0066 0.0612 0.0001 0.0000 0.0001 0.0002 1
0
# 313
2 313 1127
MapStage 10 0.0240 0.0593 0.0003 0.0000 0.0004 0.0006 1
ReduceStage 31 0.0054 0.0626 0.0002 0.0000 0.0002 0.0002 1
1
MapStage ReduceStage ata
# 314
1 314 1129
MapStage 33 0.0033 0.0592 0.0000 0.0000 0.0000 0.0000 1
0
# 315
1 315 1131
MapStage 755 0.0719 0.0603 0.0028 0.0000 0.0417 0.0065 1266
0
# 316
1 316 1133
MapStage 11 0.0249 0.0613 0.0010 0.0000 0.0013 0.0021 1
0
# 317
1 317 1133
MapStage 9 0.0272 0.0613 0.0002 0.0000 0.0003 0.0005 1
0
# 318
1 318 1140
MapStage 174 0.0161 0.0604 0.0208 0.0000 0.0266 0.0000 5398
0
# 319
1 319 1144
MapStage 186 0.0144 0.0438 0.0863 0.0863 0.1105 0.1105 2
0
# 320
1 320 1147
MapStage 17 0.0092 0.0594 0.0000 0.0006 0.0001 0.0007 1
0
# 321
2 321 1158
MapStage 102 0.1048 0.0618 0.0198 0.0000 0.0277 0.0047 14
ReduceStage 241 0.0340 0.0621 0.0042 0.0020 0.0034 0.0060 4
1
MapStage ReduceStage ata
# 322
1 322 1158
MapStage 6 0.0134 0.0597 0.0000 0.0000 0.0000 0.0000 1
0
# 323
1 323 1158
MapStage 5 0.0210 0.0613 0.0003 0.0049 0.0003 0.0063 1
0
# 324
1 324 1158
MapStage 666 0.0886 0.0747 0.0026 0.0000 0.0103 0.0132 90
0
# 325
2 325 1159
MapStage 391 0.0834 0.0606 0.0047 0.0000 0.0184 0.0244 40
ReduceStage 1634 0.0609 0.0627 0.0182 0.0027 0.0118 0.0152 10
1
MapStage ReduceStage ata
# 326
1 326 1159
MapStage 38 0.0201 0.0596 0.0006 0.0006 0.0008 0.0008 9
0
# 327
2 327 1159
MapStage 24 0.0648 0.0601 0.0064 0.0000 0.0095 0.0123 3
ReduceStage 120 0.0567 0.0651 0.0036 0.0012 0.0077 0.0092 1
1
MapStage ReduceStage ata
# 328
2 328 1160
MapStage 179 0.0847 0.0607 0.0115 0.0000 0.0378 0.0230 1826
ReduceStage 524 0.0516 0.0631 0.0211 0.0000 0.0143 0.0399 395
1
MapStage ReduceStage ata
# 329
1 329 1166
MapStage 150 0.0521 0.0595 0.0062 0.0062 0.0080 0.0079 4
0
# 330
2 330 1166
MapStage 185 0.0825 0.0606 0.0112 0.0000 0.0367 0.0223 1826
ReduceStage 561 0.0484 0.0631 0.0182 0.0000 0.0133 0.0371 394
1
MapStage ReduceStage ata
# 331
2 331 1167
MapStage 12 0.0288 0.0606 0.0000 0.0000 0.0000 0.0000 15
ReduceStage 34 0.0123 0.0610 0.0000 0.0000 0.0000 0.0000 1
1
MapStage ReduceStage ata
# 332
1 332 1167
MapStage 7 0.0285 0.0597 0.0047 0.0000 0.0061 0.0000 1
0
# 333
2 333 1168
MapStage 12 0.0290 0.0601 0.0000 0.0000 0.0000 0.0000 15
ReduceStage 32 0.0122 0.0625 0.0000 0.0000 0.0000 0.0000 1
1
MapStage ReduceStage ata
# 334
2 334 1168
MapStage 9 0.0188 0.0604 0.0000 0.0000 0.0000 0.0000 7
ReduceStage 33 0.0059 0.0625 0.0000 0.0000 0.0000 0.0000 1
1
MapStage ReduceStage ata
# 335
2 335 1169
MapStage 9 0.0172 0.0605 0.0000 0.0000 0.0000 0.0000 6
ReduceStage 37 0.0035 0.0606 0.0000 0.0000 0.0000 0.0000 1
1
MapStage ReduceStage ata
# 336
2 336 1169
MapStage 183 0.0830 0.0606 0.0113 0.0000 0.0370 0.0225 1824
ReduceStage 561 0.0497 0.0629 0.0183 0.0000 0.0133 0.0371 389
1
MapStage ReduceStage ata
# 337
2 337 1170
MapStage 71 0.0497 0.0613 0.0032 0.0000 0.0149 0.0174 1
ReduceStage 96 0.0036 0.0607 0.0001 0.0000 0.0001 0.0001 25
1
MapStage ReduceStage ata
# 338
2 338 1177
MapStage 147 0.0675 0.0613 0.0124 0.0000 0.0174 0.0027 6
ReduceStage 243 0.0155 0.0607 0.0018 0.0006 0.0018 0.0026 2
1
MapStage ReduceStage ata
# 339
1 339 1179
MapStage 23 0.0043 0.0615 0.0000 0.0000 0.0000 0.0000 1
0
# 340
2 340 1186
MapStage 14 0.0053 0.0592 0.0000 0.0000 0.0000 0.0000 1
ReduceStage 36 0.0043 0.0622 0.0000 0.0000 0.0000 0.0000 1
1
MapStage ReduceStage ata
# 341
1 341 1187
MapStage 170 0.0939 0.0610 0.0097 0.0000 0.0125 0.0000 6762
0
# 342
1 342 1192
MapStage 9 0.0088 0.0593 0.0000 0.0000 0.0000 0.0000 1
0
# 343
1 343 1200
MapStage 106 0.0090 0.0596 0.0000 0.0000 0.0001 0.0000 1
0
# 344
2 344 1207
MapStage 296 0.0762 0.0597 0.0091 0.0000 0.0229 0.0222 1
ReduceStage 673 0.0376 0.0623 0.0077 0.0189 0.0048 0.0289 1
1
MapStage ReduceStage ata
# 345
1 345 1210
MapStage 5 0.0168 0.0594 0.0000 0.0000 0.0000 0.0000 1
0
# 346
1 346 1217
MapStage 11 0.0072 0.0612 0.0000 0.0000 0.0000 0.0000 1
0
# 347
2 347 1217
MapStage 283 0.0777 0.0742 0.0035 0.0000 0.0114 0.0131 30
ReduceStage 967 0.0655 0.0755 0.0218 0.0018 0.0108 0.0131 4
1
MapStage ReduceStage ata
# 348
1 348 1224
MapStage 18 0.0454 0.0593 0.0031 0.0031 0.0040 0.0040 1
0
# 349
1 349 1229
MapStage 74 0.0459 0.0596 0.0216 0.0000 0.0277 0.0000 2
0
# 350
2 350 1233
MapStage 80 0.0331 0.0606 0.0008 0.0000 0.0010 0.0000 11
ReduceStage 818 0.0007 0.0640 0.0000 0.0000 0.0000 0.0000 1
1
MapStage ReduceStage ata
# 351
1 351 1239
MapStage 61 0.0184 0.0603 0.0009 0.0000 0.0012 0.0000 15
0
# 352
2 352 1243
MapStage 9 0.0191 0.0598 0.0001 0.0000 0.0001 0.0000 5
ReduceStage 32 0.0045 0.0608 0.0000 0.0000 0.0000 0.0000 1
1
MapStage ReduceStage ata
# 353
2 353 1243
MapStage 8 0.0249 0.0598 0.0002 0.0000 0.0002 0.0000 7
ReduceStage 33 0.0064 0.0603 0.0000 0.0000 0.0000 0.0000 1
1
MapStage ReduceStage ata
# 354
2 354 1244
MapStage 9 0.0199 0.0604 0.0001 0.0000 0.0001 0.0000 6
ReduceStage 33 0.0072 0.0646 0.0000 0.0000 0.0000 0.0000 1
1
MapStage ReduceStage ata
# 355
2 355 1244
MapStage 10 0.0165 0.0601 0.0001 0.0000 0.0001 0.0000 6
ReduceStage 32 0.0098 0.0604 0.0000 0.0000 0.0000 0.0000 1
1
MapStage ReduceStage ata
# 356
2 356 1245
MapStage 11 0.0185 0.0597 0.0001 0.0000 0.0002 0.0000 7
ReduceStage 30 0.0053 0.0624 0.0000 0.0000 0.0000 0.0000 1
1
MapStage ReduceStage ata
# 357
2 357 1246
MapStage 11 0.0166 0.0601 0.0001 0.0000 0.0001 0.0000 6
ReduceStage 35 0.0042 0.0602 0.0000 0.0000 0.0000 0.0000 1
1
MapStage ReduceStage ata
# 358
2 358 1247
MapStage 9 0.0197 0.0598 0.0001 0.0000 0.0002 0.0000 7
ReduceStage 32 0.0054 0.0605 0.0000 0.0000 0.0000 0.0000 1
1
MapStage ReduceStage ata
# 359
2 359 1248
MapStage 12 0.0189 0.0599 0.0001 0.0000 0.0002 0.0000 7
ReduceStage 33 0.0053 0.0605 0.0000 0.0000 0.0000 0.0000 1
1
MapStage ReduceStage ata
# 360
2 360 1248
MapStage 13 0.0195 0.0603 0.0002 0.0000 0.0002 0.0000 7
ReduceStage 63 0.0041 0.0607 0.0000 0.0000 0.0000 0.0000 1
1
MapStage ReduceStage ata
# 361
2 361 1248
MapStage 10 0.0169 0.0599 0.0001 0.0000 0.0001 0.0000 5
ReduceStage 34 0.0061 0.0606 0.0000 0.0000 0.0000 0.0000 1
1
MapStage ReduceStage ata
# 362
2 362 1248
MapStage 10 0.0244 0.0595 0.0002 0.0000 0.0002 0.0000 7
ReduceStage 30 0.0085 0.0605 0.0000 0.0000 0.0000 0.0000 1
1
MapStage ReduceStage ata
# 363
2 363 1248
MapStage 9 0.0175 0.0598 0.0001 0.0000 0.0001 0.0000 6
ReduceStage 34 0.0041 0.0603 0.0000 0.0000 0.0000 0.0000 1
1
MapStage ReduceStage ata
# 364
2 364 1249
MapStage 14 0.0170 0.0596 0.0001 0.0000 0.0001 0.0000 7
ReduceStage 58 0.0056 0.0606 0.0000 0.0000 0.0000 0.0000 1
1
MapStage ReduceStage ata
# 365
2 365 1249
MapStage 9 0.0245 0.0603 0.0002 0.0000 0.0003 0.0000 7
ReduceStage 30 0.0059 0.0605 0.0000 0.0000 0.0000 0.0000 1
1
MapStage ReduceStage ata
# 366
2 366 1250
MapStage 15 0.0151 0.0595 0.0001 0.0000 0.0001 0.0000 5
ReduceStage 63 0.0036 0.0604 0.0000 0.0000 0.0000 0.0000 1
1
MapStage ReduceStage ata
# 367
1 367 1250
MapStage 71 0.0891 0.0616 0.0285 0.0024 0.0364 0.0031 34
0
# 368
2 368 1251
MapStage 8 0.0221 0.0602 0.0001 0.0000 0.0001 0.0000 5
ReduceStage 33 0.0061 0.0604 0.0000 0.0000 0.0000 0.0000 1
1
MapStage ReduceStage ata
# 369
1 369 1251
MapStage 12 0.0065 0.0595 0.0000 0.0000 0.0000 0.0000 1
0
# 370
1 370 1254
MapStage 505 0.0033 0.0694 0.0000 0.0000 0.0000 0.0000 1
0
# 371
1 371 1254
MapStage 14 0.0057 0.0616 0.0000 0.0000 0.0000 0.0000 1
0
# 372
2 372 1261
MapStage 55 0.0598 0.0602 0.0417 0.0000 0.0534 0.0002 824
ReduceStage 227 0.0065 0.0625 0.0001 0.0000 0.0001 0.0001 248
1
MapStage ReduceStage ata
# 373
1 373 1262
MapStage 154 0.0373 0.0625 0.0149 0.0000 0.0190 0.0000 1
0
# 374
2 374 1263
MapStage 80 0.0620 0.0596 0.0042 0.0000 0.0193 0.0231 1
ReduceStage 92 0.0042 0.0609 0.0001 0.0000 0.0001 0.0002 33
1
MapStage ReduceStage ata
# 375
2 375 1268
MapStage 66 0.0470 0.0604 0.0077 0.0000 0.0101 0.0007 582
ReduceStage 293 0.0053 0.0624 0.0004 0.0000 0.0002 0.0002 168
1
MapStage ReduceStage ata
# 376
2 376 1284
MapStage 49 0.0626 0.0593 0.0003 0.0000 0.0004 0.0000 6
ReduceStage 222 0.0425 0.0630 0.0000 0.0000 0.0000 0.0000 1
1
MapStage ReduceStage ata
# 377
2 377 1286
MapStage 190 0.0648 0.0603 0.0092 0.0000 0.0339 0.0385 10
ReduceStage 555 0.0369 0.0621 0.0003 0.0000 0.0002 0.0003 300
1
MapStage ReduceStage ata
# 378
2 378 1286
MapStage 11 0.0178 0.0595 0.0001 0.0000 0.0001 0.0000 5
ReduceStage 31 0.0056 0.0627 0.0000 0.0000 0.0000 0.0000 1
1
MapStage ReduceStage ata
# 379
2 379 1287
MapStage 10 0.0263 0.0604 0.0002 0.0000 0.0002 0.0000 7
ReduceStage 48 0.0032 0.0606 0.0000 0.0000 0.0000 0.0000 1
1
MapStage ReduceStage ata
# 380
2 380 1287
MapStage 8 0.0298 0.0602 0.0002 0.0000 0.0003 0.0000 7
ReduceStage 31 0.0072 0.0605 0.0000 0.0000 0.0000 0.0000 1
1
MapStage ReduceStage ata
# 381
2 381 1288
MapStage 12 0.0237 0.0595 0.0002 0.0000 0.0003 0.0000 7
ReduceStage 60 0.0036 0.0627 0.0000 0.0000 0.0000 0.0000 1
1
MapStage ReduceStage ata
# 382
2 382 1290
MapStage 9 0.0211 0.0599 0.0001 0.0000 0.0001 0.0000 6
ReduceStage 33 0.0039 0.0622 0.0000 0.0000 0.0000 0.0000 1
1
MapStage ReduceStage ata
# 383
1 383 1290
MapStage 13 0.0062 0.0733 0.0000 0.0000 0.0000 0.0000 1
0
# 384
2 384 1290
MapStage 10 0.0214 0.0601 0.0001 0.0000 0.0002 0.0000 7
ReduceStage 27 0.0052 0.0605 0.0000 0.0000 0.0000 0.0000 1
1
MapStage ReduceStage ata
# 385
2 385 1291
MapStage 10 0.0182 0.0595 0.0001 0.0000 0.0001 0.0000 6
ReduceStage 59 0.0044 0.0604 0.0000 0.0000 0.0000 0.0000 1
1
MapStage ReduceStage ata
# 386
2 386 1291
MapStage 10 0.0191 0.0601 0.0001 0.0000 0.0001 0.0000 6
ReduceStage 30 0.0048 0.0607 0.0000 0.0000 0.0000 0.0000 1
1
MapStage ReduceStage ata
# 387
2 387 1291
MapStage 9 0.0222 0.0595 0.0002 0.0000 0.0002 0.0000 7
ReduceStage 31 0.0058 0.0608 0.0000 0.0000 0.0000 0.0000 1
1
MapStage ReduceStage ata
# 388
2 388 1291
MapStage 9 0.0181 0.0595 0.0001 0.0000 0.0001 0.0000 5
ReduceStage 32 0.0046 0.0602 0.0000 0.0000 0.0000 0.0000 1
1
MapStage ReduceStage ata
# 389
2 389 1292
MapStage 13 0.0587 0.0595 0.0107 0.0000 0.0137 0.0156 1
ReduceStage 54 0.0345 0.0622 0.0053 0.0017 0.0038 0.0060 1
1
MapStage ReduceStage ata
# 390
2 390 1292
MapStage 14 0.0180 0.0604 0.0000 0.0000 0.0001 0.0000 5
ReduceStage 63 0.0037 0.0608 0.0000 0.0000 0.0000 0.0000 1
1
MapStage ReduceStage ata
# 391
2 391 1292
MapStage 71 0.0246 0.0603 0.0395 0.0000 0.0505 0.0000 46
ReduceStage 314 0.0025 0.0607 0.0000 0.0000 0.0000 0.0000 1
1
MapStage ReduceStage ata
# 392
2 392 1294
MapStage 9 0.0264 0.0607 0.0002 0.0000 0.0003 0.0000 7
ReduceStage 29 0.0071 0.0605 0.0000 0.0000 0.0000 0.0000 1
1
MapStage ReduceStage ata
# 393
2 393 1294
MapStage 8 0.0252 0.0602 0.0002 0.0000 0.0003 0.0000 7
ReduceStage 33 0.0065 0.0627 0.0000 0.0000 0.0000 0.0000 1
1
MapStage ReduceStage ata
# 394
1 394 1298
MapStage 6 0.0322 0.0735 0.0026 0.0001 0.0033 0.0002 1
0
# 395
1 395 1303
MapStage 12 0.0526 0.0627 0.0089 0.0005 0.0114 0.0007 1
0
# 396
1 396 1306
MapStage 16 0.0665 0.0755 0.0116 0.0004 0.0149 0.0006 1
0
# 397
1 397 1307
MapStage 2 0.0184 0.0427 0.0000 0.0000 0.0000 0.0000 2
0
# 398
2 398 1325
MapStage 11 0.0213 0.0595 0.0001 0.0000 0.0002 0.0000 6
ReduceStage 35 0.0061 0.0609 0.0000 0.0000 0.0000 0.0000 1
1
MapStage ReduceStage ata
# 399
1 399 1326
MapStage 9 0.0141 0.0595 0.0001 0.0001 0.0001 0.0001 8
0
# 400
2 400 1330
MapStage 58 0.0582 0.0609 0.0042 0.0000 0.0054 0.0001 129
ReduceStage 185 0.0216 0.0630 0.0026 0.0000 0.0030 0.0030 1
1
MapStage ReduceStage ata
