# 0
1 0 0
MapStage 513 0.0796 0.0744 0.0040 0.0000 0.0210 0.0172 929
0
# 1
1 1 0
MapStage 189 0.0547 0.0603 0.0080 0.0000 0.0102 0.0000 1214
0
# 2
1 2 0
MapStage 997 0.0228 0.0628 0.0020 0.0026 0.0026 0.0033 133
0
# 3
1 3 0
MapStage 329 0.0593 0.0603 0.0077 0.0000 0.0099 0.0000 754
0
# 4
1 4 0
MapStage 480 0.0795 0.0745 0.0043 0.0000 0.0214 0.0201 895
0
# 5
1 5 0
MapStage 1003 0.0227 0.0630 0.0020 0.0026 0.0026 0.0033 26
0
# 6
1 6 0
MapStage 545 0.0741 0.0743 0.0038 0.0000 0.0195 0.0183 710
0
# 7
1 7 0
MapStage 926 0.0245 0.0625 0.0022 0.0028 0.0028 0.0036 171
0
# 8
2 8 0
MapStage 206 0.0216 0.0625 0.0093 0.0000 0.0119 0.0000 8
ReduceStage 208 0.0039 0.0632 0.0001 0.0000 0.0000 0.0000 92
1
MapStage ReduceStage ata
# 9
1 9 0
MapStage 564 0.0754 0.0743 0.0036 0.0000 0.0195 0.0161 772
0
# 10
1 10 0
MapStage 189 0.0367 0.0605 0.0116 0.0000 0.0148 0.0003 325
0
# 11
2 11 0
MapStage 203 0.0229 0.0621 0.0095 0.0000 0.0122 0.0000 16
ReduceStage 326 0.0024 0.0641 0.0000 0.0000 0.0000 0.0000 86
1
MapStage ReduceStage ata
# 12
1 12 0
MapStage 967 0.0231 0.0628 0.0021 0.0027 0.0027 0.0034 103
0
# 13
2 13 0
MapStage 148 0.0352 0.0626 0.0143 0.0000 0.0183 0.0000 62
ReduceStage 220 0.0034 0.0638 0.0000 0.0000 0.0000 0.0000 100
1
MapStage ReduceStage ata
# 14
1 14 0
MapStage 918 0.0249 0.0625 0.0022 0.0028 0.0028 0.0036 162
0
# 15
1 15 0
MapStage 929 0.0242 0.0623 0.0022 0.0028 0.0028 0.0036 139
0
# 16
2 16 0
MapStage 195 0.0232 0.0612 0.0099 0.0000 0.0127 0.0000 15
ReduceStage 219 0.0033 0.0636 0.0000 0.0000 0.0000 0.0000 91
1
MapStage ReduceStage ata
# 17
1 17 0
MapStage 926 0.0244 0.0624 0.0022 0.0028 0.0028 0.0036 140
0
# 18
2 18 1
MapStage 208 0.0234 0.0617 0.0097 0.0000 0.0124 0.0000 161
ReduceStage 331 0.0026 0.0638 0.0000 0.0000 0.0000 0.0000 92
1
MapStage ReduceStage ata
# 19
1 19 1
MapStage 926 0.0247 0.0625 0.0022 0.0028 0.0028 0.0036 159
0
# 20
1 20 1
MapStage 921 0.0244 0.0624 0.0022 0.0028 0.0028 0.0036 158
0
# 21
1 21 1
MapStage 956 0.0231 0.0620 0.0021 0.0027 0.0027 0.0034 93
0
# 22
1 22 1
MapStage 908 0.0243 0.0625 0.0022 0.0029 0.0028 0.0037 156
0
# 23
1 23 1
MapStage 275 0.0700 0.0609 0.0071 0.0000 0.0248 0.0185 351
0
# 24
1 24 1
MapStage 973 0.0231 0.0627 0.0021 0.0026 0.0026 0.0034 109
0
# 25
1 25 2
MapStage 1007 0.0229 0.0623 0.0020 0.0026 0.0026 0.0033 7
0
# 26
1 26 3
MapStage 917 0.0240 0.0624 0.0022 0.0029 0.0028 0.0037 158
0
# 27
1 27 3
MapStage 913 0.0244 0.0626 0.0022 0.0029 0.0028 0.0037 168
0
# 28
# 29
1 29 3
MapStage 928 0.0238 0.0626 0.0022 0.0028 0.0028 0.0036 155
0
# 30
1 30 4
MapStage 277 0.0304 0.0592 0.0020 0.0016 0.0026 0.0020 1
0
# 31
1 31 4
MapStage 1016 0.0235 0.0626 0.0020 0.0025 0.0025 0.0033 2
0
# 32
1 32 5
MapStage 971 0.0222 0.0651 0.0021 0.0027 0.0026 0.0034 1
0
# 33
1 33 5
MapStage 920 0.0244 0.0624 0.0022 0.0028 0.0028 0.0035 144
0
# 34
1 34 5
MapStage 929 0.0246 0.0626 0.0022 0.0028 0.0028 0.0036 115
0
# 35
1 35 6
MapStage 934 0.0252 0.0626 0.0022 0.0028 0.0028 0.0036 160
0
# 36
2 36 19
MapStage 4 0.0123 0.0417 0.0000 0.0000 0.0000 0.0000 1
ReduceStage 21 0.0039 0.0443 0.0000 0.0000 0.0000 0.0000 1
1
MapStage ReduceStage ata
# 37
# 38
1 38 57
MapStage 386 0.0269 0.0477 0.1657 0.1657 0.2121 0.2121 1
0
# 39
1 39 32
ReduceStage 193 0.0032 0.0639 0.0000 0.0000 0.0000 0.0000 75
0
# 40
1 40 36
MapStage 122 0.0018 0.0615 0.0001 0.0006 0.0001 0.0008 1
0
# 41
1 41 45
ReduceStage 284 0.0076 0.0622 0.0007 0.0004 0.0009 0.0014 300
0
# 42
1 42 50
ReduceStage 216 0.0033 0.0638 0.0001 0.0000 0.0000 0.0000 98
0
# 43
1 43 51
MapStage 262 0.0569 0.0732 0.0077 0.0000 0.0161 0.0076 1
0
# 44
1 44 60
MapStage 152 0.0048 0.0596 0.0007 0.0007 0.0009 0.0009 1
0
# 45
1 45 86
MapStage 105 0.0020 0.0617 0.0003 0.0000 0.0004 0.0000 1
0
# 46
1 46 117
ReduceStage 167 0.0036 0.0631 0.0000 0.0000 0.0000 0.0000 15
0
# 47
1 47 151
MapStage 407 0.0644 0.0604 0.0054 0.0000 0.0317 0.0201 65
0
# 48
1 48 160
MapStage 75 0.0002 0.0612 0.0000 0.0000 0.0000 0.0000 1
0
# 49
# 50
1 50 169
ReduceStage 661 0.0050 0.0607 0.0006 0.0002 0.0004 0.0007 1
0
