# 8
2 8 0
MapStage 206 0.0216 0.0625 0.0093 0.0000 0.0119 0.0000 8
ReduceStage 208 0.0039 0.0632 0.0001 0.0000 0.0000 0.0000 92
1
MapStage ReduceStage ata
# 11
2 11 0
MapStage 203 0.0229 0.0621 0.0095 0.0000 0.0122 0.0000 16
ReduceStage 326 0.0024 0.0641 0.0000 0.0000 0.0000 0.0000 86
1
MapStage ReduceStage ata
# 13
2 13 9
MapStage 148 0.0352 0.0626 0.0143 0.0000 0.0183 0.0000 62
ReduceStage 220 0.0034 0.0638 0.0000 0.0000 0.0000 0.0000 100
1
MapStage ReduceStage ata
# 16
2 16 10
MapStage 195 0.0232 0.0612 0.0099 0.0000 0.0127 0.0000 15
ReduceStage 219 0.0033 0.0636 0.0000 0.0000 0.0000 0.0000 91
1
MapStage ReduceStage ata
# 18
2 18 11
MapStage 208 0.0234 0.0617 0.0097 0.0000 0.0124 0.0000 161
ReduceStage 331 0.0026 0.0638 0.0000 0.0000 0.0000 0.0000 92
1
MapStage ReduceStage ata