0
0
0
0
0
0
0
0
0
0
0
0
0
0
0
0
0
0
1
1
1
1
1
1
1
2
3
3
3
4
4
5
5
5
6
19
57
32
36
45
50
51
60
86
117
151
160
256
169
174
175
181
188
190
221
237
237
245
257
266
295
302
304
305
314
312
316
319
319
323
324
328
332
330
343
334
335
337
344
347
347
350
353
354
356
361
362
367
364
366
371
368
375
372
378
379
383
383
386
397
420
389
399
402
408
419
421
423
425
457
457
465
465
475
480
482
492
497
509
510
514
512
511
515
517
518
519
529
522
524
527
555
527
574
532
533
558
542
570
546
576
579
581
576
564
573
584
591
583
609
614
649
650
662
658
682
664
693
714
720
723
738
741
774
813
833
848
856
870
875
875
881
886
886
892
894
898
909
911
913
916
921
924
934
935
943
954
963
968
969
1021
977
979
982
988
990
993
996
997
998
1000
1004
1005
1006
1006
1009
1009
1011
1012
1014
1015
1017
1017
1017
1021
1021
1021
1023
1022
1026
1025
1029
1029
1030
1032
1031
1033
1034
1035
1037
1037
1038
1039
1042
1042
1047
1045
1049
1050
1053
1052
1052
1053
1053
1053
1053
1055
1060
1061
1065
1067
1067
1067
1068
1068
1068
1070
1070
1072
1073
1073
1073
1074
1074
1074
1116
1074
1075
1077
1076
1076
1076
1077
1078
1078
1078
1079
1079
1082
1081
1083
1088
1083
1084
1085
1084
1085
1085
1092
1088
1091
1092
1094
1095
1096
1098
1108
1111
1111
1113
1113
1113
1113
1114
1114
1114
1115
1115
1115
1116
1126
1127
1129
1131
1133
1133
1140
1144
1147
1158
1158
1158
1158
1159
1159
1159
1160
1166
1166
1167
1167
1168
1168
1169
1169
1170
1177
1179
1186
1187
1192
1200
1207
1210
1217
1217
1224
1229
1233
1239
1243
1243
1244
1244
1245
1246
1247
1248
1248
1248
1248
1248
1249
1249
1250
1250
1251
1251
1254
1254
1261
1262
1263
1268
1284
1286
1286
1287
1287
1288
1290
1290
1290
1291
1291
1291
1291
1292
1292
1292
1294
1294
1298
1303
1306
1307
1325
1326
1330
